110   45    0.06483    0.01728
115   45    0.06483    0.01728
118   64    0.06473    0.01740
120   84    0.06473    0.01724
122   74    0.06699    0.02051
124   65    0.07455    0.02730
126   54    0.08141    0.03675
128   46    0.08930    0.04665
130   36    0.11453    0.04984
135   45    0.11088    0.05109
140   47    0.11752    0.05108
150   71    0.06643    0.02149
160   27    0.15575    0.04270
170   30    0.16953    0.05366
180   38    0.19069    0.06187
190   76    0.16427    0.04356
200   109    0.13427    0.04720
250   137    0.09438    0.04886
300   104    0.10600    0.04096
350   71    0.08533    0.02548
400   42    0.15493    0.05657
450   16    0.25986    0.10542
500   9    0.43827    0.26599
550   5    0.33382    0.26992
600   3    0.24837    0.24837
