110   43    0.13368    0.15945
115   43    0.13368    0.15945
118   55    0.12529    0.14948
120   64    0.11650    0.13903
122   52    0.15840    0.18488
124   46    0.23327    0.20309
126   38    0.27724    0.21064
128   28    0.27940    0.22563
130   25    0.49194    0.28637
135   27    0.54083    0.31115
140   29    0.51856    0.29190
150   34    0.38774    0.39043
160   10    0.34034    0.32744
170   9    0.42803    0.36786
180   13    0.17417    0.19892
190   34    0.16438    0.08249
200   45    0.05965    0.08249
250   75    0.00401    0.00790
300   50    0.01435    0.03868
350   35    0.17004    0.09914
400   22    0.01000    0.01000
450   9    0.01000    0.01000
500   8    0.01000    0.01000
550   7    0.01000    0.01000
600   6    0.01000    0.01000
