110   484    0.00142    0.00013
115   484    0.00142    0.00013
118   484    0.00214    0.00020
120   484    0.00281    0.00026
122   484    0.00312    0.00029
124   484    0.00336    0.00031
126   484    0.00404    0.00037
128   484    0.00455    0.00042
130   484    0.00499    0.00046
135   484    0.00562    0.00051
140   484    0.00593    0.00054
150   484    0.00704    0.00064
160   484    0.00649    0.00059
170   484    0.00650    0.00059
180   484    0.00839    0.00077
190   484    0.01174    0.00108
200   484    0.01170    0.00107
250   484    0.00768    0.00070
300   484    0.00563    0.00052
350   484    0.00501    0.00046
400   484    0.00438    0.00040
450   484    0.00292    0.00027
500   484    0.00241    0.00022
550   484    0.00173    0.00016
600   484    0.00143    0.00013
