110   484    0.00356    0.00032
115   484    0.00356    0.00032
118   484    0.00448    0.00041
120   484    0.00570    0.00052
122   484    0.00622    0.00057
124   484    0.00689    0.00063
126   484    0.00740    0.00068
128   484    0.00789    0.00072
130   484    0.00838    0.00077
135   484    0.00904    0.00083
140   484    0.00902    0.00083
150   484    0.00978    0.00089
160   484    0.00931    0.00085
170   484    0.00863    0.00079
180   484    0.01070    0.00098
190   484    0.01420    0.00130
200   484    0.01525    0.00139
250   484    0.01179    0.00108
300   484    0.00889    0.00081
350   484    0.00727    0.00066
400   484    0.00579    0.00053
450   484    0.00361    0.00033
500   484    0.00294    0.00027
550   484    0.00264    0.00024
600   484    0.00187    0.00017
