110   360    0.00069    0.00017
115   360    0.00069    0.00017
118   360    0.00105    0.00025
120   360    0.00133    0.00032
122   360    0.00151    0.00036
124   360    0.00176    0.00042
126   360    0.00196    0.00047
128   360    0.00209    0.00050
130   360    0.00229    0.00055
135   360    0.00273    0.00065
140   360    0.00290    0.00069
150   360    0.00333    0.00080
160   360    0.00321    0.00077
170   360    0.00297    0.00071
180   360    0.00390    0.00094
190   360    0.00570    0.00136
200   360    0.00569    0.00136
250   360    0.00434    0.00104
300   360    0.00388    0.00093
350   360    0.00323    0.00077
400   360    0.00275    0.00066
450   360    0.00185    0.00044
500   360    0.00144    0.00034
550   360    0.00126    0.00030
600   360    0.00111    0.00026
