110   360    0.00192    0.00046
115   360    0.00192    0.00046
118   360    0.00228    0.00055
120   360    0.00288    0.00069
122   360    0.00301    0.00072
124   360    0.00317    0.00076
126   360    0.00341    0.00081
128   360    0.00371    0.00089
130   360    0.00395    0.00094
135   360    0.00409    0.00098
140   360    0.00384    0.00092
150   360    0.00461    0.00110
160   360    0.00433    0.00104
170   360    0.00389    0.00093
180   360    0.00477    0.00114
190   360    0.00710    0.00170
200   360    0.00773    0.00185
250   360    0.00827    0.00198
300   360    0.00666    0.00159
350   360    0.00546    0.00131
400   360    0.00475    0.00113
450   360    0.00311    0.00074
500   360    0.00227    0.00054
550   360    0.00184    0.00044
600   360    0.00145    0.00035
