110   193.00000    0.00494    0.00128
115   193.00000    0.00494    0.00128
118   193.00000    0.00668    0.00159
120   193.00000    0.00930    0.00203
122   193.00000    0.01017    0.00217
124   193.00000    0.01188    0.00246
126   193.00000    0.01245    0.00255
128   193.00000    0.01452    0.00289
130   193.00000    0.01618    0.00315
135   193.00000    0.01901    0.00361
140   193.00000    0.01989    0.00375
150   193.00000    0.03248    0.00574
160   193.00000    0.02707    0.00489
170   193.00000    0.02704    0.00488
180   193.00000    0.03220    0.00570
190   193.00000    0.04596    0.00787
200   193.00000    0.05014    0.00854
250   193.00000    0.06631    0.01108
300   193.00000    0.08497    0.01401
350   193.00000    0.08502    0.01402
400   193.00000    0.07321    0.01217
450   193.00000    0.04592    0.00787
500   193.00000    0.03703    0.00646
550   193.00000    0.02544    0.00462
600   193.00000    0.01937    0.00367
