110   794.00000    0.01050    0.00075
115   794.00000    0.01050    0.00075
118   794.00000    0.01256    0.00085
120   794.00000    0.01515    0.00098
122   794.00000    0.01635    0.00105
124   794.00000    0.01804    0.00113
126   794.00000    0.01941    0.00119
128   794.00000    0.02142    0.00128
130   794.00000    0.02235    0.00133
135   794.00000    0.02324    0.00137
140   794.00000    0.02299    0.00136
150   794.00000    0.02339    0.00138
160   794.00000    0.02053    0.00125
170   794.00000    0.01767    0.00111
180   794.00000    0.02166    0.00130
190   794.00000    0.03736    0.00204
200   794.00000    0.04488    0.00239
250   794.00000    0.06938    0.00354
300   794.00000    0.06817    0.00348
350   794.00000    0.05903    0.00305
400   794.00000    0.04787    0.00253
450   794.00000    0.02920    0.00165
500   794.00000    0.02228    0.00132
550   794.00000    0.01677    0.00106
600   794.00000    0.01289    0.00087
