110   794.00000    0.00361    0.00037
115   794.00000    0.00361    0.00037
118   794.00000    0.00471    0.00043
120   794.00000    0.00652    0.00053
122   794.00000    0.00715    0.00057
124   794.00000    0.00757    0.00059
126   794.00000    0.00835    0.00063
128   794.00000    0.00918    0.00067
130   794.00000    0.00992    0.00072
135   794.00000    0.01100    0.00076
140   794.00000    0.01207    0.00082
150   794.00000    0.01505    0.00097
160   794.00000    0.01458    0.00094
170   794.00000    0.01397    0.00091
180   794.00000    0.01798    0.00111
190   794.00000    0.02904    0.00162
200   794.00000    0.02995    0.00166
250   794.00000    0.03616    0.00195
300   794.00000    0.03713    0.00199
350   794.00000    0.03370    0.00184
400   794.00000    0.02847    0.00160
450   794.00000    0.01652    0.00104
500   794.00000    0.01281    0.00085
550   794.00000    0.00956    0.00070
600   794.00000    0.00652    0.00054
