110   360    0.03430    0.00821
115   360    0.03430    0.00821
118   360    0.04220    0.01009
120   360    0.04880    0.01166
122   360    0.05240    0.01254
124   360    0.05610    0.01343
126   360    0.05970    0.01427
128   360    0.06330    0.01513
130   360    0.06700    0.01604
135   360    0.06890    0.01648
140   360    0.06770    0.01619
150   360    0.06310    0.01508
160   360    0.05130    0.01225
170   360    0.03890    0.00931
180   360    0.04450    0.01064
190   360    0.07660    0.01832
200   360    0.09000    0.02160
250   360    0.11940    0.02850
300   360    0.11540    0.02760
350   360    0.10520    0.02520
400   360    0.08970    0.02150
450   360    0.05810    0.01389
500   360    0.04670    0.01118
550   360    0.03800    0.00910
600   360    0.03080    0.00738
