110   360    0.01413    0.00338
115   360    0.01413    0.00338
118   360    0.01727    0.00413
120   360    0.02204    0.00528
122   360    0.02426    0.00581
124   360    0.02602    0.00623
126   360    0.02870    0.00685
128   360    0.03140    0.00751
130   360    0.03370    0.00806
135   360    0.03800    0.00908
140   360    0.04060    0.00970
150   360    0.04070    0.00972
160   360    0.03470    0.00831
170   360    0.03030    0.00726
180   360    0.03780    0.00905
190   360    0.05910    0.01412
200   360    0.06100    0.01458
250   360    0.06850    0.01638
300   360    0.06450    0.01542
350   360    0.05960    0.01427
400   360    0.04960    0.01186
450   360    0.03240    0.00775
500   360    0.02620    0.00628
550   360    0.02095    0.00502
600   360    0.01603    0.00384
