110   484    0.08540    0.00781
115   484    0.08540    0.00781
118   484    0.10770    0.00985
120   484    0.12720    0.01163
122   484    0.13650    0.01248
124   484    0.14570    0.01332
126   484    0.15400    0.01409
128   484    0.16360    0.01496
130   484    0.17140    0.01567
135   484    0.17630    0.01612
140   484    0.17030    0.01557
150   484    0.12700    0.01161
160   484    0.08480    0.00775
170   484    0.06440    0.00589
180   484    0.07440    0.00681
190   484    0.12230    0.01119
200   484    0.13540    0.01238
250   484    0.14200    0.01299
300   484    0.11650    0.01066
350   484    0.09600    0.00879
400   484    0.07660    0.00700
450   484    0.04530    0.00415
500   484    0.03450    0.00316
550   484    0.02690    0.00246
600   484    0.02217    0.00203
