110   484    0.04510    0.00413
115   484    0.04510    0.00413
118   484    0.05740    0.00524
120   484    0.07160    0.00654
122   484    0.07900    0.00723
124   484    0.08620    0.00789
126   484    0.09360    0.00856
128   484    0.10170    0.00930
130   484    0.10900    0.00997
135   484    0.11810    0.01080
140   484    0.12450    0.01140
150   484    0.10130    0.00927
160   484    0.07010    0.00641
170   484    0.05780    0.00529
180   484    0.06930    0.00633
190   484    0.10560    0.00965
200   484    0.10320    0.00944
250   484    0.08700    0.00796
300   484    0.08020    0.00734
350   484    0.07210    0.00660
400   484    0.05720    0.00524
450   484    0.03130    0.00286
500   484    0.02219    0.00203
550   484    0.01634    0.00149
600   484    0.01233    0.00113
