2     0     0     0     0     0     0     0
6     8.48365e-06     3.07218e-08     3.07218e-08     3.07218e-08     3.15948e-08     3.2075e-08     3.12725e-08
10     8.48365e-06     1.72865e-08     1.72865e-08     1.72865e-08     1.77778e-08     1.8048e-08     1.75964e-08
14     8.48365e-06     8.45055e-09     8.45055e-09     8.45055e-09     8.69069e-09     8.82279e-09     8.60203e-09
18     5.93855e-05     4.71436e-08     4.71436e-08     4.71436e-08     4.84832e-08     4.92202e-08     4.79886e-08
22     0.000118771     7.56251e-08     7.56251e-08     7.56251e-08     7.77742e-08     7.89564e-08     7.69807e-08
26     0.000118771     5.80983e-08     5.80983e-08     5.80983e-08     5.97493e-08     6.06575e-08     5.91398e-08
30     0.000169673     6.96029e-08     6.96029e-08     6.96029e-08     7.15808e-08     7.26689e-08     7.08505e-08
34     0.000229058     7.93205e-08     7.93205e-08     7.93205e-08     8.15746e-08     8.28145e-08     8.07423e-08
38     0.000246026     7.41342e-08     7.41342e-08     7.41342e-08     7.62409e-08     7.73998e-08     7.54631e-08
42     0.000262993     6.80001e-08     6.80001e-08     6.80001e-08     6.99325e-08     7.09954e-08     6.9219e-08
46     0.000262993     6.01393e-08     6.01393e-08     6.01393e-08     6.18483e-08     6.27884e-08     6.12173e-08
50     0.000313895     6.39584e-08     6.39584e-08     6.39584e-08     6.57759e-08     6.67757e-08     6.51048e-08
54     0.000407215     7.53538e-08     7.53538e-08     7.53538e-08     7.74952e-08     7.86731e-08     7.67045e-08
58     0.000347829     5.92661e-08     5.92661e-08     5.92661e-08     6.09503e-08     6.18768e-08     6.03285e-08
62     0.000449633     7.13115e-08     7.13115e-08     7.13115e-08     7.33379e-08     7.44527e-08     7.25897e-08
66     0.00053447     7.93382e-08     7.93382e-08     7.93382e-08     8.15928e-08     8.2833e-08     8.07604e-08
70     0.000593855     8.38012e-08     8.38012e-08     8.38012e-08     8.61826e-08     8.74925e-08     8.53033e-08
74     0.000517502     7.00736e-08     7.00736e-08     7.00736e-08     7.20649e-08     7.31603e-08     7.13297e-08
78     0.000525986     6.89839e-08     6.89839e-08     6.89839e-08     7.09442e-08     7.20226e-08     7.02204e-08
82     0.000746561     9.555e-08     9.555e-08     9.555e-08     9.82652e-08     9.97589e-08     9.72627e-08
86     0.000975619     1.22934e-07     1.22934e-07     1.22934e-07     1.26427e-07     1.28349e-07     1.25138e-07
90     0.000873816     1.09244e-07     1.09244e-07     1.09244e-07     1.12349e-07     1.14056e-07     1.11202e-07
94     0.000822914     1.02715e-07     1.02715e-07     1.02715e-07     1.05634e-07     1.0724e-07     1.04556e-07
98     0.000797463     9.99236e-08     9.99236e-08     9.99236e-08     1.02763e-07     1.04325e-07     1.01715e-07
102     0.000839881     1.06097e-07     1.06097e-07     1.06097e-07     1.09112e-07     1.10771e-07     1.07999e-07
106     0.000916234     1.17405e-07     1.17405e-07     1.17405e-07     1.20741e-07     1.22577e-07     1.19509e-07
110     0.00100107     1.31205e-07     1.31205e-07     1.31205e-07     1.34934e-07     1.36985e-07     1.33557e-07
114     0.00100107     1.35908e-07     1.35908e-07     1.35908e-07     1.3977e-07     1.41895e-07     1.38344e-07
118     0.001035     1.48157e-07     1.48157e-07     1.48157e-07     1.52367e-07     1.54683e-07     1.50813e-07
122     0.00106046     1.62529e-07     1.62529e-07     1.62529e-07     1.67147e-07     1.69688e-07     1.65442e-07
126     0.00122165     2.06285e-07     2.06285e-07     2.06285e-07     2.12147e-07     2.15371e-07     2.09982e-07
130     0.00105197     2.0306e-07     2.0306e-07     2.0306e-07     2.0883e-07     2.12004e-07     2.06699e-07
134     0.00132345     2.94868e-07     2.94868e-07     2.94868e-07     3.03247e-07     3.07856e-07     3.00153e-07
138     0.0013998     3.74309e-07     3.74309e-07     3.74309e-07     3.84946e-07     3.90797e-07     3.81019e-07
142     0.00140829     4.71113e-07     4.71113e-07     4.71113e-07     4.84501e-07     4.91865e-07     4.79558e-07
146     0.0013489     5.85024e-07     5.85024e-07     5.85024e-07     6.01649e-07     6.10794e-07     5.95511e-07
150     0.00123013     7.28746e-07     7.28746e-07     7.28746e-07     7.49455e-07     7.60847e-07     7.41809e-07
154     0.00170521     1.53986e-06     1.53986e-06     1.53986e-06     1.58362e-06     1.60769e-06     1.56746e-06
158     0.00154402     2.65062e-06     2.65062e-06     2.65062e-06     2.72594e-06     2.76738e-06     2.69813e-06
162     0.00148464     6.62772e-06     6.62772e-06     6.62772e-06     6.81607e-06     6.91967e-06     6.74653e-06
166     0.00157796     1.33133e-05     1.33133e-05     1.33133e-05     1.36916e-05     1.38997e-05     1.35519e-05
170     0.00156947     1.78349e-05     1.78349e-05     1.78349e-05     1.83418e-05     1.86206e-05     1.81546e-05
174     0.0017137     2.38977e-05     2.38977e-05     2.38977e-05     2.45768e-05     2.49504e-05     2.43261e-05
178     0.00179005     2.94669e-05     2.94669e-05     2.94669e-05     3.03043e-05     3.07649e-05     2.99951e-05
182     0.00178157     3.52172e-05     3.52172e-05     3.52172e-05     3.6218e-05     3.67685e-05     3.58485e-05
186     0.00190882     4.564e-05     4.564e-05     4.564e-05     4.6937e-05     4.76504e-05     4.64581e-05
190     0.00195124     5.43228e-05     5.43228e-05     5.43228e-05     5.58665e-05     5.67157e-05     5.52966e-05
194     0.00190882     6.01973e-05     6.01973e-05     6.01973e-05     6.19079e-05     6.28489e-05     6.12763e-05
198     0.00207849     7.24588e-05     7.24588e-05     7.24588e-05     7.45179e-05     7.56506e-05     7.37577e-05
202     0.0021803     8.31259e-05     8.31259e-05     8.31259e-05     8.54881e-05     8.67875e-05     8.46159e-05
206     0.0018664     7.71996e-05     7.71996e-05     7.71996e-05     7.93934e-05     8.06002e-05     7.85834e-05
210     0.0021294     9.52773e-05     9.52773e-05     9.52773e-05     9.81887e-05     9.97706e-05     9.71269e-05
214     0.00239239     0.000115476     0.000115476     0.000115476     0.000119264     0.000121299     0.000117897
218     0.0022821     0.000117871     0.000117871     0.000117871     0.00012173     0.000123806     0.000120337
222     0.00240087     0.000132122     0.000132122     0.000132122     0.000136495     0.000138843     0.000134919
226     0.00237542     0.000138985     0.000138985     0.000138985     0.000143619     0.000146105     0.00014195
230     0.00214636     0.000133621     0.000133621     0.000133621     0.000138104     0.000140507     0.000136491
234     0.00263841     0.000174213     0.000174213     0.000174213     0.000180113     0.000183271     0.000177993
238     0.00265538     0.000185593     0.000185593     0.000185593     0.000191934     0.000195324     0.000189658
242     0.00246874     0.000182108     0.000182108     0.000182108     0.000188367     0.00019171     0.000186122
246     0.00268083     0.000208821     0.000208821     0.000208821     0.00021609     0.000219967     0.000213487
250     0.00268083     0.00021967     0.00021967     0.00021967     0.000227377     0.000231482     0.00022462
254     0.00292686     0.000251962     0.000251962     0.000251962     0.000260891     0.000265638     0.000257702
258     0.00305411     0.000276286     0.000276286     0.000276286     0.000286171     0.000291416     0.000282646
262     0.00328317     0.000311489     0.000311489     0.000311489     0.000322745     0.000328708     0.000318738
266     0.00313047     0.000310791     0.000310791     0.000310791     0.000322142     0.000328145     0.000318107
270     0.00283354     0.00029436     0.00029436     0.00029436     0.000305245     0.000310992     0.000301381
274     0.00337649     0.000367299     0.000367299     0.000367299     0.000381026     0.000388267     0.000376159
278     0.00313047     0.000355693     0.000355693     0.000355693     0.000369195     0.000376302     0.000364416
282     0.00331711     0.000393363     0.000393363     0.000393363     0.000408434     0.000416356     0.000403107
286     0.00346981     0.000428314     0.000428314     0.000428314     0.000444957     0.000453684     0.000439085
290     0.0035292     0.000453913     0.000453913     0.000453913     0.00047178     0.00048113     0.000465487
294     0.00346133     0.000462951     0.000462951     0.000462951     0.00048148     0.000491159     0.000474966
298     0.00357162     0.000496387     0.000496387     0.000496387     0.000516567     0.000527093     0.000509482
302     0.00371584     0.000536495     0.000536495     0.000536495     0.000558714     0.000570277     0.00055093
306     0.00432666     0.000648451     0.000648451     0.000648451     0.000675884     0.000690117     0.000666297
310     0.00393641     0.000611729     0.000611729     0.000611729     0.00063778     0.00065128     0.000628685
314     0.00434363     0.000699129     0.000699129     0.000699129     0.00072969     0.00074547     0.000719054
318     0.0045642     0.000761029     0.000761029     0.000761029     0.00079503     0.000812535     0.000783226
322     0.00448785     0.000774249     0.000774249     0.000774249     0.00080974     0.000827953     0.000797453
326     0.00464055     0.000826768     0.000826768     0.000826768     0.000865673     0.000885572     0.000852242
330     0.00486113     0.000894224     0.000894224     0.000894224     0.000937017     0.000958849     0.000922275
334     0.00492051     0.000933905     0.000933905     0.000933905     0.000980306     0.00100385     0.000964395
338     0.0052938     0.00103643     0.00103643     0.00103643     0.00108948     0.00111626     0.00107136
342     0.00491203     0.000992648     0.000992648     0.000992648     0.00104539     0.00107186     0.00102746
346     0.00584523     0.001221     0.001221     0.001221     0.00128838     0.0013221     0.00126553
350     0.00525138     0.00114067     0.00114067     0.00114067     0.00120718     0.00124033     0.00118471
354     0.00555679     0.00126302     0.00126302     0.00126302     0.00134019     0.00137856     0.00131419
358     0.00584523     0.00139348     0.00139348     0.00139348     0.00148301     0.00152743     0.00145291
362     0.00625245     0.00156035     0.00156035     0.00156035     0.00166528     0.00171722     0.00163008
366     0.00636273     0.00165731     0.00165731     0.00165731     0.0017741     0.00183177     0.00173501
370     0.00678692     0.00184648     0.00184648     0.00184648     0.00198366     0.00205123     0.00193785
374     0.00717716     0.00203729     0.00203729     0.00203729     0.00219439     0.0022717     0.00214198
378     0.00763528     0.00226055     0.00226055     0.00226055     0.00244377     0.00253381     0.00238274
382     0.00693114     0.00213747     0.00213747     0.00213747     0.00231749     0.00240589     0.00225756
386     0.00783041     0.00250579     0.00250579     0.00250579     0.00272625     0.0028344     0.00265295
390     0.00806795     0.00267762     0.00267762     0.00267762     0.00292402     0.00304476     0.00284218
394     0.00856848     0.00294479     0.00294479     0.00294479     0.00322802     0.00336666     0.00313404
398     0.00899266     0.00319308     0.00319308     0.00319308     0.00351386     0.00367075     0.00340751
402     0.00918779     0.00337473     0.00337473     0.00337473     0.00372893     0.00390204     0.00361156
406     0.0095441     0.00361939     0.00361939     0.00361939     0.00401539     0.0042089     0.00388422
410     0.0103925     0.00406734     0.00406734     0.00406734     0.00453159     0.00475836     0.00437788
414     0.0106046     0.00427668     0.00427668     0.00427668     0.00478655     0.00503541     0.00461784
418     0.0117498     0.00487922     0.00487922     0.00487922     0.00548479     0.00578025     0.0052845
422     0.0115887     0.00494725     0.00494725     0.00494725     0.00558852     0.00590136     0.00537644
426     0.0123098     0.00540041     0.00540041     0.00540041     0.00612957     0.00648549     0.00588838
430     0.0123098     0.00554364     0.00554364     0.00554364     0.00632173     0.00670162     0.00606435
434     0.0137774     0.00637083     0.00637083     0.00637083     0.00730166     0.00775579     0.00699388
438     0.0141338     0.00670631     0.00670631     0.00670631     0.0077227     0.0082184     0.0073867
442     0.0151094     0.00735242     0.00735242     0.00735242     0.00850697     0.00907061     0.00812505
446     0.0156184     0.00778863     0.00778863     0.00778863     0.00905421     0.00967339     0.00863495
450     0.0166279     0.00849267     0.00849267     0.00849267     0.00992086     0.0106209     0.00944709
454     0.0183586     0.00959829     0.00959829     0.00959829     0.0112608     0.0120764     0.010709
458     0.0190543     0.010196     0.010196     0.010196     0.0120125     0.0129033     0.0114096
462     0.0213364     0.0116838     0.0116838     0.0116838     0.013815     0.0148587     0.0131082
466     0.0228465     0.0128041     0.0128041     0.0128041     0.015195     0.0163636     0.014403
470     0.0232791     0.0133502     0.0133502     0.0133502     0.0158908     0.0171307     0.01505
474     0.02568     0.0150722     0.0150722     0.0150722     0.0179865     0.0194081     0.0170222
478     0.0279366     0.0167765     0.0167765     0.0167765     0.0200499     0.0216476     0.018966
482     0.0302696     0.0186098     0.0186098     0.0186098     0.0222626     0.0240487     0.0210515
486     0.0326027     0.0205493     0.0205493     0.0205493     0.0245913     0.0265719     0.0232488
490     0.0350884     0.0226784     0.0226784     0.0226784     0.0271132     0.0292898     0.0256381
494     0.036853     0.024448     0.024448     0.024448     0.0291845     0.0315107     0.027608
498     0.0406282     0.0277021     0.0277021     0.0277021     0.0329595     0.0355427     0.0312085
502     0.0445561     0.0312812     0.0312812     0.0312812     0.0370622     0.0399053     0.0351347
506     0.0472878     0.0342558     0.0342558     0.0342558     0.0403797     0.0433972     0.0383346
510     0.0508934     0.0381358     0.0381358     0.0381358     0.0446658     0.0478926     0.0424799
514     0.0544989     0.0423652     0.0423652     0.0423652     0.0492549     0.0526712     0.0469419
518     0.059674     0.0483035     0.0483035     0.0483035     0.0556602     0.0593219     0.0531828
522     0.0631523     0.053405     0.053405     0.053405     0.0609402     0.0647042     0.0583947
526     0.0663506     0.058797     0.058797     0.058797     0.0663937     0.0702003     0.06382
530     0.0707366     0.0659222     0.0659222     0.0659222     0.0735911     0.0774454     0.0709851
534     0.071848     0.0705442     0.0705442     0.0705442     0.0778182     0.0814864     0.0753379
538     0.0742149     0.0768902     0.0768902     0.0768902     0.083751     0.0872269     0.0814007
542     0.075233     0.0822715     0.0822715     0.0822715     0.0884451     0.0915955     0.0863157
546     0.0744185     0.0857205     0.0857205     0.0857205     0.0909296     0.093618     0.0891144
550     0.0714832     0.086392     0.086392     0.086392     0.0904128     0.092525     0.088989
554     0.0692096     0.0873149     0.0873149     0.0873149     0.0901396     0.0913969     0.0893779
558     0.0673771     0.0880572     0.0880572     0.0880572     0.0896703     0.0906133     0.0890408
562     0.0621766     0.0835106     0.0835106     0.0835106     0.0839126     0.0842557     0.0836898
566     0.0572901     0.0784594     0.0784594     0.0784594     0.0778056     0.0776211     0.0779398
570     0.0533706     0.0741336     0.0741336     0.0741336     0.0725671     0.0719261     0.0730105
574     0.0484925     0.068095     0.068095     0.068095     0.0658293     0.0648344     0.0665123
578     0.0450651     0.0637708     0.0637708     0.0637708     0.0609049     0.0596082     0.0617926
582     0.0405264     0.0575907     0.0575907     0.0575907     0.0543559     0.0528669     0.0553736
586     0.0368275     0.0524356     0.0524356     0.0524356     0.0489294     0.0472966     0.0500441
590     0.0336801     0.0480566     0.0480566     0.0480566     0.0443519     0.0426118     0.0455389
594     0.030363     0.0434831     0.0434831     0.0434831     0.0397121     0.0379288     0.0409277
598     0.0277755     0.0399255     0.0399255     0.0399255     0.0361025     0.0342841     0.037341
602     0.0244668     0.035228     0.035228     0.035228     0.0315384     0.0297737     0.0327393
606     0.0228465     0.0328881     0.0328881     0.0328881     0.0291759     0.0273918     0.0303891
610     0.0203608     0.029322     0.029322     0.029322     0.0257835     0.0240762     0.0269437
614     0.0183925     0.0265593     0.0265593     0.0265593     0.0231593     0.0215148     0.0242767
618     0.0173151     0.0251141     0.0251141     0.0251141     0.0217182     0.0200728     0.0228362
622     0.0157032     0.0228851     0.0228851     0.0228851     0.0196363     0.0180596     0.0207076
626     0.0141507     0.0207154     0.0207154     0.0207154     0.0176501     0.0161596     0.0186628
630     0.0134635     0.0197963     0.0197963     0.0197963     0.0167403     0.0152511     0.0177519
634     0.0128612     0.0189948     0.0189948     0.0189948     0.0159596     0.0144777     0.016966
638     0.0118517     0.0175943     0.0175943     0.0175943     0.0146843     0.0132607     0.015651
642     0.0113681     0.0169869     0.0169869     0.0169869     0.014091     0.0126708     0.0150548
646     0.00963742     0.0145162     0.0145162     0.0145162     0.0119668     0.0107136     0.012817
650     0.00935746     0.0142145     0.0142145     0.0142145     0.011647     0.0103827     0.0125047
654     0.00860242     0.0131758     0.0131758     0.0131758     0.0107394     0.00953897     0.0115539
658     0.00813582     0.0125567     0.0125567     0.0125567     0.0101762     0.00900275     0.0109726
662     0.00755044     0.0117488     0.0117488     0.0117488     0.00946806     0.0083419     0.0102321
666     0.00697356     0.0109389     0.0109389     0.0109389     0.00877084     0.00769756     0.00949857
670     0.00650696     0.0102896     0.0102896     0.0102896     0.00821464     0.00718515     0.00891241
674     0.00602339     0.00960178     0.00960178     0.00960178     0.00762831     0.00664766     0.00829285
678     0.00531925     0.00854639     0.00854639     0.00854639     0.00675898     0.00587006     0.00736148
682     0.00551437     0.00892651     0.00892651     0.00892651     0.00703193     0.00608905     0.00767099
686     0.00491203     0.00801151     0.00801151     0.00801151     0.00628128     0.00541942     0.00686545
690     0.00481871     0.00792445     0.00792445     0.00792445     0.00618439     0.00531611     0.00677272
694     0.0045133     0.00749219     0.00749219     0.00749219     0.00582155     0.00498592     0.00638747
698     0.00393641     0.00659936     0.00659936     0.00659936     0.00510795     0.00436007     0.00561416
702     0.00387703     0.00655988     0.00655988     0.00655988     0.00506093     0.00430783     0.00557048
706     0.00407215     0.00695187     0.00695187     0.00695187     0.00534405     0.00453523     0.00589121
710     0.00355465     0.00612902     0.00612902     0.00612902     0.0046885     0.00396313     0.00517919
714     0.0032153     0.00560388     0.00560388     0.00560388     0.00427318     0.0036025     0.00472687
718     0.00328317     0.00578446     0.00578446     0.00578446     0.00439327     0.0036911     0.00486814
722     0.00315592     0.00561321     0.00561321     0.00561321     0.00424438     0.00355207     0.0047124
726     0.00267235     0.00479453     0.00479453     0.00479453     0.00361259     0.00301323     0.00401751
730     0.00287596     0.00520179     0.00520179     0.00520179     0.00391093     0.00325491     0.00435388
734     0.00278264     0.00507879     0.00507879     0.00507879     0.00380327     0.00315421     0.00424149
738     0.00257903     0.00475554     0.00475554     0.00475554     0.00354889     0.00293406     0.00396386
742     0.00234997     0.00438115     0.00438115     0.00438115     0.00325624     0.00268219     0.00364368
746     0.002333     0.00439742     0.00439742     0.00439742     0.00325989     0.00267811     0.00365229
750     0.00210394     0.00400946     0.00400946     0.00400946     0.00296167     0.00242468     0.00332371
754     0.0022821     0.00438952     0.00438952     0.00438952     0.00323059     0.00263599     0.0036315
758     0.00187489     0.00363635     0.00363635     0.00363635     0.0026707     0.00217465     0.00300503
762     0.00195972     0.00383734     0.00383734     0.00383734     0.00280779     0.00227805     0.00316467
766     0.00187489     0.00370643     0.00370643     0.00370643     0.00270614     0.00219051     0.00305341
770     0.00168825     0.00337365     0.00337365     0.00337365     0.00245241     0.00197654     0.00277274
774     0.00157796     0.00318968     0.00318968     0.00318968     0.00231006     0.00185484     0.00261635
778     0.00168825     0.00344995     0.00344995     0.00344995     0.00249255     0.0019962     0.00282641
782     0.00147615     0.00304616     0.00304616     0.00304616     0.00219469     0.00175233     0.00249212
786     0.00157796     0.00328638     0.00328638     0.00328638     0.0023588     0.00187563     0.00268344
790     0.001298     0.00272838     0.00272838     0.00272838     0.00195133     0.00154562     0.00222376
794     0.0014507     0.00307869     0.00307869     0.00307869     0.00219788     0.0017372     0.00250709
798     0.00115378     0.00247287     0.00247287     0.00247287     0.00175984     0.00138644     0.00201042
802     0.001298     0.00281099     0.00281099     0.00281099     0.00199627     0.00156898     0.00228296
806     0.00116226     0.00254453     0.00254453     0.00254453     0.00180067     0.00140968     0.00206281
810     0.00112832     0.00249671     0.00249671     0.00249671     0.00176168     0.00137437     0.00202115
814     0.00108591     0.00242806     0.00242806     0.00242806     0.00170769     0.00132717     0.00196249
818     0.000941685     0.00212775     0.00212775     0.00212775     0.00149413     0.0011588     0.00171855
822     0.00120468     0.00274853     0.00274853     0.00274853     0.00192457     0.00148847     0.00221649
826     0.00090775     0.00209132     0.00209132     0.00209132     0.00145905     0.00112455     0.00168306
830     0.00100955     0.00234763     0.00234763     0.00234763     0.00163087     0.00125096     0.00188518
834     0.000933201     0.0021919     0.0021919     0.0021919     0.00151906     0.00116047     0.00175866
838     0.000890783     0.00211596     0.00211596     0.00211596     0.00146355     0.00111348     0.00169692
842     0.000805946     0.00193464     0.00193464     0.00193464     0.00133277     0.0010091     0.00154843
846     0.000865332     0.00209686     0.00209686     0.00209686     0.00144081     0.00108852     0.00167571
850     0.000755045     0.0018488     0.0018488     0.0018488     0.00126866     0.000957476     0.0014763
854     0.00053447     0.00132274     0.00132274     0.00132274     0.000903611     0.000678204     0.00105391
858     0.000619306     0.001548     0.001548     0.001548     0.00105722     0.000792123     0.00123373
862     0.000670208     0.00169362     0.00169362     0.00169362     0.00114963     0.000854472     0.00134588
866     0.00062779     0.00160274     0.00160274     0.00160274     0.00108664     0.000805755     0.00127323
870     0.000695659     0.00179217     0.00179217     0.00179217     0.00121052     0.000893163     0.00142117
874     0.000644757     0.00167699     0.00167699     0.00167699     0.00113095     0.000832241     0.00132907
878     0.000636273     0.0016703     0.0016703     0.0016703     0.00112574     0.000827157     0.00132365
882     0.000542953     0.00143965     0.00143965     0.00143965     0.000964281     0.000703344     0.00113721
886     0.000542953     0.00145412     0.00145412     0.00145412     0.000971853     0.000706953     0.0011474
890     0.000525986     0.00142205     0.00142205     0.00142205     0.000948721     0.000688082     0.00112133
894     0.000568404     0.00155398     0.00155398     0.00155398     0.00103095     0.0007413     0.00122238
898     0.000466601     0.00128849     0.00128849     0.00128849     0.000855492     0.000614325     0.00101457
902     0.000559921     0.00156223     0.00156223     0.00156223     0.00103353     0.000738248     0.00122813
906     0.000381764     0.00107594     0.00107594     0.00107594     0.000710866     0.000507011     0.000845259
910     0.000458117     0.00130384     0.00130384     0.00130384     0.000858496     0.00060986     0.00102248
914     0.00053447     0.00153737     0.00153737     0.00153737     0.00100932     0.00071365     0.00120414
918     0.000458117     0.00133161     0.00133161     0.00133161     0.000869614     0.000609865     0.00104054
922     0.000330862     0.000971136     0.000971136     0.000971136     0.000633441     0.000442803     0.000758703
926     0.000542953     0.00161001     0.00161001     0.00161001     0.00104932     0.000731856     0.00125771
930     0.00044115     0.00132049     0.00132049     0.00132049     0.000856326     0.000592857     0.00102916
934     0.000407215     0.00123198     0.00123198     0.00123198     0.000795466     0.000547053     0.00095829
938     0.000398731     0.00121828     0.00121828     0.00121828     0.000785888     0.000539314     0.000947427
942     0.000381764     0.00117797     0.00117797     0.00117797     0.000757467     0.000517302     0.000914739
946     0.000415699     0.00129637     0.00129637     0.00129637     0.000832322     0.000566911     0.00100606
950     0.000262993     0.000827626     0.000827626     0.000827626     0.000530243     0.000359817     0.000641746
954     0.00037328     0.00118641     0.00118641     0.00118641     0.000757269     0.00051031     0.000918611
958     0.00037328     0.00119794     0.00119794     0.00119794     0.000760758     0.000507994     0.000925634
962     0.000229058     0.000742026     0.000742026     0.000742026     0.000471168     0.000313922     0.000573582
966     0.000356313     0.00116709     0.00116709     0.00116709     0.000738789     0.000489093     0.000901193
970     0.000330862     0.00109495     0.00109495     0.00109495     0.000692186     0.000456589     0.000845235
974     0.00027996     0.000935545     0.000935545     0.000935545     0.000590595     0.000388223     0.000721953
978     0.000305411     0.00103118     0.00103118     0.00103118     0.000648953     0.00042397     0.000794803
982     0.000305411     0.00104066     0.00104066     0.00104066     0.000653741     0.000425444     0.000801641
986     0.000339346     0.00116796     0.00116796     0.00116796     0.000731513     0.00047329     0.00089863
990     0.000246026     0.000855932     0.000855932     0.000855932     0.0005335     0.00034233     0.00065715
994     0.00027996     0.000983207     0.000983207     0.000983207     0.000612217     0.000391839     0.000754683
998     0.000271477     0.000962737     0.000962737     0.000962737     0.000597171     0.00037971     0.000737679
1002     0.000330862     0.00118671     0.00118671     0.00118671     0.00122043     0.00123898     0.00120798
1006     0.000220575     0.000799211     0.000799211     0.000799211     0.000821923     0.000834416     0.000813537
1010     0.000296928     0.00108603     0.00108603     0.00108603     0.00111689     0.00113387     0.0011055
1014     0.000203608     0.000752869     0.000752869     0.000752869     0.000774263     0.000786032     0.000766364
1018     0.000246026     0.00091854     0.00091854     0.00091854     0.000944642     0.000959001     0.000935004
1022     0.000229058     0.000864707     0.000864707     0.000864707     0.00088928     0.000902797     0.000880207
1026     0.000212091     0.000808124     0.000808124     0.000808124     0.000831089     0.000843721     0.00082261
1030     0.000161189     0.000621149     0.000621149     0.000621149     0.0006388     0.00064851     0.000632283
1034     0.000237542     0.000925418     0.000925418     0.000925418     0.000951716     0.000966182     0.000942006
1038     0.00018664     0.000733652     0.000733652     0.000733652     0.0007545     0.000765969     0.000746803
1042     0.000203608     0.000809693     0.000809693     0.000809693     0.000832702     0.000845359     0.000824207
1046     0.000178157     0.000716231     0.000716231     0.000716231     0.000736585     0.000747781     0.00072907
1050     0.000203608     0.000825885     0.000825885     0.000825885     0.000849354     0.000862264     0.000840689
1054     0.000203608     0.000834895     0.000834895     0.000834895     0.000858621     0.000871672     0.000849861
1058     0.000220575     0.000914101     0.000914101     0.000914101     0.000940077     0.000954366     0.000930486
1062     0.000254509     0.0010653     0.0010653     0.0010653     0.00109558     0.00111223     0.0010844
1066     0.000237542     0.00100537     0.00100537     0.00100537     0.00103394     0.00104965     0.00102339
1070     0.000118771     0.00050826     0.00050826     0.00050826     0.000522703     0.000530648     0.00051737
1074     0.000144222     0.00062285     0.00062285     0.00062285     0.000640549     0.000650286     0.000634014
1078     0.000118771     0.000517663     0.000517663     0.000517663     0.000532374     0.000540466     0.000526942
1082     0.000161189     0.000710947     0.000710947     0.000710947     0.00073115     0.000742263     0.00072369
1086     0.000110287     0.00049152     0.00049152     0.00049152     0.000505487     0.000513171     0.00050033
1090     0.000127255     0.000572287     0.000572287     0.000572287     0.000588549     0.000597495     0.000582545
1094     9.33201e-05     0.000424442     0.000424442     0.000424442     0.000436504     0.000443139     0.00043205
1098     0.000110287     0.000507459     0.000507459     0.000507459     0.000521879     0.000529812     0.000516555
1102     0.000101804     0.000472238     0.000472238     0.000472238     0.000485657     0.000493039     0.000480702
1106     0.000101804     0.000477617     0.000477617     0.000477617     0.00049119     0.000498656     0.000486178
1110     0.000127255     0.000603054     0.000603054     0.000603054     0.000620191     0.000629618     0.000613864
1114     0.000110287     0.000527554     0.000527554     0.000527554     0.000542546     0.000550792     0.00053701
1118     9.33201e-05     0.000451303     0.000451303     0.000451303     0.000464128     0.000471183     0.000459393
1122     0.000110287     0.000538691     0.000538691     0.000538691     0.000553999     0.00056242     0.000548347
1126     0.000161189     0.000795619     0.000795619     0.000795619     0.000818228     0.000830665     0.00080988
1130     0.000101804     0.00050751     0.00050751     0.00050751     0.000521932     0.000529865     0.000516607
1134     0.000110287     0.000554729     0.000554729     0.000554729     0.000570492     0.000579164     0.000564672
1138     0.000144222     0.000733268     0.000733268     0.000733268     0.000754105     0.000765568     0.000746412
1142     6.78692e-05     0.000348556     0.000348556     0.000348556     0.000358461     0.00036391     0.000354804
1146     5.93855e-05     0.000307798     0.000307798     0.000307798     0.000316545     0.000321356     0.000313315
1150     6.78692e-05     0.000355126     0.000355126     0.000355126     0.000365218     0.000370769     0.000361492
1154     9.33201e-05     0.000493848     0.000493848     0.000493848     0.000507882     0.000515602     0.0005027
1158     0.000135738     0.000724723     0.000724723     0.000724723     0.000745317     0.000756646     0.000737713
1162     8.48365e-05     0.000458235     0.000458235     0.000458235     0.000471257     0.00047842     0.000466449
1166     7.63528e-05     0.000415638     0.000415638     0.000415638     0.000427449     0.000433946     0.000423088
1170     0.000110287     0.000606664     0.000606664     0.000606664     0.000623903     0.000633387     0.000617538
1174     0.000118771     0.000659186     0.000659186     0.000659186     0.000677919     0.000688223     0.000671002
1178     8.48365e-05     0.000475598     0.000475598     0.000475598     0.000489113     0.000496547     0.000484123
1182     0.000110287     0.000623467     0.000623467     0.000623467     0.000641184     0.00065093     0.000634642
1186     7.63528e-05     0.000435988     0.000435988     0.000435988     0.000448378     0.000455193     0.000443803
1190     5.93855e-05     0.000343177     0.000343177     0.000343177     0.000352929     0.000358294     0.000349328
1194     9.33201e-05     0.000543787     0.000543787     0.000543787     0.000559239     0.00056774     0.000553534
1198     7.63528e-05     0.00044887     0.00044887     0.00044887     0.000461626     0.000468643     0.000456916
1202     0.000101804     0.000603661     0.000603661     0.000603661     0.000620816     0.000630252     0.000614482
1206     9.33201e-05     0.000559636     0.000559636     0.000559636     0.000575539     0.000584288     0.000569668
1210     9.33201e-05     0.000563819     0.000563819     0.000563819     0.000579841     0.000588654     0.000573925
1214     8.48365e-05     0.000517613     0.000517613     0.000517613     0.000532322     0.000540414     0.000526891
1218     8.48365e-05     0.000521975     0.000521975     0.000521975     0.000536808     0.000544968     0.000531331
1222     5.93855e-05     0.000368459     0.000368459     0.000368459     0.00037893     0.00038469     0.000375064
1226     5.09019e-05     0.000319852     0.000319852     0.000319852     0.000328941     0.000333941     0.000325585
1230     3.39346e-05     0.000214648     0.000214648     0.000214648     0.000220748     0.000224103     0.000218496
1234     5.09019e-05     0.000325258     0.000325258     0.000325258     0.000334501     0.000339586     0.000331088
1238     4.24182e-05     0.000273109     0.000273109     0.000273109     0.00028087     0.00028514     0.000278005
1242     5.93855e-05     0.000386239     0.000386239     0.000386239     0.000397215     0.000403253     0.000393162
1246     4.24182e-05     0.000278337     0.000278337     0.000278337     0.000286247     0.000290598     0.000283326
1250     3.39346e-05     0.000224306     0.000224306     0.000224306     0.00023068     0.000234186     0.000228326
1254     8.48365e-05     0.000566978     0.000566978     0.000566978     0.00058309     0.000591953     0.000577141
1258     5.09019e-05     0.000342942     0.000342942     0.000342942     0.000352688     0.000358048     0.000349089
1262     5.09019e-05     0.000345439     0.000345439     0.000345439     0.000355256     0.000360656     0.000351631
1266     7.63528e-05     0.000523507     0.000523507     0.000523507     0.000538383     0.000546567     0.000532891
1270     4.24182e-05     0.000293928     0.000293928     0.000293928     0.00030228     0.000306875     0.000299196
1274     3.39346e-05     0.000236841     0.000236841     0.000236841     0.000243571     0.000247274     0.000241086
1278     3.39346e-05     0.00023862     0.00023862     0.00023862     0.000245401     0.000249131     0.000242897
1282     2.54509e-05     0.000180246     0.000180246     0.000180246     0.000185368     0.000188186     0.000183477
1286     5.93855e-05     0.000425082     0.000425082     0.000425082     0.000437162     0.000443807     0.000432702
1290     7.63528e-05     0.000551239     0.000551239     0.000551239     0.000566904     0.000575521     0.00056112
1294     2.54509e-05     0.000185089     0.000185089     0.000185089     0.000190348     0.000193242     0.000188406
1298     4.24182e-05     0.000311343     0.000311343     0.000311343     0.00032019     0.000325057     0.000316923
1302     2.54509e-05     0.000188401     0.000188401     0.000188401     0.000193755     0.0001967     0.000191779
1306     3.39346e-05     0.000252981     0.000252981     0.000252981     0.00026017     0.000264125     0.000257516
1310     5.93855e-05     0.000447045     0.000447045     0.000447045     0.000459749     0.000466737     0.000455058
1314     8.48365e-06     6.44537e-05     6.44537e-05     6.44537e-05     6.62853e-05     6.72928e-05     6.5609e-05
1318     4.24182e-05     0.000324725     0.000324725     0.000324725     0.000333953     0.000339029     0.000330545
1322     3.39346e-05     0.000261748     0.000261748     0.000261748     0.000269186     0.000273277     0.000266439
1326     3.39346e-05     0.000263819     0.000263819     0.000263819     0.000271316     0.00027544     0.000268548
1330     4.24182e-05     0.000332259     0.000332259     0.000332259     0.000341701     0.000346895     0.000338215
1334     5.93855e-05     0.000468523     0.000468523     0.000468523     0.000481837     0.000489161     0.000476921
1338     2.54509e-05     0.00020295     0.00020295     0.00020295     0.000208717     0.00021189     0.000206588
1342     5.93855e-05     0.0004774     0.0004774     0.0004774     0.000490966     0.000498429     0.000485957
1346     5.09019e-05     0.000412398     0.000412398     0.000412398     0.000424118     0.000430564     0.000419791
1350     4.24182e-05     0.000346276     0.000346276     0.000346276     0.000356116     0.000361529     0.000352483
1354     5.93855e-05     0.000488146     0.000488146     0.000488146     0.000502018     0.000509649     0.000496896
1358     1.69673e-05     0.000140491     0.000140491     0.000140491     0.000144483     0.00014668     0.000143009
1362     3.39346e-05     0.000283413     0.000283413     0.000283413     0.000291467     0.000295897     0.000288493
1366     1.69673e-05     0.000142666     0.000142666     0.000142666     0.00014672     0.00014895     0.000145223
1370     5.09019e-05     0.000432758     0.000432758     0.000432758     0.000445056     0.00045182     0.000440515
1374     3.39346e-05     0.000290127     0.000290127     0.000290127     0.000298372     0.000302907     0.000295328
1378     4.24182e-05     0.000364904     0.000364904     0.000364904     0.000375274     0.000380978     0.000371445
1382     2.54509e-05     0.00022091     0.00022091     0.00022091     0.000227187     0.00023064     0.000224869
1386     1.69673e-05     0.000148367     0.000148367     0.000148367     0.000152583     0.000154903     0.000151027
1390     5.93855e-05     0.000522079     0.000522079     0.000522079     0.000536915     0.000545076     0.000531437
1394     8.48365e-06     7.51573e-05     7.51573e-05     7.51573e-05     7.7293e-05     7.84679e-05     7.65045e-05
1398     0     0     0     0     0     0     0
1402     0     0     0     0     0     0     0
1406     8.48365e-06     7.71149e-05     7.71149e-05     7.71149e-05     7.93063e-05     8.05117e-05     7.84971e-05
1410     2.54509e-05     0.000232444     0.000232444     0.000232444     0.000239049     0.000242683     0.00023661
1414     2.54509e-05     0.000234822     0.000234822     0.000234822     0.000241495     0.000245166     0.000239031
1418     2.54509e-05     0.00023611     0.00023611     0.00023611     0.000242819     0.00024651     0.000240342
1422     1.69673e-05     0.000158714     0.000158714     0.000158714     0.000163225     0.000165706     0.000161559
1426     2.54509e-05     0.000239669     0.000239669     0.000239669     0.000246479     0.000250226     0.000243965
1430     8.48365e-06     8.06931e-05     8.06931e-05     8.06931e-05     8.29862e-05     8.42476e-05     8.21396e-05
1434     2.54509e-05     0.000243312     0.000243312     0.000243312     0.000250226     0.00025403     0.000247674
1438     3.39346e-05     0.000326773     0.000326773     0.000326773     0.000336059     0.000341167     0.000332631
1442     3.39346e-05     0.000328668     0.000328668     0.000328668     0.000338008     0.000343145     0.000334559
1446     3.39346e-05     0.000331449     0.000331449     0.000331449     0.000340867     0.000346049     0.00033739
1450     1.69673e-05     0.000166888     0.000166888     0.000166888     0.00017163     0.000174239     0.000169879
1454     8.48365e-06     8.38842e-05     8.38842e-05     8.38842e-05     8.6268e-05     8.75793e-05     8.53879e-05
1458     2.54509e-05     0.000253488     0.000253488     0.000253488     0.000260691     0.000264654     0.000258032
1462     3.39346e-05     0.000339931     0.000339931     0.000339931     0.000349591     0.000354905     0.000346024
1466     3.39346e-05     0.000342438     0.000342438     0.000342438     0.00035217     0.000357523     0.000348577
1470     2.54509e-05     0.000258869     0.000258869     0.000258869     0.000266226     0.000270272     0.00026351
1474     8.48365e-06     8.67505e-05     8.67505e-05     8.67505e-05     8.92157e-05     9.05718e-05     8.83055e-05
1478     0     0     0     0     0     0     0
1482     0     0     0     0     0     0     0
1486     0     0     0     0     0     0     0
1490     0     0     0     0     0     0     0
1494     0     0     0     0     0     0     0
1498     0     0     0     0     0     0     0
1502     0     0     0     0     0     0     0
1506     0     0     0     0     0     0     0
1510     0     0     0     0     0     0     0
1514     0     0     0     0     0     0     0
1518     0     0     0     0     0     0     0
1522     0     0     0     0     0     0     0
1526     0     0     0     0     0     0     0
1530     0     0     0     0     0     0     0
1534     0     0     0     0     0     0     0
1538     0     0     0     0     0     0     0
1542     0     0     0     0     0     0     0
1546     0     0     0     0     0     0     0
1550     0     0     0     0     0     0     0
1554     0     0     0     0     0     0     0
1558     0     0     0     0     0     0     0
1562     0     0     0     0     0     0     0
1566     0     0     0     0     0     0     0
1570     0     0     0     0     0     0     0
1574     0     0     0     0     0     0     0
1578     0     0     0     0     0     0     0
1582     0     0     0     0     0     0     0
1586     0     0     0     0     0     0     0
1590     0     0     0     0     0     0     0
1594     0     0     0     0     0     0     0
1598     0     0     0     0     0     0     0
1602     0     0     0     0     0     0     0
1606     0     0     0     0     0     0     0
1610     0     0     0     0     0     0     0
1614     0     0     0     0     0     0     0
1618     0     0     0     0     0     0     0
1622     0     0     0     0     0     0     0
1626     0     0     0     0     0     0     0
1630     0     0     0     0     0     0     0
1634     0     0     0     0     0     0     0
1638     0     0     0     0     0     0     0
1642     0     0     0     0     0     0     0
1646     0     0     0     0     0     0     0
1650     0     0     0     0     0     0     0
1654     0     0     0     0     0     0     0
1658     0     0     0     0     0     0     0
1662     0     0     0     0     0     0     0
1666     0     0     0     0     0     0     0
1670     0     0     0     0     0     0     0
1674     0     0     0     0     0     0     0
1678     0     0     0     0     0     0     0
1682     0     0     0     0     0     0     0
1686     0     0     0     0     0     0     0
1690     0     0     0     0     0     0     0
1694     0     0     0     0     0     0     0
1698     0     0     0     0     0     0     0
1702     0     0     0     0     0     0     0
1706     0     0     0     0     0     0     0
1710     0     0     0     0     0     0     0
1714     0     0     0     0     0     0     0
1718     0     0     0     0     0     0     0
1722     0     0     0     0     0     0     0
1726     0     0     0     0     0     0     0
1730     0     0     0     0     0     0     0
1734     0     0     0     0     0     0     0
1738     0     0     0     0     0     0     0
1742     0     0     0     0     0     0     0
1746     0     0     0     0     0     0     0
1750     0     0     0     0     0     0     0
1754     0     0     0     0     0     0     0
1758     0     0     0     0     0     0     0
1762     0     0     0     0     0     0     0
1766     0     0     0     0     0     0     0
1770     0     0     0     0     0     0     0
1774     0     0     0     0     0     0     0
1778     0     0     0     0     0     0     0
1782     0     0     0     0     0     0     0
1786     0     0     0     0     0     0     0
1790     0     0     0     0     0     0     0
1794     0     0     0     0     0     0     0
1798     0     0     0     0     0     0     0
1802     0     0     0     0     0     0     0
1806     0     0     0     0     0     0     0
1810     0     0     0     0     0     0     0
1814     0     0     0     0     0     0     0
1818     0     0     0     0     0     0     0
1822     0     0     0     0     0     0     0
1826     0     0     0     0     0     0     0
1830     0     0     0     0     0     0     0
1834     0     0     0     0     0     0     0
1838     0     0     0     0     0     0     0
1842     0     0     0     0     0     0     0
1846     0     0     0     0     0     0     0
1850     0     0     0     0     0     0     0
1854     0     0     0     0     0     0     0
1858     0     0     0     0     0     0     0
1862     0     0     0     0     0     0     0
1866     0     0     0     0     0     0     0
1870     0     0     0     0     0     0     0
1874     0     0     0     0     0     0     0
1878     0     0     0     0     0     0     0
1882     0     0     0     0     0     0     0
1886     0     0     0     0     0     0     0
1890     0     0     0     0     0     0     0
1894     0     0     0     0     0     0     0
1898     0     0     0     0     0     0     0
1902     0     0     0     0     0     0     0
1906     0     0     0     0     0     0     0
1910     0     0     0     0     0     0     0
1914     0     0     0     0     0     0     0
1918     0     0     0     0     0     0     0
1922     0     0     0     0     0     0     0
1926     0     0     0     0     0     0     0
1930     0     0     0     0     0     0     0
1934     0     0     0     0     0     0     0
1938     0     0     0     0     0     0     0
1942     0     0     0     0     0     0     0
1946     0     0     0     0     0     0     0
1950     0     0     0     0     0     0     0
1954     0     0     0     0     0     0     0
1958     0     0     0     0     0     0     0
1962     0     0     0     0     0     0     0
1966     0     0     0     0     0     0     0
1970     0     0     0     0     0     0     0
1974     0     0     0     0     0     0     0
1978     0     0     0     0     0     0     0
1982     0     0     0     0     0     0     0
1986     0     0     0     0     0     0     0
1990     0     0     0     0     0     0     0
1994     0     0     0     0     0     0     0
1998     0     0     0     0     0     0     0
2002     0     0     0     0     0     0     0
2006     0     0     0     0     0     0     0
2010     0     0     0     0     0     0     0
2014     0     0     0     0     0     0     0
2018     0     0     0     0     0     0     0
2022     0     0     0     0     0     0     0
2026     0     0     0     0     0     0     0
2030     0     0     0     0     0     0     0
2034     0     0     0     0     0     0     0
2038     0     0     0     0     0     0     0
2042     0     0     0     0     0     0     0
2046     0     0     0     0     0     0     0
2050     0     0     0     0     0     0     0
2054     0     0     0     0     0     0     0
2058     0     0     0     0     0     0     0
2062     0     0     0     0     0     0     0
2066     0     0     0     0     0     0     0
2070     0     0     0     0     0     0     0
2074     0     0     0     0     0     0     0
2078     0     0     0     0     0     0     0
2082     0     0     0     0     0     0     0
2086     0     0     0     0     0     0     0
2090     0     0     0     0     0     0     0
2094     0     0     0     0     0     0     0
2098     0     0     0     0     0     0     0
2102     0     0     0     0     0     0     0
2106     0     0     0     0     0     0     0
2110     0     0     0     0     0     0     0
2114     0     0     0     0     0     0     0
2118     0     0     0     0     0     0     0
2122     0     0     0     0     0     0     0
2126     0     0     0     0     0     0     0
2130     0     0     0     0     0     0     0
2134     0     0     0     0     0     0     0
2138     0     0     0     0     0     0     0
2142     0     0     0     0     0     0     0
2146     0     0     0     0     0     0     0
2150     0     0     0     0     0     0     0
2154     0     0     0     0     0     0     0
2158     0     0     0     0     0     0     0
2162     0     0     0     0     0     0     0
2166     0     0     0     0     0     0     0
2170     0     0     0     0     0     0     0
2174     0     0     0     0     0     0     0
2178     0     0     0     0     0     0     0
2182     0     0     0     0     0     0     0
2186     0     0     0     0     0     0     0
2190     0     0     0     0     0     0     0
2194     0     0     0     0     0     0     0
2198     0     0     0     0     0     0     0
2202     0     0     0     0     0     0     0
2206     0     0     0     0     0     0     0
2210     0     0     0     0     0     0     0
2214     0     0     0     0     0     0     0
2218     0     0     0     0     0     0     0
2222     0     0     0     0     0     0     0
2226     0     0     0     0     0     0     0
2230     0     0     0     0     0     0     0
2234     0     0     0     0     0     0     0
2238     0     0     0     0     0     0     0
2242     0     0     0     0     0     0     0
2246     0     0     0     0     0     0     0
2250     0     0     0     0     0     0     0
2254     0     0     0     0     0     0     0
2258     0     0     0     0     0     0     0
2262     0     0     0     0     0     0     0
2266     0     0     0     0     0     0     0
2270     0     0     0     0     0     0     0
2274     0     0     0     0     0     0     0
2278     0     0     0     0     0     0     0
2282     0     0     0     0     0     0     0
2286     0     0     0     0     0     0     0
2290     0     0     0     0     0     0     0
2294     0     0     0     0     0     0     0
2298     0     0     0     0     0     0     0
2302     0     0     0     0     0     0     0
2306     0     0     0     0     0     0     0
2310     0     0     0     0     0     0     0
2314     0     0     0     0     0     0     0
2318     0     0     0     0     0     0     0
2322     0     0     0     0     0     0     0
2326     0     0     0     0     0     0     0
2330     0     0     0     0     0     0     0
2334     0     0     0     0     0     0     0
2338     0     0     0     0     0     0     0
2342     0     0     0     0     0     0     0
2346     0     0     0     0     0     0     0
2350     0     0     0     0     0     0     0
2354     0     0     0     0     0     0     0
2358     0     0     0     0     0     0     0
2362     0     0     0     0     0     0     0
2366     0     0     0     0     0     0     0
2370     0     0     0     0     0     0     0
2374     0     0     0     0     0     0     0
2378     0     0     0     0     0     0     0
2382     0     0     0     0     0     0     0
2386     0     0     0     0     0     0     0
2390     0     0     0     0     0     0     0
2394     0     0     0     0     0     0     0
2398     0     0     0     0     0     0     0
2402     0     0     0     0     0     0     0
2406     0     0     0     0     0     0     0
2410     0     0     0     0     0     0     0
2414     0     0     0     0     0     0     0
2418     0     0     0     0     0     0     0
2422     0     0     0     0     0     0     0
2426     0     0     0     0     0     0     0
2430     0     0     0     0     0     0     0
2434     0     0     0     0     0     0     0
2438     0     0     0     0     0     0     0
2442     0     0     0     0     0     0     0
2446     0     0     0     0     0     0     0
2450     0     0     0     0     0     0     0
2454     0     0     0     0     0     0     0
2458     0     0     0     0     0     0     0
2462     0     0     0     0     0     0     0
2466     0     0     0     0     0     0     0
2470     0     0     0     0     0     0     0
2474     0     0     0     0     0     0     0
2478     0     0     0     0     0     0     0
2482     0     0     0     0     0     0     0
2486     0     0     0     0     0     0     0
2490     0     0     0     0     0     0     0
2494     0     0     0     0     0     0     0
2498     0     0     0     0     0     0     0
2502     0     0     0     0     0     0     0
2506     0     0     0     0     0     0     0
2510     0     0     0     0     0     0     0
2514     0     0     0     0     0     0     0
2518     0     0     0     0     0     0     0
2522     0     0     0     0     0     0     0
2526     0     0     0     0     0     0     0
2530     0     0     0     0     0     0     0
2534     0     0     0     0     0     0     0
2538     0     0     0     0     0     0     0
2542     0     0     0     0     0     0     0
2546     0     0     0     0     0     0     0
2550     0     0     0     0     0     0     0
2554     0     0     0     0     0     0     0
2558     0     0     0     0     0     0     0
2562     0     0     0     0     0     0     0
2566     0     0     0     0     0     0     0
2570     0     0     0     0     0     0     0
2574     0     0     0     0     0     0     0
2578     0     0     0     0     0     0     0
2582     0     0     0     0     0     0     0
2586     0     0     0     0     0     0     0
2590     0     0     0     0     0     0     0
2594     0     0     0     0     0     0     0
2598     0     0     0     0     0     0     0
2602     0     0     0     0     0     0     0
2606     0     0     0     0     0     0     0
2610     0     0     0     0     0     0     0
2614     0     0     0     0     0     0     0
2618     0     0     0     0     0     0     0
2622     0     0     0     0     0     0     0
2626     0     0     0     0     0     0     0
2630     0     0     0     0     0     0     0
2634     0     0     0     0     0     0     0
2638     0     0     0     0     0     0     0
2642     0     0     0     0     0     0     0
2646     0     0     0     0     0     0     0
2650     0     0     0     0     0     0     0
2654     0     0     0     0     0     0     0
2658     0     0     0     0     0     0     0
2662     0     0     0     0     0     0     0
2666     0     0     0     0     0     0     0
2670     0     0     0     0     0     0     0
2674     0     0     0     0     0     0     0
2678     0     0     0     0     0     0     0
2682     0     0     0     0     0     0     0
2686     0     0     0     0     0     0     0
2690     0     0     0     0     0     0     0
2694     0     0     0     0     0     0     0
2698     0     0     0     0     0     0     0
2702     0     0     0     0     0     0     0
2706     0     0     0     0     0     0     0
2710     0     0     0     0     0     0     0
2714     0     0     0     0     0     0     0
2718     0     0     0     0     0     0     0
2722     0     0     0     0     0     0     0
2726     0     0     0     0     0     0     0
2730     0     0     0     0     0     0     0
2734     0     0     0     0     0     0     0
2738     0     0     0     0     0     0     0
2742     0     0     0     0     0     0     0
2746     0     0     0     0     0     0     0
2750     0     0     0     0     0     0     0
2754     0     0     0     0     0     0     0
2758     0     0     0     0     0     0     0
2762     0     0     0     0     0     0     0
2766     0     0     0     0     0     0     0
2770     0     0     0     0     0     0     0
2774     0     0     0     0     0     0     0
2778     0     0     0     0     0     0     0
2782     0     0     0     0     0     0     0
2786     0     0     0     0     0     0     0
2790     0     0     0     0     0     0     0
2794     0     0     0     0     0     0     0
2798     0     0     0     0     0     0     0
2802     0     0     0     0     0     0     0
2806     0     0     0     0     0     0     0
2810     0     0     0     0     0     0     0
2814     0     0     0     0     0     0     0
2818     0     0     0     0     0     0     0
2822     0     0     0     0     0     0     0
2826     0     0     0     0     0     0     0
2830     0     0     0     0     0     0     0
2834     0     0     0     0     0     0     0
2838     0     0     0     0     0     0     0
2842     0     0     0     0     0     0     0
2846     0     0     0     0     0     0     0
2850     0     0     0     0     0     0     0
2854     0     0     0     0     0     0     0
2858     0     0     0     0     0     0     0
2862     0     0     0     0     0     0     0
2866     0     0     0     0     0     0     0
2870     0     0     0     0     0     0     0
2874     0     0     0     0     0     0     0
2878     0     0     0     0     0     0     0
2882     0     0     0     0     0     0     0
2886     0     0     0     0     0     0     0
2890     0     0     0     0     0     0     0
2894     0     0     0     0     0     0     0
2898     0     0     0     0     0     0     0
2902     0     0     0     0     0     0     0
2906     0     0     0     0     0     0     0
2910     0     0     0     0     0     0     0
2914     0     0     0     0     0     0     0
2918     0     0     0     0     0     0     0
2922     0     0     0     0     0     0     0
2926     0     0     0     0     0     0     0
2930     0     0     0     0     0     0     0
2934     0     0     0     0     0     0     0
2938     0     0     0     0     0     0     0
2942     0     0     0     0     0     0     0
2946     0     0     0     0     0     0     0
2950     0     0     0     0     0     0     0
2954     0     0     0     0     0     0     0
2958     0     0     0     0     0     0     0
2962     0     0     0     0     0     0     0
2966     0     0     0     0     0     0     0
2970     0     0     0     0     0     0     0
2974     0     0     0     0     0     0     0
2978     0     0     0     0     0     0     0
2982     0     0     0     0     0     0     0
2986     0     0     0     0     0     0     0
2990     0     0     0     0     0     0     0
2994     0     0     0     0     0     0     0
2998     0     0     0     0     0     0     0
3002     0     0     0     0     0     0     0
3006     0     0     0     0     0     0     0
3010     0     0     0     0     0     0     0
3014     0     0     0     0     0     0     0
3018     0     0     0     0     0     0     0
3022     0     0     0     0     0     0     0
3026     0     0     0     0     0     0     0
3030     0     0     0     0     0     0     0
3034     0     0     0     0     0     0     0
3038     0     0     0     0     0     0     0
3042     0     0     0     0     0     0     0
3046     0     0     0     0     0     0     0
3050     0     0     0     0     0     0     0
3054     0     0     0     0     0     0     0
3058     0     0     0     0     0     0     0
3062     0     0     0     0     0     0     0
3066     0     0     0     0     0     0     0
3070     0     0     0     0     0     0     0
3074     0     0     0     0     0     0     0
3078     0     0     0     0     0     0     0
3082     0     0     0     0     0     0     0
3086     0     0     0     0     0     0     0
3090     0     0     0     0     0     0     0
3094     0     0     0     0     0     0     0
3098     0     0     0     0     0     0     0
3102     0     0     0     0     0     0     0
3106     0     0     0     0     0     0     0
3110     0     0     0     0     0     0     0
3114     0     0     0     0     0     0     0
3118     0     0     0     0     0     0     0
3122     0     0     0     0     0     0     0
3126     0     0     0     0     0     0     0
3130     0     0     0     0     0     0     0
3134     0     0     0     0     0     0     0
3138     0     0     0     0     0     0     0
3142     0     0     0     0     0     0     0
3146     0     0     0     0     0     0     0
3150     0     0     0     0     0     0     0
3154     0     0     0     0     0     0     0
3158     0     0     0     0     0     0     0
3162     0     0     0     0     0     0     0
3166     0     0     0     0     0     0     0
3170     0     0     0     0     0     0     0
3174     0     0     0     0     0     0     0
3178     0     0     0     0     0     0     0
3182     0     0     0     0     0     0     0
3186     0     0     0     0     0     0     0
3190     0     0     0     0     0     0     0
3194     0     0     0     0     0     0     0
3198     0     0     0     0     0     0     0
3202     0     0     0     0     0     0     0
3206     0     0     0     0     0     0     0
3210     0     0     0     0     0     0     0
3214     0     0     0     0     0     0     0
3218     0     0     0     0     0     0     0
3222     0     0     0     0     0     0     0
3226     0     0     0     0     0     0     0
3230     0     0     0     0     0     0     0
3234     0     0     0     0     0     0     0
3238     0     0     0     0     0     0     0
3242     0     0     0     0     0     0     0
3246     0     0     0     0     0     0     0
3250     0     0     0     0     0     0     0
3254     0     0     0     0     0     0     0
3258     0     0     0     0     0     0     0
3262     0     0     0     0     0     0     0
3266     0     0     0     0     0     0     0
3270     0     0     0     0     0     0     0
3274     0     0     0     0     0     0     0
3278     0     0     0     0     0     0     0
3282     0     0     0     0     0     0     0
3286     0     0     0     0     0     0     0
3290     0     0     0     0     0     0     0
3294     0     0     0     0     0     0     0
3298     0     0     0     0     0     0     0
3302     0     0     0     0     0     0     0
3306     0     0     0     0     0     0     0
3310     0     0     0     0     0     0     0
3314     0     0     0     0     0     0     0
3318     0     0     0     0     0     0     0
3322     0     0     0     0     0     0     0
3326     0     0     0     0     0     0     0
3330     0     0     0     0     0     0     0
3334     0     0     0     0     0     0     0
3338     0     0     0     0     0     0     0
3342     0     0     0     0     0     0     0
3346     0     0     0     0     0     0     0
3350     0     0     0     0     0     0     0
3354     0     0     0     0     0     0     0
3358     0     0     0     0     0     0     0
3362     0     0     0     0     0     0     0
3366     0     0     0     0     0     0     0
3370     0     0     0     0     0     0     0
3374     0     0     0     0     0     0     0
3378     0     0     0     0     0     0     0
3382     0     0     0     0     0     0     0
3386     0     0     0     0     0     0     0
3390     0     0     0     0     0     0     0
3394     0     0     0     0     0     0     0
3398     0     0     0     0     0     0     0
3402     0     0     0     0     0     0     0
3406     0     0     0     0     0     0     0
3410     0     0     0     0     0     0     0
3414     0     0     0     0     0     0     0
3418     0     0     0     0     0     0     0
3422     0     0     0     0     0     0     0
3426     0     0     0     0     0     0     0
3430     0     0     0     0     0     0     0
3434     0     0     0     0     0     0     0
3438     0     0     0     0     0     0     0
3442     0     0     0     0     0     0     0
3446     0     0     0     0     0     0     0
3450     0     0     0     0     0     0     0
3454     0     0     0     0     0     0     0
3458     0     0     0     0     0     0     0
3462     0     0     0     0     0     0     0
3466     0     0     0     0     0     0     0
3470     0     0     0     0     0     0     0
3474     0     0     0     0     0     0     0
3478     0     0     0     0     0     0     0
3482     0     0     0     0     0     0     0
3486     0     0     0     0     0     0     0
3490     0     0     0     0     0     0     0
3494     0     0     0     0     0     0     0
3498     0     0     0     0     0     0     0
3502     0     0     0     0     0     0     0
3506     0     0     0     0     0     0     0
3510     0     0     0     0     0     0     0
3514     0     0     0     0     0     0     0
3518     0     0     0     0     0     0     0
3522     0     0     0     0     0     0     0
3526     0     0     0     0     0     0     0
3530     0     0     0     0     0     0     0
3534     0     0     0     0     0     0     0
3538     0     0     0     0     0     0     0
3542     0     0     0     0     0     0     0
3546     0     0     0     0     0     0     0
3550     0     0     0     0     0     0     0
3554     0     0     0     0     0     0     0
3558     0     0     0     0     0     0     0
3562     0     0     0     0     0     0     0
3566     0     0     0     0     0     0     0
3570     0     0     0     0     0     0     0
3574     0     0     0     0     0     0     0
3578     0     0     0     0     0     0     0
3582     0     0     0     0     0     0     0
3586     0     0     0     0     0     0     0
3590     0     0     0     0     0     0     0
3594     0     0     0     0     0     0     0
3598     0     0     0     0     0     0     0
3602     0     0     0     0     0     0     0
3606     0     0     0     0     0     0     0
3610     0     0     0     0     0     0     0
3614     0     0     0     0     0     0     0
3618     0     0     0     0     0     0     0
3622     0     0     0     0     0     0     0
3626     0     0     0     0     0     0     0
3630     0     0     0     0     0     0     0
3634     0     0     0     0     0     0     0
3638     0     0     0     0     0     0     0
3642     0     0     0     0     0     0     0
3646     0     0     0     0     0     0     0
3650     0     0     0     0     0     0     0
3654     0     0     0     0     0     0     0
3658     0     0     0     0     0     0     0
3662     0     0     0     0     0     0     0
3666     0     0     0     0     0     0     0
3670     0     0     0     0     0     0     0
3674     0     0     0     0     0     0     0
3678     0     0     0     0     0     0     0
3682     0     0     0     0     0     0     0
3686     0     0     0     0     0     0     0
3690     0     0     0     0     0     0     0
3694     0     0     0     0     0     0     0
3698     0     0     0     0     0     0     0
3702     0     0     0     0     0     0     0
3706     0     0     0     0     0     0     0
3710     0     0     0     0     0     0     0
3714     0     0     0     0     0     0     0
3718     0     0     0     0     0     0     0
3722     0     0     0     0     0     0     0
3726     0     0     0     0     0     0     0
3730     0     0     0     0     0     0     0
3734     0     0     0     0     0     0     0
3738     0     0     0     0     0     0     0
3742     0     0     0     0     0     0     0
3746     0     0     0     0     0     0     0
3750     0     0     0     0     0     0     0
3754     0     0     0     0     0     0     0
3758     0     0     0     0     0     0     0
3762     0     0     0     0     0     0     0
3766     0     0     0     0     0     0     0
3770     0     0     0     0     0     0     0
3774     0     0     0     0     0     0     0
3778     0     0     0     0     0     0     0
3782     0     0     0     0     0     0     0
3786     0     0     0     0     0     0     0
3790     0     0     0     0     0     0     0
3794     0     0     0     0     0     0     0
3798     0     0     0     0     0     0     0
3802     0     0     0     0     0     0     0
3806     0     0     0     0     0     0     0
3810     0     0     0     0     0     0     0
3814     0     0     0     0     0     0     0
3818     0     0     0     0     0     0     0
3822     0     0     0     0     0     0     0
3826     0     0     0     0     0     0     0
3830     0     0     0     0     0     0     0
3834     0     0     0     0     0     0     0
3838     0     0     0     0     0     0     0
3842     0     0     0     0     0     0     0
3846     0     0     0     0     0     0     0
3850     0     0     0     0     0     0     0
3854     0     0     0     0     0     0     0
3858     0     0     0     0     0     0     0
3862     0     0     0     0     0     0     0
3866     0     0     0     0     0     0     0
3870     0     0     0     0     0     0     0
3874     0     0     0     0     0     0     0
3878     0     0     0     0     0     0     0
3882     0     0     0     0     0     0     0
3886     0     0     0     0     0     0     0
3890     0     0     0     0     0     0     0
3894     0     0     0     0     0     0     0
3898     0     0     0     0     0     0     0
3902     0     0     0     0     0     0     0
3906     0     0     0     0     0     0     0
3910     0     0     0     0     0     0     0
3914     0     0     0     0     0     0     0
3918     0     0     0     0     0     0     0
3922     0     0     0     0     0     0     0
3926     0     0     0     0     0     0     0
3930     0     0     0     0     0     0     0
3934     0     0     0     0     0     0     0
3938     0     0     0     0     0     0     0
3942     0     0     0     0     0     0     0
3946     0     0     0     0     0     0     0
3950     0     0     0     0     0     0     0
3954     0     0     0     0     0     0     0
3958     0     0     0     0     0     0     0
3962     0     0     0     0     0     0     0
3966     0     0     0     0     0     0     0
3970     0     0     0     0     0     0     0
3974     0     0     0     0     0     0     0
3978     0     0     0     0     0     0     0
3982     0     0     0     0     0     0     0
3986     0     0     0     0     0     0     0
3990     0     0     0     0     0     0     0
3994     0     0     0     0     0     0     0
3998     0     0     0     0     0     0     0
