2     0     0     0     0     0     0     0
6     0     0     0     0     0     0     0
10     0     0     0     0     0     0     0
14     0     0     0     0     0     0     0
18     0     0     0     0     0     0     0
22     0     0     0     0     0     0     0
26     0     0     0     0     0     0     0
30     0     0     0     0     0     0     0
34     0     0     0     0     0     0     0
38     0     0     0     0     0     0     0
42     0     0     0     0     0     0     0
46     0     0     0     0     0     0     0
50     0     0     0     0     0     0     0
54     0     0     0     0     0     0     0
58     0     0     0     0     0     0     0
62     0     0     0     0     0     0     0
66     0     0     0     0     0     0     0
70     0     0     0     0     0     0     0
74     0     0     0     0     0     0     0
78     0     0     0     0     0     0     0
82     0     0     0     0     0     0     0
86     0     0     0     0     0     0     0
90     0     0     0     0     0     0     0
94     0     0     0     0     0     0     0
98     0     0     0     0     0     0     0
102     0     0     0     0     0     0     0
106     0     0     0     0     0     0     0
110     0.00122759     3.94158e-07     3.94158e-07     3.94158e-07     3.9971e-07     4.02612e-07     3.97701e-07
114     0.00182022     6.06681e-07     6.06681e-07     6.06681e-07     6.15227e-07     6.19694e-07     6.12135e-07
118     0.00143924     5.05177e-07     5.05177e-07     5.05177e-07     5.12293e-07     5.16012e-07     5.09719e-07
122     0.00122759     4.59743e-07     4.59743e-07     4.59743e-07     4.66219e-07     4.69604e-07     4.63876e-07
126     0.00169323     7.02393e-07     7.02393e-07     7.02393e-07     7.12287e-07     7.17459e-07     7.08708e-07
130     0.00196838     9.2144e-07     9.2144e-07     9.2144e-07     9.3442e-07     9.41204e-07     9.29725e-07
134     0.00175672     9.6958e-07     9.6958e-07     9.6958e-07     9.83237e-07     9.90376e-07     9.78297e-07
138     0.00188371     1.23587e-06     1.23587e-06     1.23587e-06     1.25328e-06     1.26238e-06     1.24698e-06
142     0.0021377     1.7468e-06     1.7468e-06     1.7468e-06     1.7714e-06     1.78426e-06     1.7625e-06
146     0.00209537     2.20448e-06     2.20448e-06     2.20448e-06     2.23553e-06     2.25176e-06     2.22429e-06
150     0.00203187     2.97632e-06     2.97632e-06     2.97632e-06     3.01824e-06     3.04016e-06     3.00308e-06
154     0.00258217     5.71474e-06     5.71474e-06     5.71474e-06     5.79524e-06     5.83732e-06     5.76612e-06
158     0.0020742     8.61312e-06     8.61312e-06     8.61312e-06     8.73444e-06     8.79786e-06     8.69055e-06
162     0.00275149     3.04031e-05     3.04031e-05     3.04031e-05     3.08313e-05     3.10552e-05     3.06764e-05
166     0.00253984     5.22159e-05     5.22159e-05     5.22159e-05     5.29514e-05     5.33359e-05     5.26854e-05
170     0.00281499     7.87582e-05     7.87582e-05     7.87582e-05     7.98676e-05     8.04475e-05     7.94663e-05
174     0.00296315     0.00010124     0.00010124     0.00010124     0.000102666     0.000103412     0.00010215
178     0.00325946     0.00013209     0.00013209     0.00013209     0.000133951     0.000134923     0.000133278
182     0.00338645     0.000164695     0.000164695     0.000164695     0.000167015     0.000168228     0.000166176
186     0.0026245     0.000154077     0.000154077     0.000154077     0.000156247     0.000157382     0.000155462
190     0.00319596     0.000218981     0.000218981     0.000218981     0.000222065     0.000223678     0.00022095
194     0.00304781     0.000236065     0.000236065     0.000236065     0.00023939     0.000241128     0.000238187
198     0.00304781     0.000260125     0.000260125     0.000260125     0.000263789     0.000265704     0.000262463
202     0.00423307     0.000395442     0.000395442     0.000395442     0.000401013     0.000403924     0.000398998
206     0.00385209     0.000390485     0.000390485     0.000390485     0.000395985     0.00039886     0.000393996
210     0.00370393     0.00040763     0.00040763     0.00040763     0.000415214     0.000419031     0.000412583
214     0.00440239     0.000520033     0.000520033     0.000520033     0.000531936     0.000537797     0.000527905
218     0.00482569     0.000610943     0.000610943     0.000610943     0.000625261     0.000632302     0.00062042
222     0.00419073     0.000566572     0.000566572     0.000566572     0.000580181     0.000586864     0.000575588
226     0.00406374     0.000585117     0.000585117     0.000585117     0.000599578     0.000606662     0.000594709
230     0.00512201     0.000783157     0.000783157     0.000783157     0.000803078     0.000812813     0.000796387
234     0.0047622     0.000771335     0.000771335     0.000771335     0.000791527     0.000801371     0.000784762
238     0.00510084     0.000874152     0.000874152     0.000874152     0.000897686     0.000909133     0.000889818
242     0.00569347     0.00103164     0.00103164     0.00103164     0.00106026     0.00107415     0.00105071
246     0.00552415     0.00105498     0.00105498     0.00105498     0.00108517     0.00109979     0.00107512
250     0.00643426     0.00129598     0.00129598     0.00129598     0.00133439     0.00135294     0.00132164
254     0.00685757     0.00145091     0.00145091     0.00145091     0.00149556     0.00151704     0.0014808
258     0.00681523     0.00151585     0.00151585     0.00151585     0.00156395     0.00158699     0.00154809
262     0.00783117     0.00182773     0.00182773     0.00182773     0.0018881     0.00191691     0.00186827
266     0.00804282     0.00196512     0.00196512     0.00196512     0.0020324     0.00206441     0.00201036
270     0.00766185     0.00195665     0.00195665     0.00195665     0.00202629     0.00205936     0.00200353
274     0.00878361     0.00234963     0.00234963     0.00234963     0.00243732     0.00247886     0.00240872
278     0.0084238     0.002353     0.002353     0.002353     0.00244487     0.0024883     0.00241498
282     0.00990537     0.00288554     0.00288554     0.00288554     0.00300253     0.00305768     0.00296456
286     0.0093974     0.0028563     0.0028563     0.0028563     0.00297802     0.00303515     0.00293866
290     0.0109848     0.00347198     0.00347198     0.00347198     0.00362712     0.0036997     0.0035771
294     0.0116409     0.00382662     0.00382662     0.00382662     0.00400623     0.00409011     0.00394843
298     0.0118314     0.00404417     0.00404417     0.00404417     0.00424612     0.00434025     0.00418125
302     0.0143924     0.00510852     0.00510852     0.00510852     0.00537844     0.00550398     0.00529193
306     0.0143078     0.00526746     0.00526746     0.00526746     0.00556244     0.00569917     0.00546817
310     0.0158317     0.00605292     0.00605292     0.00605292     0.00641224     0.00657817     0.00629775
314     0.016255     0.00643573     0.00643573     0.00643573     0.00684271     0.00702999     0.00671342
318     0.0196838     0.00806938     0.00806938     0.00806938     0.00861553     0.00886606     0.00844251
322     0.0203822     0.00864794     0.00864794     0.00864794     0.00927988     0.00956882     0.00908022
326     0.0220119     0.00965039     0.00965039     0.00965039     0.0104085     0.0107541     0.0101696
330     0.0253561     0.0114753     0.0114753     0.0114753     0.0124476     0.0128892     0.0121421
334     0.0281922     0.0131611     0.0131611     0.0131611     0.0143769     0.0149262     0.0139965
338     0.0310919     0.0149732     0.0149732     0.0149732     0.0164774     0.017153     0.0160088
342     0.0365737     0.0181744     0.0181744     0.0181744     0.0201647     0.0210538     0.0195471
346     0.039685     0.020396     0.020396     0.020396     0.0228589     0.0239594     0.0220948
350     0.0444895     0.0237664     0.0237664     0.0237664     0.0269357     0.0283523     0.0259522
354     0.0513682     0.0287125     0.0287125     0.0287125     0.0328896     0.0347602     0.0315919
358     0.0611255     0.0358742     0.0358742     0.0358742     0.0415066     0.0440371     0.0397528
362     0.0757084     0.0465507     0.0465507     0.0465507     0.0543077     0.0577996     0.051889
366     0.0884076     0.0568572     0.0568572     0.0568572     0.0667114     0.0711535     0.063635
370     0.106758     0.0718033     0.0718033     0.0718033     0.0844616     0.0901796     0.0805029
374     0.131648     0.0928019     0.0928019     0.0928019     0.108942     0.116255     0.103882
378     0.168053     0.124548     0.124548     0.124548     0.145112     0.154462     0.138647
382     0.221093     0.172837     0.172837     0.172837     0.1987     0.210505     0.190539
386     0.291743     0.242134     0.242134     0.242134     0.273227     0.287486     0.263372
390     0.367261     0.327487     0.327487     0.327487     0.360816     0.376198     0.350188
394     0.45044     0.437397     0.437397     0.437397     0.469192     0.484014     0.458951
398     0.501026     0.531905     0.531905     0.531905     0.554509     0.565279     0.547068
402     0.484453     0.552407     0.552407     0.552407     0.559724     0.562251     0.558367
406     0.407771     0.483683     0.483683     0.483683     0.476755     0.474055     0.47861
410     0.322708     0.388537     0.388537     0.388537     0.373402     0.366855     0.377911
414     0.244481     0.296046     0.296046     0.296046     0.278127     0.270209     0.283584
418     0.185006     0.225263     0.225263     0.225263     0.207406     0.199434     0.212898
422     0.137807     0.169181     0.169181     0.169181     0.153141     0.145932     0.158106
426     0.107943     0.134064     0.134064     0.134064     0.119638     0.113118     0.124126
430     0.0863334     0.108758     0.108758     0.108758     0.0958472     0.0899903     0.0998784
434     0.0716235     0.0917388     0.0917388     0.0917388     0.080039     0.0747209     0.0837002
438     0.0568712     0.0741693     0.0741693     0.0741693     0.0641717     0.0596185     0.0673062
442     0.0465002     0.0618084     0.0618084     0.0618084     0.0530932     0.0491108     0.0558339
446     0.0382881     0.0518887     0.0518887     0.0518887     0.0443083     0.0408276     0.0467011
450     0.0331661     0.045824     0.045824     0.045824     0.0389341     0.0357568     0.0411161
454     0.0277901     0.0391358     0.0391358     0.0391358     0.0331157     0.0303326     0.0350261
458     0.0258217     0.0370853     0.0370853     0.0370853     0.0312764     0.0285895     0.0331214
462     0.0214828     0.0314672     0.0314672     0.0314672     0.0264552     0.0241391     0.0280468
466     0.0187736     0.0280568     0.0280568     0.0280568     0.0235192     0.0214264     0.0249592
470     0.0168899     0.0257467     0.0257467     0.0257467     0.0215289     0.0195857     0.0228665
474     0.0159587     0.0247942     0.0247942     0.0247942     0.0206935     0.0188048     0.0219945
478     0.0143078     0.0226596     0.0226596     0.0226596     0.0188756     0.0171304     0.0200776
482     0.0124452     0.0200936     0.0200936     0.0200936     0.0167064     0.01514     0.0177846
486     0.010752     0.0176947     0.0176947     0.0176947     0.0146815     0.0132841     0.0156429
490     0.00986304     0.0165399     0.0165399     0.0165399     0.0137094     0.0123939     0.0146142
494     0.00943973     0.016121     0.016121     0.016121     0.0133381     0.0120439     0.0142284
498     0.0084238     0.0146538     0.0146538     0.0146538     0.0121055     0.0109204     0.0129211
502     0.00776767     0.013754     0.013754     0.013754     0.0113494     0.0102303     0.0121195
506     0.00749253     0.0134973     0.0134973     0.0134973     0.011119     0.0100106     0.0118818
510     0.0068364     0.0125487     0.0125487     0.0125487     0.0103214     0.00928056     0.0110373
514     0.0053125     0.00991923     0.00991923     0.00991923     0.00814866     0.00731874     0.00871914
518     0.00507968     0.00966134     0.00966134     0.00966134     0.00792616     0.00711011     0.00848667
522     0.00474103     0.00916889     0.00916889     0.00916889     0.00751346     0.00673311     0.00804919
526     0.0051855     0.0102029     0.0102029     0.0102029     0.0083459     0.00746949     0.00894754
530     0.00482569     0.0096447     0.0096447     0.0096447     0.00787442     0.00703883     0.00844822
534     0.00465637     0.00946097     0.00946097     0.00946097     0.00771496     0.00689157     0.00828076
538     0.00383092     0.0079084     0.0079084     0.0079084     0.0064381     0.00574547     0.00691439
542     0.00378859     0.00794556     0.00794556     0.00794556     0.00645748     0.0057568     0.00693953
546     0.00349228     0.00744855     0.00744855     0.00744855     0.00604322     0.00538126     0.0064987
550     0.00277266     0.00600767     0.00600767     0.00600767     0.00486207     0.00432214     0.00523368
554     0.00347111     0.00764619     0.00764619     0.00764619     0.0061873     0.00549912     0.00666092
558     0.00264567     0.00591546     0.00591546     0.00591546     0.00477521     0.00423663     0.00514579
562     0.00260333     0.00590637     0.00590637     0.00590637     0.00476218     0.00422072     0.00513464
566     0.00253984     0.00583674     0.00583674     0.00583674     0.0046998     0.00416049     0.00507059
570     0.00230702     0.00537565     0.00537565     0.00537565     0.00432039     0.00381898     0.00466506
574     0.00224352     0.00530575     0.00530575     0.00530575     0.00425384     0.00375371     0.00459768
578     0.0020742     0.00498691     0.00498691     0.00498691     0.00399407     0.00352198     0.00431872
582     0.00209537     0.00510759     0.00510759     0.00510759     0.00408232     0.00359468     0.00441776
586     0.00201071     0.00496769     0.00496769     0.00496769     0.00396199     0.00348315     0.00429136
590     0.00218003     0.00546723     0.00546723     0.00546723     0.00435403     0.00382345     0.00471901
594     0.00186255     0.00475536     0.00475536     0.00475536     0.0037785     0.00331212     0.00409917
598     0.00160856     0.00416843     0.00416843     0.00416843     0.00330527     0.00289256     0.00358902
602     0.00131225     0.00345166     0.00345166     0.00345166     0.00272991     0.00238404     0.00296757
606     0.00156623     0.00417007     0.00417007     0.00417007     0.00329483     0.00287449     0.00358355
610     0.00133342     0.00359467     0.00359467     0.00359467     0.00283339     0.00246716     0.00308486
614     0.00131225     0.00358498     0.00358498     0.00358498     0.00282137     0.00245374     0.00307383
618     0.00099477     0.00275855     0.00275855     0.00275855     0.00216646     0.00188129     0.00236231
622     0.00114293     0.00321664     0.00321664     0.00321664     0.00251928     0.00218324     0.00275013
626     0.000888944     0.00253555     0.00253555     0.00253555     0.00198431     0.00171841     0.00216695
630     0.00114293     0.00330007     0.00330007     0.00330007     0.00257382     0.00222311     0.0028147
634     0.00099477     0.00291053     0.00291053     0.00291053     0.00226802     0.00195735     0.00248134
638     0.0011006     0.00326168     0.00326168     0.00326168     0.00253457     0.00218251     0.00277627
642     0.00101594     0.00305175     0.00305175     0.00305175     0.00236691     0.00203479     0.00259487
646     0.00114293     0.0034833     0.0034833     0.0034833     0.00269362     0.00230996     0.00295687
650     0.000761952     0.00235667     0.00235667     0.00235667     0.00181781     0.00155572     0.00199765
654     0.00114293     0.00358616     0.00358616     0.00358616     0.00276235     0.00236155     0.00303742
658     0.000783117     0.00248864     0.00248864     0.00248864     0.00191138     0.00163052     0.0021042
662     0.000719621     0.00231659     0.00231659     0.00231659     0.00177361     0.00150907     0.00195516
666     0.000804282     0.00262515     0.00262515     0.00262515     0.00200395     0.00170059     0.00221203
670     0.000719621     0.00237742     0.00237742     0.00237742     0.00181385     0.00153812     0.0020029
674     0.000698456     0.00233452     0.00233452     0.00233452     0.00177635     0.00150296     0.00196379
678     0.000613794     0.00207419     0.00207419     0.00207419     0.00157506     0.00133044     0.00174277
682     0.000592629     0.00202672     0.00202672     0.00202672     0.00153708     0.00129703     0.00170171
686     0.000507968     0.00175577     0.00175577     0.00175577     0.00132745     0.0011173     0.00147157
690     0.000613794     0.00214833     0.00214833     0.00214833     0.00161873     0.00135851     0.00179716
694     0     0     0     0     0     0     0
698     0     0     0     0     0     0     0
702     0     0     0     0     0     0     0
706     0     0     0     0     0     0     0
710     0     0     0     0     0     0     0
714     0     0     0     0     0     0     0
718     0     0     0     0     0     0     0
722     0     0     0     0     0     0     0
726     0     0     0     0     0     0     0
730     0     0     0     0     0     0     0
734     0     0     0     0     0     0     0
738     0     0     0     0     0     0     0
742     0     0     0     0     0     0     0
746     0     0     0     0     0     0     0
750     0     0     0     0     0     0     0
754     0     0     0     0     0     0     0
758     0     0     0     0     0     0     0
762     0     0     0     0     0     0     0
766     0     0     0     0     0     0     0
770     0     0     0     0     0     0     0
774     0     0     0     0     0     0     0
778     0     0     0     0     0     0     0
782     0     0     0     0     0     0     0
786     0     0     0     0     0     0     0
790     0     0     0     0     0     0     0
794     0     0     0     0     0     0     0
798     0     0     0     0     0     0     0
802     0     0     0     0     0     0     0
806     0     0     0     0     0     0     0
810     0     0     0     0     0     0     0
814     0     0     0     0     0     0     0
818     0     0     0     0     0     0     0
822     0     0     0     0     0     0     0
826     0     0     0     0     0     0     0
830     0     0     0     0     0     0     0
834     0     0     0     0     0     0     0
838     0     0     0     0     0     0     0
842     0     0     0     0     0     0     0
846     0     0     0     0     0     0     0
850     0     0     0     0     0     0     0
854     0     0     0     0     0     0     0
858     0     0     0     0     0     0     0
862     0     0     0     0     0     0     0
866     0     0     0     0     0     0     0
870     0     0     0     0     0     0     0
874     0     0     0     0     0     0     0
878     0     0     0     0     0     0     0
882     0     0     0     0     0     0     0
886     0     0     0     0     0     0     0
890     0     0     0     0     0     0     0
894     0     0     0     0     0     0     0
898     0     0     0     0     0     0     0
902     0     0     0     0     0     0     0
906     0     0     0     0     0     0     0
910     0     0     0     0     0     0     0
914     0     0     0     0     0     0     0
918     0     0     0     0     0     0     0
922     0     0     0     0     0     0     0
926     0     0     0     0     0     0     0
930     0     0     0     0     0     0     0
934     0     0     0     0     0     0     0
938     0     0     0     0     0     0     0
942     0     0     0     0     0     0     0
946     0     0     0     0     0     0     0
950     0     0     0     0     0     0     0
954     0     0     0     0     0     0     0
958     0     0     0     0     0     0     0
962     0     0     0     0     0     0     0
966     0     0     0     0     0     0     0
970     0     0     0     0     0     0     0
974     0     0     0     0     0     0     0
978     0     0     0     0     0     0     0
982     0     0     0     0     0     0     0
986     0     0     0     0     0     0     0
990     0     0     0     0     0     0     0
994     0     0     0     0     0     0     0
998     0     0     0     0     0     0     0
1002     0     0     0     0     0     0     0
1006     0     0     0     0     0     0     0
1010     0     0     0     0     0     0     0
1014     0     0     0     0     0     0     0
1018     0     0     0     0     0     0     0
1022     0     0     0     0     0     0     0
1026     0     0     0     0     0     0     0
1030     0     0     0     0     0     0     0
1034     0     0     0     0     0     0     0
1038     0     0     0     0     0     0     0
1042     0     0     0     0     0     0     0
1046     0     0     0     0     0     0     0
1050     0     0     0     0     0     0     0
1054     0     0     0     0     0     0     0
1058     0     0     0     0     0     0     0
1062     0     0     0     0     0     0     0
1066     0     0     0     0     0     0     0
1070     0     0     0     0     0     0     0
1074     0     0     0     0     0     0     0
1078     0     0     0     0     0     0     0
1082     0     0     0     0     0     0     0
1086     0     0     0     0     0     0     0
1090     0     0     0     0     0     0     0
1094     0     0     0     0     0     0     0
1098     0     0     0     0     0     0     0
1102     0     0     0     0     0     0     0
1106     0     0     0     0     0     0     0
1110     0     0     0     0     0     0     0
1114     0     0     0     0     0     0     0
1118     0     0     0     0     0     0     0
1122     0     0     0     0     0     0     0
1126     0     0     0     0     0     0     0
1130     0     0     0     0     0     0     0
1134     0     0     0     0     0     0     0
1138     0     0     0     0     0     0     0
1142     0     0     0     0     0     0     0
1146     0     0     0     0     0     0     0
1150     0     0     0     0     0     0     0
1154     0     0     0     0     0     0     0
1158     0     0     0     0     0     0     0
1162     0     0     0     0     0     0     0
1166     0     0     0     0     0     0     0
1170     0     0     0     0     0     0     0
1174     0     0     0     0     0     0     0
1178     0     0     0     0     0     0     0
1182     0     0     0     0     0     0     0
1186     0     0     0     0     0     0     0
1190     0     0     0     0     0     0     0
1194     0     0     0     0     0     0     0
1198     0     0     0     0     0     0     0
1202     0     0     0     0     0     0     0
1206     0     0     0     0     0     0     0
1210     0     0     0     0     0     0     0
1214     0     0     0     0     0     0     0
1218     0     0     0     0     0     0     0
1222     0     0     0     0     0     0     0
1226     0     0     0     0     0     0     0
1230     0     0     0     0     0     0     0
1234     0     0     0     0     0     0     0
1238     0     0     0     0     0     0     0
1242     0     0     0     0     0     0     0
1246     0     0     0     0     0     0     0
1250     0     0     0     0     0     0     0
1254     0     0     0     0     0     0     0
1258     0     0     0     0     0     0     0
1262     0     0     0     0     0     0     0
1266     0     0     0     0     0     0     0
1270     0     0     0     0     0     0     0
1274     0     0     0     0     0     0     0
1278     0     0     0     0     0     0     0
1282     0     0     0     0     0     0     0
1286     0     0     0     0     0     0     0
1290     0     0     0     0     0     0     0
1294     0     0     0     0     0     0     0
1298     0     0     0     0     0     0     0
1302     0     0     0     0     0     0     0
1306     0     0     0     0     0     0     0
1310     0     0     0     0     0     0     0
1314     0     0     0     0     0     0     0
1318     0     0     0     0     0     0     0
1322     0     0     0     0     0     0     0
1326     0     0     0     0     0     0     0
1330     0     0     0     0     0     0     0
1334     0     0     0     0     0     0     0
1338     0     0     0     0     0     0     0
1342     0     0     0     0     0     0     0
1346     0     0     0     0     0     0     0
1350     0     0     0     0     0     0     0
1354     0     0     0     0     0     0     0
1358     0     0     0     0     0     0     0
1362     0     0     0     0     0     0     0
1366     0     0     0     0     0     0     0
1370     0     0     0     0     0     0     0
1374     0     0     0     0     0     0     0
1378     0     0     0     0     0     0     0
1382     0     0     0     0     0     0     0
1386     0     0     0     0     0     0     0
1390     0     0     0     0     0     0     0
1394     0     0     0     0     0     0     0
1398     0     0     0     0     0     0     0
1402     0     0     0     0     0     0     0
1406     0     0     0     0     0     0     0
1410     0     0     0     0     0     0     0
1414     0     0     0     0     0     0     0
1418     0     0     0     0     0     0     0
1422     0     0     0     0     0     0     0
1426     0     0     0     0     0     0     0
1430     0     0     0     0     0     0     0
1434     0     0     0     0     0     0     0
1438     0     0     0     0     0     0     0
1442     0     0     0     0     0     0     0
1446     0     0     0     0     0     0     0
1450     0     0     0     0     0     0     0
1454     0     0     0     0     0     0     0
1458     0     0     0     0     0     0     0
1462     0     0     0     0     0     0     0
1466     0     0     0     0     0     0     0
1470     0     0     0     0     0     0     0
1474     0     0     0     0     0     0     0
1478     0     0     0     0     0     0     0
1482     0     0     0     0     0     0     0
1486     0     0     0     0     0     0     0
1490     0     0     0     0     0     0     0
1494     0     0     0     0     0     0     0
1498     0     0     0     0     0     0     0
1502     0     0     0     0     0     0     0
1506     0     0     0     0     0     0     0
1510     0     0     0     0     0     0     0
1514     0     0     0     0     0     0     0
1518     0     0     0     0     0     0     0
1522     0     0     0     0     0     0     0
1526     0     0     0     0     0     0     0
1530     0     0     0     0     0     0     0
1534     0     0     0     0     0     0     0
1538     0     0     0     0     0     0     0
1542     0     0     0     0     0     0     0
1546     0     0     0     0     0     0     0
1550     0     0     0     0     0     0     0
1554     0     0     0     0     0     0     0
1558     0     0     0     0     0     0     0
1562     0     0     0     0     0     0     0
1566     0     0     0     0     0     0     0
1570     0     0     0     0     0     0     0
1574     0     0     0     0     0     0     0
1578     0     0     0     0     0     0     0
1582     0     0     0     0     0     0     0
1586     0     0     0     0     0     0     0
1590     0     0     0     0     0     0     0
1594     0     0     0     0     0     0     0
1598     0     0     0     0     0     0     0
1602     0     0     0     0     0     0     0
1606     0     0     0     0     0     0     0
1610     0     0     0     0     0     0     0
1614     0     0     0     0     0     0     0
1618     0     0     0     0     0     0     0
1622     0     0     0     0     0     0     0
1626     0     0     0     0     0     0     0
1630     0     0     0     0     0     0     0
1634     0     0     0     0     0     0     0
1638     0     0     0     0     0     0     0
1642     0     0     0     0     0     0     0
1646     0     0     0     0     0     0     0
1650     0     0     0     0     0     0     0
1654     0     0     0     0     0     0     0
1658     0     0     0     0     0     0     0
1662     0     0     0     0     0     0     0
1666     0     0     0     0     0     0     0
1670     0     0     0     0     0     0     0
1674     0     0     0     0     0     0     0
1678     0     0     0     0     0     0     0
1682     0     0     0     0     0     0     0
1686     0     0     0     0     0     0     0
1690     0     0     0     0     0     0     0
1694     0     0     0     0     0     0     0
1698     0     0     0     0     0     0     0
1702     0     0     0     0     0     0     0
1706     0     0     0     0     0     0     0
1710     0     0     0     0     0     0     0
1714     0     0     0     0     0     0     0
1718     0     0     0     0     0     0     0
1722     0     0     0     0     0     0     0
1726     0     0     0     0     0     0     0
1730     0     0     0     0     0     0     0
1734     0     0     0     0     0     0     0
1738     0     0     0     0     0     0     0
1742     0     0     0     0     0     0     0
1746     0     0     0     0     0     0     0
1750     0     0     0     0     0     0     0
1754     0     0     0     0     0     0     0
1758     0     0     0     0     0     0     0
1762     0     0     0     0     0     0     0
1766     0     0     0     0     0     0     0
1770     0     0     0     0     0     0     0
1774     0     0     0     0     0     0     0
1778     0     0     0     0     0     0     0
1782     0     0     0     0     0     0     0
1786     0     0     0     0     0     0     0
1790     0     0     0     0     0     0     0
1794     0     0     0     0     0     0     0
1798     0     0     0     0     0     0     0
1802     0     0     0     0     0     0     0
1806     0     0     0     0     0     0     0
1810     0     0     0     0     0     0     0
1814     0     0     0     0     0     0     0
1818     0     0     0     0     0     0     0
1822     0     0     0     0     0     0     0
1826     0     0     0     0     0     0     0
1830     0     0     0     0     0     0     0
1834     0     0     0     0     0     0     0
1838     0     0     0     0     0     0     0
1842     0     0     0     0     0     0     0
1846     0     0     0     0     0     0     0
1850     0     0     0     0     0     0     0
1854     0     0     0     0     0     0     0
1858     0     0     0     0     0     0     0
1862     0     0     0     0     0     0     0
1866     0     0     0     0     0     0     0
1870     0     0     0     0     0     0     0
1874     0     0     0     0     0     0     0
1878     0     0     0     0     0     0     0
1882     0     0     0     0     0     0     0
1886     0     0     0     0     0     0     0
1890     0     0     0     0     0     0     0
1894     0     0     0     0     0     0     0
1898     0     0     0     0     0     0     0
1902     0     0     0     0     0     0     0
1906     0     0     0     0     0     0     0
1910     0     0     0     0     0     0     0
1914     0     0     0     0     0     0     0
1918     0     0     0     0     0     0     0
1922     0     0     0     0     0     0     0
1926     0     0     0     0     0     0     0
1930     0     0     0     0     0     0     0
1934     0     0     0     0     0     0     0
1938     0     0     0     0     0     0     0
1942     0     0     0     0     0     0     0
1946     0     0     0     0     0     0     0
1950     0     0     0     0     0     0     0
1954     0     0     0     0     0     0     0
1958     0     0     0     0     0     0     0
1962     0     0     0     0     0     0     0
1966     0     0     0     0     0     0     0
1970     0     0     0     0     0     0     0
1974     0     0     0     0     0     0     0
1978     0     0     0     0     0     0     0
1982     0     0     0     0     0     0     0
1986     0     0     0     0     0     0     0
1990     0     0     0     0     0     0     0
1994     0     0     0     0     0     0     0
1998     0     0     0     0     0     0     0
2002     0     0     0     0     0     0     0
2006     0     0     0     0     0     0     0
2010     0     0     0     0     0     0     0
2014     0     0     0     0     0     0     0
2018     0     0     0     0     0     0     0
2022     0     0     0     0     0     0     0
2026     0     0     0     0     0     0     0
2030     0     0     0     0     0     0     0
2034     0     0     0     0     0     0     0
2038     0     0     0     0     0     0     0
2042     0     0     0     0     0     0     0
2046     0     0     0     0     0     0     0
2050     0     0     0     0     0     0     0
2054     0     0     0     0     0     0     0
2058     0     0     0     0     0     0     0
2062     0     0     0     0     0     0     0
2066     0     0     0     0     0     0     0
2070     0     0     0     0     0     0     0
2074     0     0     0     0     0     0     0
2078     0     0     0     0     0     0     0
2082     0     0     0     0     0     0     0
2086     0     0     0     0     0     0     0
2090     0     0     0     0     0     0     0
2094     0     0     0     0     0     0     0
2098     0     0     0     0     0     0     0
2102     0     0     0     0     0     0     0
2106     0     0     0     0     0     0     0
2110     0     0     0     0     0     0     0
2114     0     0     0     0     0     0     0
2118     0     0     0     0     0     0     0
2122     0     0     0     0     0     0     0
2126     0     0     0     0     0     0     0
2130     0     0     0     0     0     0     0
2134     0     0     0     0     0     0     0
2138     0     0     0     0     0     0     0
2142     0     0     0     0     0     0     0
2146     0     0     0     0     0     0     0
2150     0     0     0     0     0     0     0
2154     0     0     0     0     0     0     0
2158     0     0     0     0     0     0     0
2162     0     0     0     0     0     0     0
2166     0     0     0     0     0     0     0
2170     0     0     0     0     0     0     0
2174     0     0     0     0     0     0     0
2178     0     0     0     0     0     0     0
2182     0     0     0     0     0     0     0
2186     0     0     0     0     0     0     0
2190     0     0     0     0     0     0     0
2194     0     0     0     0     0     0     0
2198     0     0     0     0     0     0     0
2202     0     0     0     0     0     0     0
2206     0     0     0     0     0     0     0
2210     0     0     0     0     0     0     0
2214     0     0     0     0     0     0     0
2218     0     0     0     0     0     0     0
2222     0     0     0     0     0     0     0
2226     0     0     0     0     0     0     0
2230     0     0     0     0     0     0     0
2234     0     0     0     0     0     0     0
2238     0     0     0     0     0     0     0
2242     0     0     0     0     0     0     0
2246     0     0     0     0     0     0     0
2250     0     0     0     0     0     0     0
2254     0     0     0     0     0     0     0
2258     0     0     0     0     0     0     0
2262     0     0     0     0     0     0     0
2266     0     0     0     0     0     0     0
2270     0     0     0     0     0     0     0
2274     0     0     0     0     0     0     0
2278     0     0     0     0     0     0     0
2282     0     0     0     0     0     0     0
2286     0     0     0     0     0     0     0
2290     0     0     0     0     0     0     0
2294     0     0     0     0     0     0     0
2298     0     0     0     0     0     0     0
2302     0     0     0     0     0     0     0
2306     0     0     0     0     0     0     0
2310     0     0     0     0     0     0     0
2314     0     0     0     0     0     0     0
2318     0     0     0     0     0     0     0
2322     0     0     0     0     0     0     0
2326     0     0     0     0     0     0     0
2330     0     0     0     0     0     0     0
2334     0     0     0     0     0     0     0
2338     0     0     0     0     0     0     0
2342     0     0     0     0     0     0     0
2346     0     0     0     0     0     0     0
2350     0     0     0     0     0     0     0
2354     0     0     0     0     0     0     0
2358     0     0     0     0     0     0     0
2362     0     0     0     0     0     0     0
2366     0     0     0     0     0     0     0
2370     0     0     0     0     0     0     0
2374     0     0     0     0     0     0     0
2378     0     0     0     0     0     0     0
2382     0     0     0     0     0     0     0
2386     0     0     0     0     0     0     0
2390     0     0     0     0     0     0     0
2394     0     0     0     0     0     0     0
2398     0     0     0     0     0     0     0
2402     0     0     0     0     0     0     0
2406     0     0     0     0     0     0     0
2410     0     0     0     0     0     0     0
2414     0     0     0     0     0     0     0
2418     0     0     0     0     0     0     0
2422     0     0     0     0     0     0     0
2426     0     0     0     0     0     0     0
2430     0     0     0     0     0     0     0
2434     0     0     0     0     0     0     0
2438     0     0     0     0     0     0     0
2442     0     0     0     0     0     0     0
2446     0     0     0     0     0     0     0
2450     0     0     0     0     0     0     0
2454     0     0     0     0     0     0     0
2458     0     0     0     0     0     0     0
2462     0     0     0     0     0     0     0
2466     0     0     0     0     0     0     0
2470     0     0     0     0     0     0     0
2474     0     0     0     0     0     0     0
2478     0     0     0     0     0     0     0
2482     0     0     0     0     0     0     0
2486     0     0     0     0     0     0     0
2490     0     0     0     0     0     0     0
2494     0     0     0     0     0     0     0
2498     0     0     0     0     0     0     0
2502     0     0     0     0     0     0     0
2506     0     0     0     0     0     0     0
2510     0     0     0     0     0     0     0
2514     0     0     0     0     0     0     0
2518     0     0     0     0     0     0     0
2522     0     0     0     0     0     0     0
2526     0     0     0     0     0     0     0
2530     0     0     0     0     0     0     0
2534     0     0     0     0     0     0     0
2538     0     0     0     0     0     0     0
2542     0     0     0     0     0     0     0
2546     0     0     0     0     0     0     0
2550     0     0     0     0     0     0     0
2554     0     0     0     0     0     0     0
2558     0     0     0     0     0     0     0
2562     0     0     0     0     0     0     0
2566     0     0     0     0     0     0     0
2570     0     0     0     0     0     0     0
2574     0     0     0     0     0     0     0
2578     0     0     0     0     0     0     0
2582     0     0     0     0     0     0     0
2586     0     0     0     0     0     0     0
2590     0     0     0     0     0     0     0
2594     0     0     0     0     0     0     0
2598     0     0     0     0     0     0     0
2602     0     0     0     0     0     0     0
2606     0     0     0     0     0     0     0
2610     0     0     0     0     0     0     0
2614     0     0     0     0     0     0     0
2618     0     0     0     0     0     0     0
2622     0     0     0     0     0     0     0
2626     0     0     0     0     0     0     0
2630     0     0     0     0     0     0     0
2634     0     0     0     0     0     0     0
2638     0     0     0     0     0     0     0
2642     0     0     0     0     0     0     0
2646     0     0     0     0     0     0     0
2650     0     0     0     0     0     0     0
2654     0     0     0     0     0     0     0
2658     0     0     0     0     0     0     0
2662     0     0     0     0     0     0     0
2666     0     0     0     0     0     0     0
2670     0     0     0     0     0     0     0
2674     0     0     0     0     0     0     0
2678     0     0     0     0     0     0     0
2682     0     0     0     0     0     0     0
2686     0     0     0     0     0     0     0
2690     0     0     0     0     0     0     0
2694     0     0     0     0     0     0     0
2698     0     0     0     0     0     0     0
2702     0     0     0     0     0     0     0
2706     0     0     0     0     0     0     0
2710     0     0     0     0     0     0     0
2714     0     0     0     0     0     0     0
2718     0     0     0     0     0     0     0
2722     0     0     0     0     0     0     0
2726     0     0     0     0     0     0     0
2730     0     0     0     0     0     0     0
2734     0     0     0     0     0     0     0
2738     0     0     0     0     0     0     0
2742     0     0     0     0     0     0     0
2746     0     0     0     0     0     0     0
2750     0     0     0     0     0     0     0
2754     0     0     0     0     0     0     0
2758     0     0     0     0     0     0     0
2762     0     0     0     0     0     0     0
2766     0     0     0     0     0     0     0
2770     0     0     0     0     0     0     0
2774     0     0     0     0     0     0     0
2778     0     0     0     0     0     0     0
2782     0     0     0     0     0     0     0
2786     0     0     0     0     0     0     0
2790     0     0     0     0     0     0     0
2794     0     0     0     0     0     0     0
2798     0     0     0     0     0     0     0
2802     0     0     0     0     0     0     0
2806     0     0     0     0     0     0     0
2810     0     0     0     0     0     0     0
2814     0     0     0     0     0     0     0
2818     0     0     0     0     0     0     0
2822     0     0     0     0     0     0     0
2826     0     0     0     0     0     0     0
2830     0     0     0     0     0     0     0
2834     0     0     0     0     0     0     0
2838     0     0     0     0     0     0     0
2842     0     0     0     0     0     0     0
2846     0     0     0     0     0     0     0
2850     0     0     0     0     0     0     0
2854     0     0     0     0     0     0     0
2858     0     0     0     0     0     0     0
2862     0     0     0     0     0     0     0
2866     0     0     0     0     0     0     0
2870     0     0     0     0     0     0     0
2874     0     0     0     0     0     0     0
2878     0     0     0     0     0     0     0
2882     0     0     0     0     0     0     0
2886     0     0     0     0     0     0     0
2890     0     0     0     0     0     0     0
2894     0     0     0     0     0     0     0
2898     0     0     0     0     0     0     0
2902     0     0     0     0     0     0     0
2906     0     0     0     0     0     0     0
2910     0     0     0     0     0     0     0
2914     0     0     0     0     0     0     0
2918     0     0     0     0     0     0     0
2922     0     0     0     0     0     0     0
2926     0     0     0     0     0     0     0
2930     0     0     0     0     0     0     0
2934     0     0     0     0     0     0     0
2938     0     0     0     0     0     0     0
2942     0     0     0     0     0     0     0
2946     0     0     0     0     0     0     0
2950     0     0     0     0     0     0     0
2954     0     0     0     0     0     0     0
2958     0     0     0     0     0     0     0
2962     0     0     0     0     0     0     0
2966     0     0     0     0     0     0     0
2970     0     0     0     0     0     0     0
2974     0     0     0     0     0     0     0
2978     0     0     0     0     0     0     0
2982     0     0     0     0     0     0     0
2986     0     0     0     0     0     0     0
2990     0     0     0     0     0     0     0
2994     0     0     0     0     0     0     0
2998     0     0     0     0     0     0     0
3002     0     0     0     0     0     0     0
3006     0     0     0     0     0     0     0
3010     0     0     0     0     0     0     0
3014     0     0     0     0     0     0     0
3018     0     0     0     0     0     0     0
3022     0     0     0     0     0     0     0
3026     0     0     0     0     0     0     0
3030     0     0     0     0     0     0     0
3034     0     0     0     0     0     0     0
3038     0     0     0     0     0     0     0
3042     0     0     0     0     0     0     0
3046     0     0     0     0     0     0     0
3050     0     0     0     0     0     0     0
3054     0     0     0     0     0     0     0
3058     0     0     0     0     0     0     0
3062     0     0     0     0     0     0     0
3066     0     0     0     0     0     0     0
3070     0     0     0     0     0     0     0
3074     0     0     0     0     0     0     0
3078     0     0     0     0     0     0     0
3082     0     0     0     0     0     0     0
3086     0     0     0     0     0     0     0
3090     0     0     0     0     0     0     0
3094     0     0     0     0     0     0     0
3098     0     0     0     0     0     0     0
3102     0     0     0     0     0     0     0
3106     0     0     0     0     0     0     0
3110     0     0     0     0     0     0     0
3114     0     0     0     0     0     0     0
3118     0     0     0     0     0     0     0
3122     0     0     0     0     0     0     0
3126     0     0     0     0     0     0     0
3130     0     0     0     0     0     0     0
3134     0     0     0     0     0     0     0
3138     0     0     0     0     0     0     0
3142     0     0     0     0     0     0     0
3146     0     0     0     0     0     0     0
3150     0     0     0     0     0     0     0
3154     0     0     0     0     0     0     0
3158     0     0     0     0     0     0     0
3162     0     0     0     0     0     0     0
3166     0     0     0     0     0     0     0
3170     0     0     0     0     0     0     0
3174     0     0     0     0     0     0     0
3178     0     0     0     0     0     0     0
3182     0     0     0     0     0     0     0
3186     0     0     0     0     0     0     0
3190     0     0     0     0     0     0     0
3194     0     0     0     0     0     0     0
3198     0     0     0     0     0     0     0
3202     0     0     0     0     0     0     0
3206     0     0     0     0     0     0     0
3210     0     0     0     0     0     0     0
3214     0     0     0     0     0     0     0
3218     0     0     0     0     0     0     0
3222     0     0     0     0     0     0     0
3226     0     0     0     0     0     0     0
3230     0     0     0     0     0     0     0
3234     0     0     0     0     0     0     0
3238     0     0     0     0     0     0     0
3242     0     0     0     0     0     0     0
3246     0     0     0     0     0     0     0
3250     0     0     0     0     0     0     0
3254     0     0     0     0     0     0     0
3258     0     0     0     0     0     0     0
3262     0     0     0     0     0     0     0
3266     0     0     0     0     0     0     0
3270     0     0     0     0     0     0     0
3274     0     0     0     0     0     0     0
3278     0     0     0     0     0     0     0
3282     0     0     0     0     0     0     0
3286     0     0     0     0     0     0     0
3290     0     0     0     0     0     0     0
3294     0     0     0     0     0     0     0
3298     0     0     0     0     0     0     0
3302     0     0     0     0     0     0     0
3306     0     0     0     0     0     0     0
3310     0     0     0     0     0     0     0
3314     0     0     0     0     0     0     0
3318     0     0     0     0     0     0     0
3322     0     0     0     0     0     0     0
3326     0     0     0     0     0     0     0
3330     0     0     0     0     0     0     0
3334     0     0     0     0     0     0     0
3338     0     0     0     0     0     0     0
3342     0     0     0     0     0     0     0
3346     0     0     0     0     0     0     0
3350     0     0     0     0     0     0     0
3354     0     0     0     0     0     0     0
3358     0     0     0     0     0     0     0
3362     0     0     0     0     0     0     0
3366     0     0     0     0     0     0     0
3370     0     0     0     0     0     0     0
3374     0     0     0     0     0     0     0
3378     0     0     0     0     0     0     0
3382     0     0     0     0     0     0     0
3386     0     0     0     0     0     0     0
3390     0     0     0     0     0     0     0
3394     0     0     0     0     0     0     0
3398     0     0     0     0     0     0     0
3402     0     0     0     0     0     0     0
3406     0     0     0     0     0     0     0
3410     0     0     0     0     0     0     0
3414     0     0     0     0     0     0     0
3418     0     0     0     0     0     0     0
3422     0     0     0     0     0     0     0
3426     0     0     0     0     0     0     0
3430     0     0     0     0     0     0     0
3434     0     0     0     0     0     0     0
3438     0     0     0     0     0     0     0
3442     0     0     0     0     0     0     0
3446     0     0     0     0     0     0     0
3450     0     0     0     0     0     0     0
3454     0     0     0     0     0     0     0
3458     0     0     0     0     0     0     0
3462     0     0     0     0     0     0     0
3466     0     0     0     0     0     0     0
3470     0     0     0     0     0     0     0
3474     0     0     0     0     0     0     0
3478     0     0     0     0     0     0     0
3482     0     0     0     0     0     0     0
3486     0     0     0     0     0     0     0
3490     0     0     0     0     0     0     0
3494     0     0     0     0     0     0     0
3498     0     0     0     0     0     0     0
3502     0     0     0     0     0     0     0
3506     0     0     0     0     0     0     0
3510     0     0     0     0     0     0     0
3514     0     0     0     0     0     0     0
3518     0     0     0     0     0     0     0
3522     0     0     0     0     0     0     0
3526     0     0     0     0     0     0     0
3530     0     0     0     0     0     0     0
3534     0     0     0     0     0     0     0
3538     0     0     0     0     0     0     0
3542     0     0     0     0     0     0     0
3546     0     0     0     0     0     0     0
3550     0     0     0     0     0     0     0
3554     0     0     0     0     0     0     0
3558     0     0     0     0     0     0     0
3562     0     0     0     0     0     0     0
3566     0     0     0     0     0     0     0
3570     0     0     0     0     0     0     0
3574     0     0     0     0     0     0     0
3578     0     0     0     0     0     0     0
3582     0     0     0     0     0     0     0
3586     0     0     0     0     0     0     0
3590     0     0     0     0     0     0     0
3594     0     0     0     0     0     0     0
3598     0     0     0     0     0     0     0
3602     0     0     0     0     0     0     0
3606     0     0     0     0     0     0     0
3610     0     0     0     0     0     0     0
3614     0     0     0     0     0     0     0
3618     0     0     0     0     0     0     0
3622     0     0     0     0     0     0     0
3626     0     0     0     0     0     0     0
3630     0     0     0     0     0     0     0
3634     0     0     0     0     0     0     0
3638     0     0     0     0     0     0     0
3642     0     0     0     0     0     0     0
3646     0     0     0     0     0     0     0
3650     0     0     0     0     0     0     0
3654     0     0     0     0     0     0     0
3658     0     0     0     0     0     0     0
3662     0     0     0     0     0     0     0
3666     0     0     0     0     0     0     0
3670     0     0     0     0     0     0     0
3674     0     0     0     0     0     0     0
3678     0     0     0     0     0     0     0
3682     0     0     0     0     0     0     0
3686     0     0     0     0     0     0     0
3690     0     0     0     0     0     0     0
3694     0     0     0     0     0     0     0
3698     0     0     0     0     0     0     0
3702     0     0     0     0     0     0     0
3706     0     0     0     0     0     0     0
3710     0     0     0     0     0     0     0
3714     0     0     0     0     0     0     0
3718     0     0     0     0     0     0     0
3722     0     0     0     0     0     0     0
3726     0     0     0     0     0     0     0
3730     0     0     0     0     0     0     0
3734     0     0     0     0     0     0     0
3738     0     0     0     0     0     0     0
3742     0     0     0     0     0     0     0
3746     0     0     0     0     0     0     0
3750     0     0     0     0     0     0     0
3754     0     0     0     0     0     0     0
3758     0     0     0     0     0     0     0
3762     0     0     0     0     0     0     0
3766     0     0     0     0     0     0     0
3770     0     0     0     0     0     0     0
3774     0     0     0     0     0     0     0
3778     0     0     0     0     0     0     0
3782     0     0     0     0     0     0     0
3786     0     0     0     0     0     0     0
3790     0     0     0     0     0     0     0
3794     0     0     0     0     0     0     0
3798     0     0     0     0     0     0     0
3802     0     0     0     0     0     0     0
3806     0     0     0     0     0     0     0
3810     0     0     0     0     0     0     0
3814     0     0     0     0     0     0     0
3818     0     0     0     0     0     0     0
3822     0     0     0     0     0     0     0
3826     0     0     0     0     0     0     0
3830     0     0     0     0     0     0     0
3834     0     0     0     0     0     0     0
3838     0     0     0     0     0     0     0
3842     0     0     0     0     0     0     0
3846     0     0     0     0     0     0     0
3850     0     0     0     0     0     0     0
3854     0     0     0     0     0     0     0
3858     0     0     0     0     0     0     0
3862     0     0     0     0     0     0     0
3866     0     0     0     0     0     0     0
3870     0     0     0     0     0     0     0
3874     0     0     0     0     0     0     0
3878     0     0     0     0     0     0     0
3882     0     0     0     0     0     0     0
3886     0     0     0     0     0     0     0
3890     0     0     0     0     0     0     0
3894     0     0     0     0     0     0     0
3898     0     0     0     0     0     0     0
3902     0     0     0     0     0     0     0
3906     0     0     0     0     0     0     0
3910     0     0     0     0     0     0     0
3914     0     0     0     0     0     0     0
3918     0     0     0     0     0     0     0
3922     0     0     0     0     0     0     0
3926     0     0     0     0     0     0     0
3930     0     0     0     0     0     0     0
3934     0     0     0     0     0     0     0
3938     0     0     0     0     0     0     0
3942     0     0     0     0     0     0     0
3946     0     0     0     0     0     0     0
3950     0     0     0     0     0     0     0
3954     0     0     0     0     0     0     0
3958     0     0     0     0     0     0     0
3962     0     0     0     0     0     0     0
3966     0     0     0     0     0     0     0
3970     0     0     0     0     0     0     0
3974     0     0     0     0     0     0     0
3978     0     0     0     0     0     0     0
3982     0     0     0     0     0     0     0
3986     0     0     0     0     0     0     0
3990     0     0     0     0     0     0     0
3994     0     0     0     0     0     0     0
3998     0     0     0     0     0     0     0
