2     0     0     0     0     0     0     0
6     0     0     0     0     0     0     0
10     0     0     0     0     0     0     0
14     0     0     0     0     0     0     0
18     0     0     0     0     0     0     0
22     0     0     0     0     0     0     0
26     0.00011143     5.67592e-08     5.67592e-08     5.67592e-08     5.82127e-08     5.90147e-08     5.76731e-08
30     0.00011143     4.59724e-08     4.59724e-08     4.59724e-08     4.71497e-08     4.77993e-08     4.67126e-08
34     0.000144859     5.12306e-08     5.12306e-08     5.12306e-08     5.25426e-08     5.32664e-08     5.20555e-08
38     0.000178287     5.3472e-08     5.3472e-08     5.3472e-08     5.48413e-08     5.55969e-08     5.43329e-08
42     0.000167144     4.3979e-08     4.3979e-08     4.3979e-08     4.51053e-08     4.57266e-08     4.46871e-08
46     0.000139287     3.21982e-08     3.21982e-08     3.21982e-08     3.30227e-08     3.34777e-08     3.27166e-08
50     0.000195002     4.05812e-08     4.05812e-08     4.05812e-08     4.16204e-08     4.21938e-08     4.12346e-08
54     0.000362146     6.81666e-08     6.81666e-08     6.81666e-08     6.99123e-08     7.08754e-08     6.92642e-08
58     0.000373289     6.47094e-08     6.47094e-08     6.47094e-08     6.63666e-08     6.72809e-08     6.57513e-08
62     0.000250717     4.02067e-08     4.02067e-08     4.02067e-08     4.12364e-08     4.18045e-08     4.08541e-08
66     0.000295289     4.47799e-08     4.47799e-08     4.47799e-08     4.59267e-08     4.65594e-08     4.55009e-08
70     0.000406718     5.85552e-08     5.85552e-08     5.85552e-08     6.00547e-08     6.08821e-08     5.9498e-08
74     0.000479147     6.59235e-08     6.59235e-08     6.59235e-08     6.76118e-08     6.85432e-08     6.6985e-08
78     0.000434576     5.79803e-08     5.79803e-08     5.79803e-08     5.94652e-08     6.02844e-08     5.89139e-08
82     0.000479147     6.24258e-08     6.24258e-08     6.24258e-08     6.40245e-08     6.49065e-08     6.3431e-08
86     0.000518148     6.64816e-08     6.64816e-08     6.64816e-08     6.81841e-08     6.91235e-08     6.75521e-08
90     0.000479147     6.096e-08     6.096e-08     6.096e-08     6.25211e-08     6.33825e-08     6.19415e-08
94     0.000702007     8.91638e-08     8.91638e-08     8.91638e-08     9.14472e-08     9.2707e-08     9.05994e-08
98     0.000624006     7.95785e-08     7.95785e-08     7.95785e-08     8.16164e-08     8.27408e-08     8.08598e-08
102     0.000529291     6.8116e-08     6.8116e-08     6.8116e-08     6.98604e-08     7.08228e-08     6.92128e-08
106     0.000735436     9.58354e-08     9.58354e-08     9.58354e-08     9.82896e-08     9.96437e-08     9.73784e-08
110     0.000668578     8.9163e-08     8.9163e-08     8.9163e-08     9.14463e-08     9.27062e-08     9.05986e-08
114     0.000707578     9.80377e-08     9.80377e-08     9.80377e-08     1.00548e-07     1.01934e-07     9.96162e-08
118     0.000819008     1.19264e-07     1.19264e-07     1.19264e-07     1.22318e-07     1.24003e-07     1.21184e-07
122     0.000874723     1.37093e-07     1.37093e-07     1.37093e-07     1.40603e-07     1.4254e-07     1.393e-07
126     0.000674149     1.16719e-07     1.16719e-07     1.16719e-07     1.19708e-07     1.21357e-07     1.18598e-07
130     0.000841294     1.64865e-07     1.64865e-07     1.64865e-07     1.69087e-07     1.71416e-07     1.67519e-07
134     0.000924866     2.09887e-07     2.09887e-07     2.09887e-07     2.15262e-07     2.18228e-07     2.13267e-07
138     0.000986152     2.68695e-07     2.68695e-07     2.68695e-07     2.75576e-07     2.79373e-07     2.73022e-07
142     0.000947152     3.21156e-07     3.21156e-07     3.21156e-07     3.2938e-07     3.33918e-07     3.26327e-07
146     0.00100287     4.40084e-07     4.40084e-07     4.40084e-07     4.51354e-07     4.57572e-07     4.4717e-07
150     0.000824579     4.99029e-07     4.99029e-07     4.99029e-07     5.11809e-07     5.1886e-07     5.07064e-07
154     0.000924866     8.36702e-07     8.36702e-07     8.36702e-07     8.58129e-07     8.69951e-07     8.50174e-07
158     0.00100287     1.69686e-06     1.69686e-06     1.69686e-06     1.74032e-06     1.76429e-06     1.72418e-06
162     0.00114773     5.33341e-06     5.33341e-06     5.33341e-06     5.47e-06     5.54535e-06     5.41929e-06
166     0.00109758     9.52386e-06     9.52386e-06     9.52386e-06     9.76776e-06     9.90232e-06     9.6772e-06
170     0.00108644     1.26129e-05     1.26129e-05     1.26129e-05     1.29359e-05     1.31141e-05     1.2816e-05
174     0.00118673     1.688e-05     1.688e-05     1.688e-05     1.73122e-05     1.75507e-05     1.71517e-05
178     0.00120344     2.02072e-05     2.02072e-05     2.02072e-05     2.07247e-05     2.10102e-05     2.05326e-05
182     0.00133158     2.688e-05     2.688e-05     2.688e-05     2.75684e-05     2.79482e-05     2.73128e-05
186     0.00139844     3.40538e-05     3.40538e-05     3.40538e-05     3.49259e-05     3.54071e-05     3.46021e-05
190     0.00123687     3.51438e-05     3.51438e-05     3.51438e-05     3.60438e-05     3.65403e-05     3.57096e-05
194     0.00148201     4.7524e-05     4.7524e-05     4.7524e-05     4.87411e-05     4.94125e-05     4.82892e-05
198     0.00148201     5.25851e-05     5.25851e-05     5.25851e-05     5.39318e-05     5.46747e-05     5.34318e-05
202     0.00147087     5.68798e-05     5.68798e-05     5.68798e-05     5.83364e-05     5.91401e-05     5.77956e-05
206     0.00147087     6.1787e-05     6.1787e-05     6.1787e-05     6.33693e-05     6.42423e-05     6.27819e-05
210     0.00167144     7.62345e-05     7.62345e-05     7.62345e-05     7.83541e-05     7.95069e-05     7.75784e-05
214     0.00161016     7.8927e-05     7.8927e-05     7.8927e-05     8.12937e-05     8.25653e-05     8.0438e-05
218     0.0016213     8.52305e-05     8.52305e-05     8.52305e-05     8.7781e-05     8.91524e-05     8.68583e-05
222     0.00151544     8.50441e-05     8.50441e-05     8.50441e-05     8.76206e-05     8.90038e-05     8.669e-05
226     0.00155444     9.26743e-05     9.26743e-05     9.26743e-05     9.55028e-05     9.70197e-05     9.44822e-05
230     0.0017383     0.000110217     0.000110217     0.000110217     0.000113605     0.00011542     0.000112384
234     0.00167702     0.000112708     0.000112708     0.000112708     0.000116206     0.000118078     0.000114947
238     0.00180516     0.000128267     0.000128267     0.000128267     0.000132288     0.000134435     0.000130842
242     0.00168816     0.000126926     0.000126926     0.000126926     0.00013093     0.000133068     0.000129491
246     0.00190545     0.0001509     0.0001509     0.0001509     0.000155727     0.000158299     0.000153996
250     0.0019723     0.000164066     0.000164066     0.000164066     0.000169354     0.000172168     0.000167459
254     0.00212831     0.000186409     0.000186409     0.000186409     0.000192487     0.000195715     0.000190314
258     0.00210602     0.00019395     0.00019395     0.00019395     0.000200342     0.000203729     0.000198061
262     0.00201131     0.00019407     0.00019407     0.00019407     0.000200534     0.000203952     0.000198231
266     0.00207816     0.000210343     0.000210343     0.000210343     0.00021743     0.000221172     0.000214909
270     0.00203359     0.000215239     0.000215239     0.000215239     0.000222592     0.000226467     0.000219981
274     0.00190545     0.000210484     0.000210484     0.000210484     0.000217748     0.000221572     0.000215171
278     0.00226759     0.000261858     0.000261858     0.000261858     0.000271051     0.000275879     0.000267795
282     0.00232888     0.000280857     0.000280857     0.000280857     0.000290821     0.000296046     0.000287298
286     0.00211159     0.000265544     0.000265544     0.000265544     0.000275113     0.000280118     0.000271737
290     0.00232331     0.000304016     0.000304016     0.000304016     0.00031512     0.000320915     0.00031121
294     0.00262417     0.000357278     0.000357278     0.000357278     0.000370562     0.000377481     0.000365893
298     0.00236788     0.000334702     0.000334702     0.000334702     0.000347358     0.000353938     0.000342916
302     0.00241245     0.000354263     0.000354263     0.000354263     0.000367927     0.000375014     0.000363142
306     0.00294731     0.000448865     0.000448865     0.000448865     0.00046657     0.000475724     0.000460387
310     0.00291946     0.00046121     0.00046121     0.00046121     0.000479534     0.000488996     0.000473142
314     0.00314789     0.00051577     0.00051577     0.00051577     0.000536848     0.000547689     0.00052952
318     0.00313117     0.000531241     0.000531241     0.000531241     0.000553457     0.000564848     0.000545754
322     0.0030476     0.0005348     0.0005348     0.0005348     0.000557779     0.000569521     0.000549835
326     0.0030476     0.000552736     0.000552736     0.000552736     0.000577177     0.000589621     0.000568754
330     0.00338189     0.000633445     0.000633445     0.000633445     0.000661962     0.000676443     0.000652156
334     0.00333732     0.00064445     0.00064445     0.00064445     0.000674621     0.000689854     0.000664296
338     0.00346546     0.000691024     0.000691024     0.000691024     0.000724431     0.000741208     0.000713049
342     0.00354346     0.000728622     0.000728622     0.000728622     0.000765238     0.000783519     0.000752821
346     0.00361032     0.000767844     0.000767844     0.000767844     0.000808002     0.000827992     0.000794421
350     0.00390561     0.000863681     0.000863681     0.000863681     0.000911587     0.000935326     0.000895453
354     0.00361032     0.000835346     0.000835346     0.000835346     0.000883991     0.000908034     0.000867649
358     0.0040059     0.000970828     0.000970828     0.000970828     0.00103035     0.0010597     0.00101039
362     0.00403375     0.00102357     0.00102357     0.00102357     0.00108941     0.00112181     0.00106739
366     0.00440147     0.00116722     0.00116722     0.00116722     0.00124613     0.00128487     0.0012198
370     0.00424547     0.00117512     0.00117512     0.00117512     0.00125898     0.00130004     0.00123106
374     0.0046689     0.00134895     0.00134895     0.00134895     0.00144906     0.00149803     0.00141577
378     0.00471905     0.00142217     0.00142217     0.00142217     0.00153327     0.00158755     0.00149638
382     0.00484162     0.00151835     0.00151835     0.00151835     0.00164159     0.00170176     0.00160069
386     0.00520376     0.00169513     0.00169513     0.00169513     0.00183928     0.00190958     0.00179149
390     0.00537648     0.00181606     0.00181606     0.00181606     0.00197778     0.00205656     0.00192423
394     0.00563277     0.0019698     0.0019698     0.0019698     0.00215328     0.00224257     0.00209258
398     0.00617877     0.00223352     0.00223352     0.00223352     0.00245129     0.00255719     0.00237931
402     0.00606734     0.002267     0.002267     0.002267     0.00249804     0.00261033     0.00242171
406     0.00657435     0.00253704     0.00253704     0.00253704     0.00280689     0.00293801     0.00271777
410     0.00639606     0.00254723     0.00254723     0.00254723     0.00283019     0.00296764     0.00273677
414     0.00709807     0.00291313     0.00291313     0.00291313     0.0032515     0.00341573     0.00313986
418     0.00756607     0.00319608     0.00319608     0.00319608     0.00358272     0.00377032     0.0034552
422     0.0077945     0.00338646     0.00338646     0.00338646     0.00381498     0.00402289     0.00367366
426     0.00800065     0.00357     0.00357     0.00357     0.00404054     0.00426899     0.00388533
430     0.00884751     0.00405489     0.00405489     0.00405489     0.00461132     0.00488154     0.00442776
434     0.00891437     0.0041948     0.0041948     0.0041948     0.00479459     0.00508566     0.00459681
438     0.0099841     0.00481987     0.00481987     0.00481987     0.00553506     0.00588203     0.00529927
442     0.0101902     0.00504625     0.00504625     0.00504625     0.00582289     0.00620007     0.00556666
446     0.011143     0.00565572     0.00565572     0.00565572     0.00655694     0.00699559     0.00625915
450     0.0114773     0.0059647     0.0059647     0.0059647     0.00694851     0.00742831     0.00662298
454     0.0116333     0.00618917     0.00618917     0.00618917     0.0072416     0.0077553     0.00689313
458     0.0126863     0.00690834     0.00690834     0.00690834     0.00811691     0.00870659     0.0077168
462     0.0137058     0.00763583     0.00763583     0.00763583     0.00900393     0.00967054     0.00855136
466     0.0137616     0.00784801     0.00784801     0.00784801     0.00928798     0.00998828     0.0088122
470     0.0145249     0.00847646     0.00847646     0.00847646     0.0100619     0.0108318     0.00953851
474     0.0169652     0.0101313     0.0101313     0.0101313     0.0120571     0.0129918     0.0114215
478     0.0180962     0.0110555     0.0110555     0.0110555     0.0131765     0.0142065     0.0124759
482     0.0190545     0.011924     0.011924     0.011924     0.0142254     0.0153452     0.0134642
486     0.0211438     0.0135603     0.0135603     0.0135603     0.0161833     0.0174622     0.0153142
490     0.0223918     0.014729     0.014729     0.014729     0.0175611     0.0189443     0.0166214
494     0.0239852     0.0161931     0.0161931     0.0161931     0.0192774     0.0207848     0.0182533
498     0.0256511     0.017799     0.017799     0.017799     0.0211193     0.0227426     0.0200161
502     0.0281248     0.0200878     0.0200878     0.0200878     0.0237359     0.0255211     0.0225225
506     0.0301417     0.022213     0.022213     0.022213     0.0261134     0.0280259     0.024814
510     0.0332896     0.0253841     0.0253841     0.0253841     0.02965     0.0317476     0.0282254
514     0.0348942     0.0276095     0.0276095     0.0276095     0.032011     0.0341829     0.0305367
518     0.0380867     0.031368     0.031368     0.031368     0.0360472     0.038365     0.034475
522     0.040722     0.0350288     0.0350288     0.0350288     0.0398634     0.0422668     0.0382339
526     0.0426274     0.0384413     0.0384413     0.0384413     0.0432886     0.0457059     0.04165
530     0.0444214     0.042116     0.042116     0.042116     0.046889     0.0492765     0.0452706
534     0.0460539     0.0460218     0.0460218     0.0460218     0.0506255     0.0529362     0.049059
538     0.04821     0.050835     0.050835     0.050835     0.0552193     0.0574303     0.0537204
542     0.0468896     0.052169     0.052169     0.052169     0.0559343     0.0578472     0.0546379
546     0.0473297     0.055488     0.055488     0.055488     0.0586986     0.0603491     0.0575812
550     0.045948     0.0565269     0.0565269     0.0565269     0.0589939     0.0602864     0.0581203
554     0.0444103     0.0570053     0.0570053     0.0570053     0.0586912     0.0594256     0.0582512
558     0.040956     0.0544773     0.0544773     0.0544773     0.0553196     0.0558211     0.0549843
562     0.0392845     0.0536795     0.0536795     0.0536795     0.0537991     0.0539474     0.053704
566     0.0362648     0.0505357     0.0505357     0.0505357     0.0499801     0.0497929     0.0501127
570     0.0336518     0.0475666     0.0475666     0.0475666     0.0464354     0.0459612     0.0467628
574     0.0304649     0.0435328     0.0435328     0.0435328     0.0419705     0.0412788     0.0424455
578     0.0281861     0.0405865     0.0405865     0.0405865     0.03866     0.0377856     0.0392592
582     0.0263085     0.0380448     0.0380448     0.0380448     0.0358061     0.0347746     0.0365122
586     0.0228542     0.0331134     0.0331134     0.0331134     0.0308139     0.0297434     0.0315459
590     0.0208875     0.0303276     0.0303276     0.0303276     0.0279132     0.0267805     0.0286873
594     0.0194835     0.0283941     0.0283941     0.0283941     0.0258603     0.0246641     0.0266772
598     0.0166699     0.0243839     0.0243839     0.0243839     0.0219872     0.0208496     0.0227635
602     0.0154553     0.0226447     0.0226447     0.0226447     0.0202156     0.0190565     0.0210059
606     0.0142073     0.0208116     0.0208116     0.0208116     0.018411     0.0172603     0.0191951
610     0.012625     0.0185014     0.0185014     0.0185014     0.0162255     0.0151306     0.0169711
614     0.0122907     0.0180597     0.0180597     0.0180597     0.0157061     0.0145712     0.0164789
618     0.0104465     0.0154182     0.0154182     0.0154182     0.0132977     0.0122735     0.0139951
622     0.00988381     0.0146579     0.0146579     0.0146579     0.0125424     0.0115189     0.0132392
626     0.0091428     0.0136205     0.0136205     0.0136205     0.0115722     0.0105794     0.0122481
630     0.00836837     0.0125222     0.0125222     0.0125222     0.0105594     0.00960606     0.0112083
634     0.00792822     0.0119153     0.0119153     0.0119153     0.00998439     0.00904494     0.0106238
638     0.00711478     0.0107478     0.0107478     0.0107478     0.00894599     0.00806758     0.00954374
642     0.0068585     0.0104292     0.0104292     0.0104292     0.00862776     0.00774744     0.00922656
646     0.00607292     0.00930895     0.00930895     0.00930895     0.00765279     0.00684158     0.00820437
650     0.00584449     0.00903466     0.00903466     0.00903466     0.00738239     0.00657165     0.00793352
654     0.00539877     0.00841295     0.00841295     0.00841295     0.00683905     0.00606638     0.00736443
658     0.00483605     0.00759645     0.00759645     0.00759645     0.00613899     0.00542316     0.00662589
662     0.00451847     0.00715354     0.00715354     0.00715354     0.00574933     0.00505852     0.00621903
666     0.0042789     0.00682995     0.00682995     0.00682995     0.00546131     0.00478628     0.00592002
670     0.00402261     0.00647254     0.00647254     0.00647254     0.00515324     0.00450112     0.00559622
674     0.00384432     0.00623573     0.00623573     0.00623573     0.00494072     0.00429964     0.00537612
678     0.00333732     0.00545546     0.00545546     0.00545546     0.00430319     0.00373232     0.00469099
682     0.00325932     0.00536897     0.00536897     0.00536897     0.0042181     0.00364753     0.00460569
686     0.00328717     0.00545552     0.00545552     0.00545552     0.00426551     0.003675     0.00466664
690     0.00305317     0.00510894     0.00510894     0.00510894     0.00397656     0.00341369     0.0043588
694     0.00270774     0.00457405     0.00457405     0.00457405     0.00354423     0.00303111     0.00389252
698     0.0026186     0.00446697     0.00446697     0.00446697     0.00344814     0.00293924     0.00379337
702     0.00240688     0.00414403     0.00414403     0.00414403     0.00318853     0.00271035     0.00351279
706     0.00222859     0.003871     0.003871     0.003871     0.00296764     0.00251499     0.00327455
710     0.00226202     0.00396815     0.00396815     0.00396815     0.00302722     0.0025553     0.0033472
714     0.00230102     0.00408128     0.00408128     0.00408128     0.00310364     0.00261284     0.00343639
718     0.00189988     0.00340638     0.00340638     0.00340638     0.00257999     0.00216454     0.0028616
722     0.00183859     0.00332841     0.00332841     0.00332841     0.00250975     0.00209735     0.00278918
726     0.00163244     0.00297941     0.00297941     0.00297941     0.00223905     0.00186516     0.00249223
730     0.00166587     0.00306624     0.00306624     0.00306624     0.00229906     0.00191075     0.00256185
734     0.0015823     0.00293951     0.00293951     0.00293951     0.00219486     0.00181744     0.00245025
738     0.00158787     0.00297938     0.00297938     0.00297938     0.00221738     0.00183069     0.00247896
742     0.00141516     0.00268506     0.00268506     0.00268506     0.00199049     0.0016375     0.00222927
746     0.00142073     0.0027255     0.0027255     0.0027255     0.00201471     0.00165265     0.00225947
750     0.0014653     0.00284165     0.00284165     0.00284165     0.00209331     0.00171136     0.00235141
754     0.00122015     0.00238772     0.00238772     0.00238772     0.00175252     0.00142797     0.00197185
758     0.000958295     0.00189172     0.00189172     0.00189172     0.00138555     0.00112659     0.00156048
762     0.00114773     0.00228628     0.00228628     0.00228628     0.00166838     0.00135177     0.00188217
766     0.00111987     0.00225266     0.00225266     0.00225266     0.00164028     0.00132592     0.00185248
770     0.00100287     0.00204001     0.00204001     0.00204001     0.00147892     0.00119029     0.00167366
774     0.000880294     0.00181006     0.00181006     0.00181006     0.00130729     0.00104819     0.00148202
778     0.000919295     0.00191104     0.00191104     0.00191104     0.00137698     0.00110128     0.00156286
782     0.000807865     0.00169653     0.00169653     0.00169653     0.00121894     0.000971861     0.00138545
786     0.000874723     0.00185327     0.00185327     0.00185327     0.0013266     0.00105344     0.00151057
790     0.000796722     0.00170355     0.00170355     0.00170355     0.00121511     0.000961166     0.00138602
794     0.000869151     0.00187629     0.00187629     0.00187629     0.00133654     0.00105545     0.00152564
798     0.000746579     0.00162876     0.00162876     0.00162876     0.00115546     0.000908634     0.00132148
802     0.000735436     0.00162087     0.00162087     0.00162087     0.00114799     0.000901041     0.00131406
806     0.000768865     0.00171312     0.00171312     0.00171312     0.00120887     0.000944951     0.00138623
810     0.00071315     0.0016066     0.0016066     0.0016066     0.00113037     0.000880491     0.00129817
814     0.000679721     0.00154685     0.00154685     0.00154685     0.00108464     0.000841523     0.00124782
818     0.000507005     0.00116547     0.00116547     0.00116547     0.000816148     0.000632072     0.00093963
822     0.000551577     0.0012808     0.0012808     0.0012808     0.000894421     0.000690803     0.00103104
826     0.000607292     0.00142269     0.00142269     0.00142269     0.000990267     0.000762488     0.00114317
830     0.000534862     0.00126623     0.00126623     0.00126623     0.000877273     0.000671968     0.00101502
834     0.000501433     0.00119989     0.00119989     0.00119989     0.000828991     0.000632057     0.000960867
838     0.000484719     0.00117143     0.00117143     0.00117143     0.000808032     0.000613903     0.000937758
842     0.000534862     0.00130674     0.00130674     0.00130674     0.00089776     0.000678791     0.00104401
846     0.000479147     0.00118144     0.00118144     0.00118144     0.000809707     0.000610952     0.00094254
850     0.000495862     0.00123513     0.00123513     0.00123513     0.000845259     0.000637049     0.00098452
854     0.000445719     0.00112242     0.00112242     0.00112242     0.00076467     0.000573112     0.000892698
858     0.000456862     0.00116245     0.00116245     0.00116245     0.000791577     0.000592093     0.000924704
862     0.00049029     0.00125946     0.00125946     0.00125946     0.000853264     0.000633891     0.000999474
866     0.000395575     0.00102687     0.00102687     0.00102687     0.000694879     0.000515032     0.000814639
870     0.000362146     0.000948916     0.000948916     0.000948916     0.000639312     0.000471151     0.000751198
874     0.00033986     0.000899663     0.000899663     0.000899663     0.000604792     0.000444179     0.000711569
878     0.000356575     0.000952846     0.000952846     0.000952846     0.000640242     0.000469595     0.000753622
882     0.000351003     0.00094741     0.00094741     0.00094741     0.000632826     0.000460911     0.000747029
886     0.000295289     0.000804457     0.000804457     0.000804457     0.000536582     0.000390118     0.00063388
890     0.000289717     0.000797305     0.000797305     0.000797305     0.000530479     0.000384211     0.000627575
894     0.000306432     0.000852424     0.000852424     0.000852424     0.000563959     0.000404954     0.000669306
898     0.000317575     0.000892912     0.000892912     0.000892912     0.000591302     0.000424055     0.000701882
902     0.000234002     0.000664489     0.000664489     0.000664489     0.00043841     0.000312721     0.000521445
906     0.000278574     0.000799073     0.000799073     0.000799073     0.000526496     0.000374985     0.000626624
910     0.00033986     0.000984798     0.000984798     0.000984798     0.000646483     0.000458448     0.000770799
914     0.000328717     0.000961861     0.000961861     0.000961861     0.00062976     0.00044465     0.000752022
918     0.000245145     0.000724972     0.000724972     0.000724972     0.000472155     0.00033066     0.00056549
922     0.000211716     0.000632972     0.000632972     0.000632972     0.000411639     0.000287245     0.000493571
926     0.000239574     0.000722301     0.000722301     0.000722301     0.000469448     0.000326955     0.000563213
930     0.00018943     0.000577621     0.000577621     0.000577621     0.000373462     0.000258084     0.000449328
934     0.000245145     0.000753864     0.000753864     0.000753864     0.000485529     0.000333546     0.000585393
938     0.000217288     0.000675843     0.000675843     0.000675843     0.0004348     0.000297973     0.000524658
942     0.000222859     0.000699674     0.000699674     0.000699674     0.000448676     0.000305982     0.000542348
946     0.000217288     0.000689559     0.000689559     0.000689559     0.000441523     0.000300316     0.000534186
950     0.000195002     0.000624515     0.000624515     0.000624515     0.000398971     0.000270298     0.000483359
954     0.000250717     0.000810331     0.000810331     0.000810331     0.000515982     0.000347438     0.000626374
958     0.000195002     0.000636868     0.000636868     0.000636868     0.000403289     0.000268864     0.000491188
962     0.000183859     0.000606797     0.000606797     0.000606797     0.000384236     0.000255558     0.00046823
966     0.000172716     0.000575508     0.000575508     0.000575508     0.00036335     0.00024027     0.000443607
970     0.000167144     0.000562951     0.000562951     0.000562951     0.000354889     0.000233745     0.00043378
974     0.000161573     0.000549538     0.000549538     0.000549538     0.000345885     0.000226958     0.000423268
978     0.000144859     0.00049696     0.00049696     0.00049696     0.000311918     0.000203551     0.000382355
982     0.000133716     0.00046447     0.00046447     0.00046447     0.000290404     0.000188138     0.00035681
986     0.000178287     0.000624228     0.000624228     0.000624228     0.000389872     0.000251887     0.0004794
990     0.000128144     0.000453182     0.000453182     0.000453182     0.000281704     0.000180521     0.000347314
994     0.000139287     0.00049801     0.00049801     0.00049801     0.000309253     0.000197655     0.000381575
998     0.000133716     0.00048274     0.00048274     0.00048274     0.000298237     0.000189003     0.000368992
1002     0.000128144     0.000467041     0.000467041     0.000467041     0.000479002     0.000485601     0.000474561
1006     0.000178287     0.000656989     0.000656989     0.000656989     0.000673814     0.000683097     0.000667568
1010     0.000117001     0.000435445     0.000435445     0.000435445     0.000446596     0.000452749     0.000442456
1014     0.000133716     0.000502818     0.000502818     0.000502818     0.000515694     0.000522799     0.000510914
1018     0.000144859     0.000550499     0.000550499     0.000550499     0.000564596     0.000572375     0.000559362
1022     0.000117001     0.000449148     0.000449148     0.000449148     0.00046065     0.000466996     0.00045638
1026     8.35722e-05     0.000324401     0.000324401     0.000324401     0.000332708     0.000337292     0.000329624
1030     7.24293e-05     0.000284134     0.000284134     0.000284134     0.00029141     0.000295425     0.000288709
1034     9.47152e-05     0.000374992     0.000374992     0.000374992     0.000384595     0.000389894     0.00038103
1038     0.000105858     0.000423479     0.000423479     0.000423479     0.000434324     0.000440307     0.000430298
1042     9.47152e-05     0.000383227     0.000383227     0.000383227     0.000393041     0.000398456     0.000389398
1046     0.000128144     0.000523378     0.000523378     0.000523378     0.000536782     0.000544177     0.000531805
1050     0.000100287     0.000414343     0.000414343     0.000414343     0.000424954     0.000430808     0.000421014
1054     7.24293e-05     0.000302339     0.000302339     0.000302339     0.000310081     0.000314353     0.000307207
1058     6.68578e-05     0.00028139     0.00028139     0.00028139     0.000288596     0.000292572     0.000285921
1062     8.35722e-05     0.000356579     0.000356579     0.000356579     0.00036571     0.000370748     0.00036232
1066     6.68578e-05     0.000288001     0.000288001     0.000288001     0.000295377     0.000299446     0.000292638
1070     8.35722e-05     0.000363546     0.000363546     0.000363546     0.000372856     0.000377993     0.0003694
1074     8.35722e-05     0.000367763     0.000367763     0.000367763     0.000377181     0.000382377     0.000373684
1078     7.24293e-05     0.000321828     0.000321828     0.000321828     0.00033007     0.000334617     0.00032701
1082     8.35722e-05     0.000375077     0.000375077     0.000375077     0.000384682     0.000389982     0.000381116
1086     0.000100287     0.000454646     0.000454646     0.000454646     0.000466289     0.000472713     0.000461966
1090     0.00011143     0.00051037     0.00051037     0.00051037     0.00052344     0.000530651     0.000518587
1094     7.24293e-05     0.000335322     0.000335322     0.000335322     0.00034391     0.000348647     0.000340721
1098     7.80008e-05     0.000365135     0.000365135     0.000365135     0.000374485     0.000379644     0.000371014
1102     8.35722e-05     0.000394926     0.000394926     0.000394926     0.000405039     0.000410619     0.000401285
1106     2.78574e-05     0.000132741     0.000132741     0.000132741     0.00013614     0.000138016     0.000134878
1110     5.57148e-05     0.000268927     0.000268927     0.000268927     0.000275814     0.000279614     0.000273257
1114     4.45719e-05     0.000217203     0.000217203     0.000217203     0.000222766     0.000225835     0.000220701
1118     5.01433e-05     0.000246703     0.000246703     0.000246703     0.000253021     0.000256507     0.000250675
1122     8.91437e-05     0.000443409     0.000443409     0.000443409     0.000454764     0.000461029     0.000450548
1126     7.24293e-05     0.000363352     0.000363352     0.000363352     0.000372657     0.000377791     0.000369203
1130     5.01433e-05     0.000254305     0.000254305     0.000254305     0.000260818     0.000264411     0.0002584
1134     1.1143e-05     5.71084e-05     5.71084e-05     5.71084e-05     5.85709e-05     5.93778e-05     5.80279e-05
1138     3.90004e-05     0.000201972     0.000201972     0.000201972     0.000207145     0.000209998     0.000205224
1142     5.57148e-05     0.000290896     0.000290896     0.000290896     0.000298346     0.000302456     0.00029558
1146     5.01433e-05     0.000264725     0.000264725     0.000264725     0.000271505     0.000275245     0.000268988
1150     6.68578e-05     0.00035551     0.00035551     0.00035551     0.000364614     0.000369637     0.000361234
1154     5.57148e-05     0.000299773     0.000299773     0.000299773     0.00030745     0.000311685     0.0003046
1158     7.80008e-05     0.000423601     0.000423601     0.000423601     0.000434449     0.000440434     0.000430421
1162     5.57148e-05     0.000305786     0.000305786     0.000305786     0.000313617     0.000317937     0.000310709
1166     7.80008e-05     0.000431914     0.000431914     0.000431914     0.000442974     0.000449077     0.000438868
1170     4.45719e-05     0.000249621     0.000249621     0.000249621     0.000256013     0.00025954     0.00025364
1174     6.12863e-05     0.000346542     0.000346542     0.000346542     0.000355416     0.000360313     0.000352121
1178     4.45719e-05     0.000254471     0.000254471     0.000254471     0.000260987     0.000264583     0.000258568
1182     4.45719e-05     0.000256734     0.000256734     0.000256734     0.000263309     0.000266936     0.000260868
1186     2.78574e-05     0.000161959     0.000161959     0.000161959     0.000166107     0.000168395     0.000164567
1190     3.90004e-05     0.000228744     0.000228744     0.000228744     0.000234601     0.000237833     0.000232427
1194     5.57148e-05     0.0003298     0.0003298     0.0003298     0.000338246     0.000342905     0.00033511
1198     1.1143e-05     6.66633e-05     6.66633e-05     6.66633e-05     6.83705e-05     6.93124e-05     6.77366e-05
1202     5.57148e-05     0.000336136     0.000336136     0.000336136     0.000344744     0.000349494     0.000341548
1206     3.34289e-05     0.000203303     0.000203303     0.000203303     0.00020851     0.000211382     0.000206577
1210     1.67144e-05     0.000102734     0.000102734     0.000102734     0.000105365     0.000106816     0.000104388
1214     4.45719e-05     0.000276568     0.000276568     0.000276568     0.000283651     0.000287559     0.000281021
1218     2.78574e-05     0.000174834     0.000174834     0.000174834     0.000179311     0.000181782     0.000177649
1222     5.57148e-05     0.000351977     0.000351977     0.000351977     0.00036099     0.000365964     0.000357644
1226     1.67144e-05     0.00010679     0.00010679     0.00010679     0.000109524     0.000111033     0.000108509
1230     3.90004e-05     0.000250791     0.000250791     0.000250791     0.000257213     0.000260757     0.000254829
1234     4.45719e-05     0.000289404     0.000289404     0.000289404     0.000296815     0.000300904     0.000294063
1238     2.22859e-05     0.000146138     0.000146138     0.000146138     0.00014988     0.000151945     0.000148491
1242     2.22859e-05     0.000147309     0.000147309     0.000147309     0.000151081     0.000153163     0.000149681
1246     2.78574e-05     0.000185715     0.000185715     0.000185715     0.000190471     0.000193095     0.000188705
1250     3.90004e-05     0.000262604     0.000262604     0.000262604     0.000269329     0.00027304     0.000266832
1254     2.78574e-05     0.000189433     0.000189433     0.000189433     0.000194284     0.000196961     0.000192483
1258     3.34289e-05     0.000228772     0.000228772     0.000228772     0.00023463     0.000237863     0.000232455
1262     1.67144e-05     0.000115855     0.000115855     0.000115855     0.000118822     0.000120459     0.00011772
1266     2.78574e-05     0.000194193     0.000194193     0.000194193     0.000199166     0.000201909     0.000197319
1270     3.90004e-05     0.000274783     0.000274783     0.000274783     0.00028182     0.000285702     0.000279207
1274     1.1143e-05     7.92184e-05     7.92184e-05     7.92184e-05     8.12471e-05     8.23664e-05     8.04939e-05
1278     2.78574e-05     0.000199223     0.000199223     0.000199223     0.000204325     0.00020714     0.00020243
1282     1.1143e-05     8.01709e-05     8.01709e-05     8.01709e-05     8.2224e-05     8.33568e-05     8.14618e-05
1286     2.78574e-05     0.000203108     0.000203108     0.000203108     0.00020831     0.00021118     0.000206379
1290     2.78574e-05     0.00020426     0.00020426     0.00020426     0.000209491     0.000212377     0.000207549
1294     3.90004e-05     0.000288586     0.000288586     0.000288586     0.000295976     0.000300054     0.000293232
1298     2.22859e-05     0.000166551     0.000166551     0.000166551     0.000170816     0.000173169     0.000169232
1302     2.22859e-05     0.000168111     0.000168111     0.000168111     0.000172416     0.000174791     0.000170818
1306     2.22859e-05     0.000168939     0.000168939     0.000168939     0.000173265     0.000175652     0.000171659
1310     2.78574e-05     0.00021314     0.00021314     0.00021314     0.000218599     0.00022161     0.000216572
1314     1.67144e-05     0.000128907     0.000128907     0.000128907     0.000132208     0.00013403     0.000130983
1318     2.78574e-05     0.000216698     0.000216698     0.000216698     0.000222248     0.00022531     0.000220187
1322     1.67144e-05     0.000131037     0.000131037     0.000131037     0.000134393     0.000136244     0.000133147
1326     2.78574e-05     0.000220546     0.000220546     0.000220546     0.000226194     0.000229311     0.000224097
1330     2.22859e-05     0.000177491     0.000177491     0.000177491     0.000182036     0.000184544     0.000180348
1334     5.57148e-06     4.48442e-05     4.48442e-05     4.48442e-05     4.59926e-05     4.66262e-05     4.55662e-05
1338     1.1143e-05     9.0112e-05     9.0112e-05     9.0112e-05     9.24196e-05     9.36929e-05     9.15629e-05
1342     5.57148e-06     4.54291e-05     4.54291e-05     4.54291e-05     4.65925e-05     4.72344e-05     4.61606e-05
1346     5.57148e-06     4.59861e-05     4.59861e-05     4.59861e-05     4.71637e-05     4.78135e-05     4.67265e-05
1350     1.1143e-05     9.24209e-05     9.24209e-05     9.24209e-05     9.47877e-05     9.60936e-05     9.3909e-05
1354     1.1143e-05     9.34755e-05     9.34755e-05     9.34755e-05     9.58693e-05     9.719e-05     9.49805e-05
1358     5.57148e-06     4.69411e-05     4.69411e-05     4.69411e-05     4.81432e-05     4.88064e-05     4.76969e-05
1362     5.57148e-06     4.74877e-05     4.74877e-05     4.74877e-05     4.87038e-05     4.93748e-05     4.82523e-05
1366     1.1143e-05     9.56401e-05     9.56401e-05     9.56401e-05     9.80894e-05     9.94407e-05     9.71801e-05
1370     1.67144e-05     0.000144196     0.000144196     0.000144196     0.000147889     0.000149927     0.000146518
1374     5.57148e-06     4.85799e-05     4.85799e-05     4.85799e-05     4.98239e-05     5.05103e-05     4.93621e-05
1378     5.57148e-06     4.89435e-05     4.89435e-05     4.89435e-05     5.01969e-05     5.08884e-05     4.97315e-05
1382     2.78574e-05     0.000246382     0.000246382     0.000246382     0.000252692     0.000256173     0.000250349
1386     1.1143e-05     9.93608e-05     9.93608e-05     9.93608e-05     0.000101905     0.000103309     0.000100961
1390     1.1143e-05     9.98248e-05     9.98248e-05     9.98248e-05     0.000102381     0.000103792     0.000101432
1394     1.1143e-05     0.000100728     0.000100728     0.000100728     0.000103307     0.000104731     0.00010235
1398     1.1143e-05     0.000101431     0.000101431     0.000101431     0.000104028     0.000105461     0.000103064
1402     5.57148e-06     5.10822e-05     5.10822e-05     5.10822e-05     5.23904e-05     5.31121e-05     5.19047e-05
1406     1.1143e-05     0.000103053     0.000103053     0.000103053     0.000105693     0.000107149     0.000104713
1410     1.1143e-05     0.000103993     0.000103993     0.000103993     0.000106656     0.000108126     0.000105668
1414     5.57148e-06     5.20795e-05     5.20795e-05     5.20795e-05     5.34132e-05     5.41491e-05     5.29181e-05
1418     2.22859e-05     0.000210231     0.000210231     0.000210231     0.000215615     0.000218585     0.000213616
1422     0     0     0     0     0     0     0
1426     1.1143e-05     0.000106798     0.000106798     0.000106798     0.000109533     0.000111042     0.000108518
1430     1.1143e-05     0.00010769     0.00010769     0.00010769     0.000110448     0.00011197     0.000109424
1434     2.22859e-05     0.000216403     0.000216403     0.000216403     0.000221945     0.000225002     0.000219887
1438     2.22859e-05     0.000218164     0.000218164     0.000218164     0.000223751     0.000226833     0.000221676
1442     5.57148e-06     5.47512e-05     5.47512e-05     5.47512e-05     5.61533e-05     5.69269e-05     5.56327e-05
1446     1.67144e-05     0.00016574     0.00016574     0.00016574     0.000169985     0.000172326     0.000168409
1450     0     0     0     0     0     0     0
1454     5.57148e-06     5.6267e-05     5.6267e-05     5.6267e-05     5.77079e-05     5.85029e-05     5.71729e-05
1458     5.57148e-06     5.63572e-05     5.63572e-05     5.63572e-05     5.78005e-05     5.85968e-05     5.72647e-05
1462     1.1143e-05     0.000113822     0.000113822     0.000113822     0.000116737     0.000118345     0.000115654
1466     1.1143e-05     0.000114751     0.000114751     0.000114751     0.000117689     0.000119311     0.000116598
1470     1.1143e-05     0.000115356     0.000115356     0.000115356     0.00011831     0.00011994     0.000117213
1474     1.67144e-05     0.000173828     0.000173828     0.000173828     0.000178279     0.000180735     0.000176627
1478     5.57148e-06     5.83519e-05     5.83519e-05     5.83519e-05     5.98463e-05     6.06707e-05     5.92915e-05
1482     0     0     0     0     0     0     0
1486     0     0     0     0     0     0     0
1490     0     0     0     0     0     0     0
1494     0     0     0     0     0     0     0
1498     0     0     0     0     0     0     0
1502     0     0     0     0     0     0     0
1506     0     0     0     0     0     0     0
1510     0     0     0     0     0     0     0
1514     0     0     0     0     0     0     0
1518     0     0     0     0     0     0     0
1522     0     0     0     0     0     0     0
1526     0     0     0     0     0     0     0
1530     0     0     0     0     0     0     0
1534     0     0     0     0     0     0     0
1538     0     0     0     0     0     0     0
1542     0     0     0     0     0     0     0
1546     0     0     0     0     0     0     0
1550     0     0     0     0     0     0     0
1554     0     0     0     0     0     0     0
1558     0     0     0     0     0     0     0
1562     0     0     0     0     0     0     0
1566     0     0     0     0     0     0     0
1570     0     0     0     0     0     0     0
1574     0     0     0     0     0     0     0
1578     0     0     0     0     0     0     0
1582     0     0     0     0     0     0     0
1586     0     0     0     0     0     0     0
1590     0     0     0     0     0     0     0
1594     0     0     0     0     0     0     0
1598     0     0     0     0     0     0     0
1602     0     0     0     0     0     0     0
1606     0     0     0     0     0     0     0
1610     0     0     0     0     0     0     0
1614     0     0     0     0     0     0     0
1618     0     0     0     0     0     0     0
1622     0     0     0     0     0     0     0
1626     0     0     0     0     0     0     0
1630     0     0     0     0     0     0     0
1634     0     0     0     0     0     0     0
1638     0     0     0     0     0     0     0
1642     0     0     0     0     0     0     0
1646     0     0     0     0     0     0     0
1650     0     0     0     0     0     0     0
1654     0     0     0     0     0     0     0
1658     0     0     0     0     0     0     0
1662     0     0     0     0     0     0     0
1666     0     0     0     0     0     0     0
1670     0     0     0     0     0     0     0
1674     0     0     0     0     0     0     0
1678     0     0     0     0     0     0     0
1682     0     0     0     0     0     0     0
1686     0     0     0     0     0     0     0
1690     0     0     0     0     0     0     0
1694     0     0     0     0     0     0     0
1698     0     0     0     0     0     0     0
1702     0     0     0     0     0     0     0
1706     0     0     0     0     0     0     0
1710     0     0     0     0     0     0     0
1714     0     0     0     0     0     0     0
1718     0     0     0     0     0     0     0
1722     0     0     0     0     0     0     0
1726     0     0     0     0     0     0     0
1730     0     0     0     0     0     0     0
1734     0     0     0     0     0     0     0
1738     0     0     0     0     0     0     0
1742     0     0     0     0     0     0     0
1746     0     0     0     0     0     0     0
1750     0     0     0     0     0     0     0
1754     0     0     0     0     0     0     0
1758     0     0     0     0     0     0     0
1762     0     0     0     0     0     0     0
1766     0     0     0     0     0     0     0
1770     0     0     0     0     0     0     0
1774     0     0     0     0     0     0     0
1778     0     0     0     0     0     0     0
1782     0     0     0     0     0     0     0
1786     0     0     0     0     0     0     0
1790     0     0     0     0     0     0     0
1794     0     0     0     0     0     0     0
1798     0     0     0     0     0     0     0
1802     0     0     0     0     0     0     0
1806     0     0     0     0     0     0     0
1810     0     0     0     0     0     0     0
1814     0     0     0     0     0     0     0
1818     0     0     0     0     0     0     0
1822     0     0     0     0     0     0     0
1826     0     0     0     0     0     0     0
1830     0     0     0     0     0     0     0
1834     0     0     0     0     0     0     0
1838     0     0     0     0     0     0     0
1842     0     0     0     0     0     0     0
1846     0     0     0     0     0     0     0
1850     0     0     0     0     0     0     0
1854     0     0     0     0     0     0     0
1858     0     0     0     0     0     0     0
1862     0     0     0     0     0     0     0
1866     0     0     0     0     0     0     0
1870     0     0     0     0     0     0     0
1874     0     0     0     0     0     0     0
1878     0     0     0     0     0     0     0
1882     0     0     0     0     0     0     0
1886     0     0     0     0     0     0     0
1890     0     0     0     0     0     0     0
1894     0     0     0     0     0     0     0
1898     0     0     0     0     0     0     0
1902     0     0     0     0     0     0     0
1906     0     0     0     0     0     0     0
1910     0     0     0     0     0     0     0
1914     0     0     0     0     0     0     0
1918     0     0     0     0     0     0     0
1922     0     0     0     0     0     0     0
1926     0     0     0     0     0     0     0
1930     0     0     0     0     0     0     0
1934     0     0     0     0     0     0     0
1938     0     0     0     0     0     0     0
1942     0     0     0     0     0     0     0
1946     0     0     0     0     0     0     0
1950     0     0     0     0     0     0     0
1954     0     0     0     0     0     0     0
1958     0     0     0     0     0     0     0
1962     0     0     0     0     0     0     0
1966     0     0     0     0     0     0     0
1970     0     0     0     0     0     0     0
1974     0     0     0     0     0     0     0
1978     0     0     0     0     0     0     0
1982     0     0     0     0     0     0     0
1986     0     0     0     0     0     0     0
1990     0     0     0     0     0     0     0
1994     0     0     0     0     0     0     0
1998     0     0     0     0     0     0     0
2002     0     0     0     0     0     0     0
2006     0     0     0     0     0     0     0
2010     0     0     0     0     0     0     0
2014     0     0     0     0     0     0     0
2018     0     0     0     0     0     0     0
2022     0     0     0     0     0     0     0
2026     0     0     0     0     0     0     0
2030     0     0     0     0     0     0     0
2034     0     0     0     0     0     0     0
2038     0     0     0     0     0     0     0
2042     0     0     0     0     0     0     0
2046     0     0     0     0     0     0     0
2050     0     0     0     0     0     0     0
2054     0     0     0     0     0     0     0
2058     0     0     0     0     0     0     0
2062     0     0     0     0     0     0     0
2066     0     0     0     0     0     0     0
2070     0     0     0     0     0     0     0
2074     0     0     0     0     0     0     0
2078     0     0     0     0     0     0     0
2082     0     0     0     0     0     0     0
2086     0     0     0     0     0     0     0
2090     0     0     0     0     0     0     0
2094     0     0     0     0     0     0     0
2098     0     0     0     0     0     0     0
2102     0     0     0     0     0     0     0
2106     0     0     0     0     0     0     0
2110     0     0     0     0     0     0     0
2114     0     0     0     0     0     0     0
2118     0     0     0     0     0     0     0
2122     0     0     0     0     0     0     0
2126     0     0     0     0     0     0     0
2130     0     0     0     0     0     0     0
2134     0     0     0     0     0     0     0
2138     0     0     0     0     0     0     0
2142     0     0     0     0     0     0     0
2146     0     0     0     0     0     0     0
2150     0     0     0     0     0     0     0
2154     0     0     0     0     0     0     0
2158     0     0     0     0     0     0     0
2162     0     0     0     0     0     0     0
2166     0     0     0     0     0     0     0
2170     0     0     0     0     0     0     0
2174     0     0     0     0     0     0     0
2178     0     0     0     0     0     0     0
2182     0     0     0     0     0     0     0
2186     0     0     0     0     0     0     0
2190     0     0     0     0     0     0     0
2194     0     0     0     0     0     0     0
2198     0     0     0     0     0     0     0
2202     0     0     0     0     0     0     0
2206     0     0     0     0     0     0     0
2210     0     0     0     0     0     0     0
2214     0     0     0     0     0     0     0
2218     0     0     0     0     0     0     0
2222     0     0     0     0     0     0     0
2226     0     0     0     0     0     0     0
2230     0     0     0     0     0     0     0
2234     0     0     0     0     0     0     0
2238     0     0     0     0     0     0     0
2242     0     0     0     0     0     0     0
2246     0     0     0     0     0     0     0
2250     0     0     0     0     0     0     0
2254     0     0     0     0     0     0     0
2258     0     0     0     0     0     0     0
2262     0     0     0     0     0     0     0
2266     0     0     0     0     0     0     0
2270     0     0     0     0     0     0     0
2274     0     0     0     0     0     0     0
2278     0     0     0     0     0     0     0
2282     0     0     0     0     0     0     0
2286     0     0     0     0     0     0     0
2290     0     0     0     0     0     0     0
2294     0     0     0     0     0     0     0
2298     0     0     0     0     0     0     0
2302     0     0     0     0     0     0     0
2306     0     0     0     0     0     0     0
2310     0     0     0     0     0     0     0
2314     0     0     0     0     0     0     0
2318     0     0     0     0     0     0     0
2322     0     0     0     0     0     0     0
2326     0     0     0     0     0     0     0
2330     0     0     0     0     0     0     0
2334     0     0     0     0     0     0     0
2338     0     0     0     0     0     0     0
2342     0     0     0     0     0     0     0
2346     0     0     0     0     0     0     0
2350     0     0     0     0     0     0     0
2354     0     0     0     0     0     0     0
2358     0     0     0     0     0     0     0
2362     0     0     0     0     0     0     0
2366     0     0     0     0     0     0     0
2370     0     0     0     0     0     0     0
2374     0     0     0     0     0     0     0
2378     0     0     0     0     0     0     0
2382     0     0     0     0     0     0     0
2386     0     0     0     0     0     0     0
2390     0     0     0     0     0     0     0
2394     0     0     0     0     0     0     0
2398     0     0     0     0     0     0     0
2402     0     0     0     0     0     0     0
2406     0     0     0     0     0     0     0
2410     0     0     0     0     0     0     0
2414     0     0     0     0     0     0     0
2418     0     0     0     0     0     0     0
2422     0     0     0     0     0     0     0
2426     0     0     0     0     0     0     0
2430     0     0     0     0     0     0     0
2434     0     0     0     0     0     0     0
2438     0     0     0     0     0     0     0
2442     0     0     0     0     0     0     0
2446     0     0     0     0     0     0     0
2450     0     0     0     0     0     0     0
2454     0     0     0     0     0     0     0
2458     0     0     0     0     0     0     0
2462     0     0     0     0     0     0     0
2466     0     0     0     0     0     0     0
2470     0     0     0     0     0     0     0
2474     0     0     0     0     0     0     0
2478     0     0     0     0     0     0     0
2482     0     0     0     0     0     0     0
2486     0     0     0     0     0     0     0
2490     0     0     0     0     0     0     0
2494     0     0     0     0     0     0     0
2498     0     0     0     0     0     0     0
2502     0     0     0     0     0     0     0
2506     0     0     0     0     0     0     0
2510     0     0     0     0     0     0     0
2514     0     0     0     0     0     0     0
2518     0     0     0     0     0     0     0
2522     0     0     0     0     0     0     0
2526     0     0     0     0     0     0     0
2530     0     0     0     0     0     0     0
2534     0     0     0     0     0     0     0
2538     0     0     0     0     0     0     0
2542     0     0     0     0     0     0     0
2546     0     0     0     0     0     0     0
2550     0     0     0     0     0     0     0
2554     0     0     0     0     0     0     0
2558     0     0     0     0     0     0     0
2562     0     0     0     0     0     0     0
2566     0     0     0     0     0     0     0
2570     0     0     0     0     0     0     0
2574     0     0     0     0     0     0     0
2578     0     0     0     0     0     0     0
2582     0     0     0     0     0     0     0
2586     0     0     0     0     0     0     0
2590     0     0     0     0     0     0     0
2594     0     0     0     0     0     0     0
2598     0     0     0     0     0     0     0
2602     0     0     0     0     0     0     0
2606     0     0     0     0     0     0     0
2610     0     0     0     0     0     0     0
2614     0     0     0     0     0     0     0
2618     0     0     0     0     0     0     0
2622     0     0     0     0     0     0     0
2626     0     0     0     0     0     0     0
2630     0     0     0     0     0     0     0
2634     0     0     0     0     0     0     0
2638     0     0     0     0     0     0     0
2642     0     0     0     0     0     0     0
2646     0     0     0     0     0     0     0
2650     0     0     0     0     0     0     0
2654     0     0     0     0     0     0     0
2658     0     0     0     0     0     0     0
2662     0     0     0     0     0     0     0
2666     0     0     0     0     0     0     0
2670     0     0     0     0     0     0     0
2674     0     0     0     0     0     0     0
2678     0     0     0     0     0     0     0
2682     0     0     0     0     0     0     0
2686     0     0     0     0     0     0     0
2690     0     0     0     0     0     0     0
2694     0     0     0     0     0     0     0
2698     0     0     0     0     0     0     0
2702     0     0     0     0     0     0     0
2706     0     0     0     0     0     0     0
2710     0     0     0     0     0     0     0
2714     0     0     0     0     0     0     0
2718     0     0     0     0     0     0     0
2722     0     0     0     0     0     0     0
2726     0     0     0     0     0     0     0
2730     0     0     0     0     0     0     0
2734     0     0     0     0     0     0     0
2738     0     0     0     0     0     0     0
2742     0     0     0     0     0     0     0
2746     0     0     0     0     0     0     0
2750     0     0     0     0     0     0     0
2754     0     0     0     0     0     0     0
2758     0     0     0     0     0     0     0
2762     0     0     0     0     0     0     0
2766     0     0     0     0     0     0     0
2770     0     0     0     0     0     0     0
2774     0     0     0     0     0     0     0
2778     0     0     0     0     0     0     0
2782     0     0     0     0     0     0     0
2786     0     0     0     0     0     0     0
2790     0     0     0     0     0     0     0
2794     0     0     0     0     0     0     0
2798     0     0     0     0     0     0     0
2802     0     0     0     0     0     0     0
2806     0     0     0     0     0     0     0
2810     0     0     0     0     0     0     0
2814     0     0     0     0     0     0     0
2818     0     0     0     0     0     0     0
2822     0     0     0     0     0     0     0
2826     0     0     0     0     0     0     0
2830     0     0     0     0     0     0     0
2834     0     0     0     0     0     0     0
2838     0     0     0     0     0     0     0
2842     0     0     0     0     0     0     0
2846     0     0     0     0     0     0     0
2850     0     0     0     0     0     0     0
2854     0     0     0     0     0     0     0
2858     0     0     0     0     0     0     0
2862     0     0     0     0     0     0     0
2866     0     0     0     0     0     0     0
2870     0     0     0     0     0     0     0
2874     0     0     0     0     0     0     0
2878     0     0     0     0     0     0     0
2882     0     0     0     0     0     0     0
2886     0     0     0     0     0     0     0
2890     0     0     0     0     0     0     0
2894     0     0     0     0     0     0     0
2898     0     0     0     0     0     0     0
2902     0     0     0     0     0     0     0
2906     0     0     0     0     0     0     0
2910     0     0     0     0     0     0     0
2914     0     0     0     0     0     0     0
2918     0     0     0     0     0     0     0
2922     0     0     0     0     0     0     0
2926     0     0     0     0     0     0     0
2930     0     0     0     0     0     0     0
2934     0     0     0     0     0     0     0
2938     0     0     0     0     0     0     0
2942     0     0     0     0     0     0     0
2946     0     0     0     0     0     0     0
2950     0     0     0     0     0     0     0
2954     0     0     0     0     0     0     0
2958     0     0     0     0     0     0     0
2962     0     0     0     0     0     0     0
2966     0     0     0     0     0     0     0
2970     0     0     0     0     0     0     0
2974     0     0     0     0     0     0     0
2978     0     0     0     0     0     0     0
2982     0     0     0     0     0     0     0
2986     0     0     0     0     0     0     0
2990     0     0     0     0     0     0     0
2994     0     0     0     0     0     0     0
2998     0     0     0     0     0     0     0
3002     0     0     0     0     0     0     0
3006     0     0     0     0     0     0     0
3010     0     0     0     0     0     0     0
3014     0     0     0     0     0     0     0
3018     0     0     0     0     0     0     0
3022     0     0     0     0     0     0     0
3026     0     0     0     0     0     0     0
3030     0     0     0     0     0     0     0
3034     0     0     0     0     0     0     0
3038     0     0     0     0     0     0     0
3042     0     0     0     0     0     0     0
3046     0     0     0     0     0     0     0
3050     0     0     0     0     0     0     0
3054     0     0     0     0     0     0     0
3058     0     0     0     0     0     0     0
3062     0     0     0     0     0     0     0
3066     0     0     0     0     0     0     0
3070     0     0     0     0     0     0     0
3074     0     0     0     0     0     0     0
3078     0     0     0     0     0     0     0
3082     0     0     0     0     0     0     0
3086     0     0     0     0     0     0     0
3090     0     0     0     0     0     0     0
3094     0     0     0     0     0     0     0
3098     0     0     0     0     0     0     0
3102     0     0     0     0     0     0     0
3106     0     0     0     0     0     0     0
3110     0     0     0     0     0     0     0
3114     0     0     0     0     0     0     0
3118     0     0     0     0     0     0     0
3122     0     0     0     0     0     0     0
3126     0     0     0     0     0     0     0
3130     0     0     0     0     0     0     0
3134     0     0     0     0     0     0     0
3138     0     0     0     0     0     0     0
3142     0     0     0     0     0     0     0
3146     0     0     0     0     0     0     0
3150     0     0     0     0     0     0     0
3154     0     0     0     0     0     0     0
3158     0     0     0     0     0     0     0
3162     0     0     0     0     0     0     0
3166     0     0     0     0     0     0     0
3170     0     0     0     0     0     0     0
3174     0     0     0     0     0     0     0
3178     0     0     0     0     0     0     0
3182     0     0     0     0     0     0     0
3186     0     0     0     0     0     0     0
3190     0     0     0     0     0     0     0
3194     0     0     0     0     0     0     0
3198     0     0     0     0     0     0     0
3202     0     0     0     0     0     0     0
3206     0     0     0     0     0     0     0
3210     0     0     0     0     0     0     0
3214     0     0     0     0     0     0     0
3218     0     0     0     0     0     0     0
3222     0     0     0     0     0     0     0
3226     0     0     0     0     0     0     0
3230     0     0     0     0     0     0     0
3234     0     0     0     0     0     0     0
3238     0     0     0     0     0     0     0
3242     0     0     0     0     0     0     0
3246     0     0     0     0     0     0     0
3250     0     0     0     0     0     0     0
3254     0     0     0     0     0     0     0
3258     0     0     0     0     0     0     0
3262     0     0     0     0     0     0     0
3266     0     0     0     0     0     0     0
3270     0     0     0     0     0     0     0
3274     0     0     0     0     0     0     0
3278     0     0     0     0     0     0     0
3282     0     0     0     0     0     0     0
3286     0     0     0     0     0     0     0
3290     0     0     0     0     0     0     0
3294     0     0     0     0     0     0     0
3298     0     0     0     0     0     0     0
3302     0     0     0     0     0     0     0
3306     0     0     0     0     0     0     0
3310     0     0     0     0     0     0     0
3314     0     0     0     0     0     0     0
3318     0     0     0     0     0     0     0
3322     0     0     0     0     0     0     0
3326     0     0     0     0     0     0     0
3330     0     0     0     0     0     0     0
3334     0     0     0     0     0     0     0
3338     0     0     0     0     0     0     0
3342     0     0     0     0     0     0     0
3346     0     0     0     0     0     0     0
3350     0     0     0     0     0     0     0
3354     0     0     0     0     0     0     0
3358     0     0     0     0     0     0     0
3362     0     0     0     0     0     0     0
3366     0     0     0     0     0     0     0
3370     0     0     0     0     0     0     0
3374     0     0     0     0     0     0     0
3378     0     0     0     0     0     0     0
3382     0     0     0     0     0     0     0
3386     0     0     0     0     0     0     0
3390     0     0     0     0     0     0     0
3394     0     0     0     0     0     0     0
3398     0     0     0     0     0     0     0
3402     0     0     0     0     0     0     0
3406     0     0     0     0     0     0     0
3410     0     0     0     0     0     0     0
3414     0     0     0     0     0     0     0
3418     0     0     0     0     0     0     0
3422     0     0     0     0     0     0     0
3426     0     0     0     0     0     0     0
3430     0     0     0     0     0     0     0
3434     0     0     0     0     0     0     0
3438     0     0     0     0     0     0     0
3442     0     0     0     0     0     0     0
3446     0     0     0     0     0     0     0
3450     0     0     0     0     0     0     0
3454     0     0     0     0     0     0     0
3458     0     0     0     0     0     0     0
3462     0     0     0     0     0     0     0
3466     0     0     0     0     0     0     0
3470     0     0     0     0     0     0     0
3474     0     0     0     0     0     0     0
3478     0     0     0     0     0     0     0
3482     0     0     0     0     0     0     0
3486     0     0     0     0     0     0     0
3490     0     0     0     0     0     0     0
3494     0     0     0     0     0     0     0
3498     0     0     0     0     0     0     0
3502     0     0     0     0     0     0     0
3506     0     0     0     0     0     0     0
3510     0     0     0     0     0     0     0
3514     0     0     0     0     0     0     0
3518     0     0     0     0     0     0     0
3522     0     0     0     0     0     0     0
3526     0     0     0     0     0     0     0
3530     0     0     0     0     0     0     0
3534     0     0     0     0     0     0     0
3538     0     0     0     0     0     0     0
3542     0     0     0     0     0     0     0
3546     0     0     0     0     0     0     0
3550     0     0     0     0     0     0     0
3554     0     0     0     0     0     0     0
3558     0     0     0     0     0     0     0
3562     0     0     0     0     0     0     0
3566     0     0     0     0     0     0     0
3570     0     0     0     0     0     0     0
3574     0     0     0     0     0     0     0
3578     0     0     0     0     0     0     0
3582     0     0     0     0     0     0     0
3586     0     0     0     0     0     0     0
3590     0     0     0     0     0     0     0
3594     0     0     0     0     0     0     0
3598     0     0     0     0     0     0     0
3602     0     0     0     0     0     0     0
3606     0     0     0     0     0     0     0
3610     0     0     0     0     0     0     0
3614     0     0     0     0     0     0     0
3618     0     0     0     0     0     0     0
3622     0     0     0     0     0     0     0
3626     0     0     0     0     0     0     0
3630     0     0     0     0     0     0     0
3634     0     0     0     0     0     0     0
3638     0     0     0     0     0     0     0
3642     0     0     0     0     0     0     0
3646     0     0     0     0     0     0     0
3650     0     0     0     0     0     0     0
3654     0     0     0     0     0     0     0
3658     0     0     0     0     0     0     0
3662     0     0     0     0     0     0     0
3666     0     0     0     0     0     0     0
3670     0     0     0     0     0     0     0
3674     0     0     0     0     0     0     0
3678     0     0     0     0     0     0     0
3682     0     0     0     0     0     0     0
3686     0     0     0     0     0     0     0
3690     0     0     0     0     0     0     0
3694     0     0     0     0     0     0     0
3698     0     0     0     0     0     0     0
3702     0     0     0     0     0     0     0
3706     0     0     0     0     0     0     0
3710     0     0     0     0     0     0     0
3714     0     0     0     0     0     0     0
3718     0     0     0     0     0     0     0
3722     0     0     0     0     0     0     0
3726     0     0     0     0     0     0     0
3730     0     0     0     0     0     0     0
3734     0     0     0     0     0     0     0
3738     0     0     0     0     0     0     0
3742     0     0     0     0     0     0     0
3746     0     0     0     0     0     0     0
3750     0     0     0     0     0     0     0
3754     0     0     0     0     0     0     0
3758     0     0     0     0     0     0     0
3762     0     0     0     0     0     0     0
3766     0     0     0     0     0     0     0
3770     0     0     0     0     0     0     0
3774     0     0     0     0     0     0     0
3778     0     0     0     0     0     0     0
3782     0     0     0     0     0     0     0
3786     0     0     0     0     0     0     0
3790     0     0     0     0     0     0     0
3794     0     0     0     0     0     0     0
3798     0     0     0     0     0     0     0
3802     0     0     0     0     0     0     0
3806     0     0     0     0     0     0     0
3810     0     0     0     0     0     0     0
3814     0     0     0     0     0     0     0
3818     0     0     0     0     0     0     0
3822     0     0     0     0     0     0     0
3826     0     0     0     0     0     0     0
3830     0     0     0     0     0     0     0
3834     0     0     0     0     0     0     0
3838     0     0     0     0     0     0     0
3842     0     0     0     0     0     0     0
3846     0     0     0     0     0     0     0
3850     0     0     0     0     0     0     0
3854     0     0     0     0     0     0     0
3858     0     0     0     0     0     0     0
3862     0     0     0     0     0     0     0
3866     0     0     0     0     0     0     0
3870     0     0     0     0     0     0     0
3874     0     0     0     0     0     0     0
3878     0     0     0     0     0     0     0
3882     0     0     0     0     0     0     0
3886     0     0     0     0     0     0     0
3890     0     0     0     0     0     0     0
3894     0     0     0     0     0     0     0
3898     0     0     0     0     0     0     0
3902     0     0     0     0     0     0     0
3906     0     0     0     0     0     0     0
3910     0     0     0     0     0     0     0
3914     0     0     0     0     0     0     0
3918     0     0     0     0     0     0     0
3922     0     0     0     0     0     0     0
3926     0     0     0     0     0     0     0
3930     0     0     0     0     0     0     0
3934     0     0     0     0     0     0     0
3938     0     0     0     0     0     0     0
3942     0     0     0     0     0     0     0
3946     0     0     0     0     0     0     0
3950     0     0     0     0     0     0     0
3954     0     0     0     0     0     0     0
3958     0     0     0     0     0     0     0
3962     0     0     0     0     0     0     0
3966     0     0     0     0     0     0     0
3970     0     0     0     0     0     0     0
3974     0     0     0     0     0     0     0
3978     0     0     0     0     0     0     0
3982     0     0     0     0     0     0     0
3986     0     0     0     0     0     0     0
3990     0     0     0     0     0     0     0
3994     0     0     0     0     0     0     0
3998     0     0     0     0     0     0     0
