2     0     0     0     0     0     0     0
6     0     0     0     0     0     0     0
10     0     0     0     0     0     0     0
14     0     0     0     0     0     0     0
18     0     0     0     0     0     0     0
22     0     0     0     0     0     0     0
26     9.13019e-05     4.17966e-08     4.17966e-08     4.17966e-08     4.28564e-08     4.3463e-08     4.24478e-08
30     0.000104997     3.94558e-08     3.94558e-08     3.94558e-08     4.04563e-08     4.1029e-08     4.00706e-08
34     0.000136953     4.38327e-08     4.38327e-08     4.38327e-08     4.49442e-08     4.55804e-08     4.45156e-08
38     0.000100432     2.69601e-08     2.69601e-08     2.69601e-08     2.76437e-08     2.8035e-08     2.73801e-08
42     0.000182604     4.35677e-08     4.35677e-08     4.35677e-08     4.46724e-08     4.53048e-08     4.42465e-08
46     0.000168908     3.56224e-08     3.56224e-08     3.56224e-08     3.65256e-08     3.70427e-08     3.61773e-08
50     0.00022369     4.23361e-08     4.23361e-08     4.23361e-08     4.34096e-08     4.40241e-08     4.29957e-08
54     0.000255645     4.35858e-08     4.35858e-08     4.35858e-08     4.4691e-08     4.53236e-08     4.42649e-08
58     0.000278471     4.38831e-08     4.38831e-08     4.38831e-08     4.49958e-08     4.56327e-08     4.45667e-08
62     0.000296731     4.33436e-08     4.33436e-08     4.33436e-08     4.44426e-08     4.50717e-08     4.40189e-08
66     0.00026021     3.56633e-08     3.56633e-08     3.56633e-08     3.65676e-08     3.70852e-08     3.62189e-08
70     0.000337817     4.39552e-08     4.39552e-08     4.39552e-08     4.50698e-08     4.57077e-08     4.464e-08
74     0.000419989     5.22717e-08     5.22717e-08     5.22717e-08     5.35972e-08     5.43558e-08     5.30861e-08
78     0.000520421     6.28858e-08     6.28858e-08     6.28858e-08     6.44804e-08     6.53931e-08     6.38656e-08
82     0.000465639     5.50143e-08     5.50143e-08     5.50143e-08     5.64093e-08     5.72077e-08     5.58714e-08
86     0.000552376     6.42224e-08     6.42224e-08     6.42224e-08     6.58509e-08     6.6783e-08     6.52229e-08
90     0.000465639     5.37175e-08     5.37175e-08     5.37175e-08     5.50796e-08     5.58592e-08     5.45544e-08
94     0.000488465     5.62464e-08     5.62464e-08     5.62464e-08     5.76726e-08     5.8489e-08     5.71227e-08
98     0.00047477     5.48934e-08     5.48934e-08     5.48934e-08     5.62853e-08     5.7082e-08     5.57486e-08
102     0.000566071     6.59671e-08     6.59671e-08     6.59671e-08     6.76398e-08     6.85973e-08     6.69949e-08
106     0.000570637     6.74064e-08     6.74064e-08     6.74064e-08     6.91156e-08     7.00939e-08     6.84566e-08
110     0.000675634     8.16686e-08     8.16686e-08     8.16686e-08     8.37394e-08     8.49247e-08     8.29409e-08
114     0.000602592     7.56118e-08     7.56118e-08     7.56118e-08     7.75291e-08     7.86265e-08     7.67898e-08
118     0.000616287     8.13741e-08     8.13741e-08     8.13741e-08     8.34375e-08     8.46185e-08     8.26418e-08
122     0.000593462     8.40002e-08     8.40002e-08     8.40002e-08     8.61301e-08     8.73493e-08     8.53089e-08
126     0.000652808     1.02129e-07     1.02129e-07     1.02129e-07     1.04718e-07     1.06201e-07     1.0372e-07
130     0.000698459     1.23678e-07     1.23678e-07     1.23678e-07     1.26814e-07     1.28609e-07     1.25605e-07
134     0.000794326     1.6228e-07     1.6228e-07     1.6228e-07     1.66395e-07     1.68751e-07     1.64809e-07
138     0.00075324     1.84756e-07     1.84756e-07     1.84756e-07     1.89441e-07     1.92122e-07     1.87634e-07
142     0.000853672     2.64485e-07     2.64485e-07     2.64485e-07     2.71192e-07     2.7503e-07     2.68606e-07
146     0.000917584     3.6589e-07     3.6589e-07     3.6589e-07     3.75167e-07     3.80478e-07     3.7159e-07
150     0.000812586     4.4922e-07     4.4922e-07     4.4922e-07     4.60611e-07     4.67131e-07     4.56219e-07
154     0.000972365     8.02698e-07     8.02698e-07     8.02698e-07     8.23051e-07     8.34702e-07     8.15203e-07
158     0.000826282     1.31735e-06     1.31735e-06     1.31735e-06     1.35075e-06     1.36987e-06     1.33787e-06
162     0.000944974     4.03632e-06     4.03632e-06     4.03632e-06     4.13866e-06     4.19725e-06     4.0992e-06
166     0.000917584     7.11812e-06     7.11812e-06     7.11812e-06     7.29861e-06     7.40192e-06     7.22901e-06
170     0.000949539     9.98795e-06     9.98795e-06     9.98795e-06     1.02412e-05     1.03862e-05     1.01436e-05
174     0.000981495     1.26421e-05     1.26421e-05     1.26421e-05     1.29626e-05     1.31461e-05     1.2839e-05
178     0.00113671     1.72162e-05     1.72162e-05     1.72162e-05     1.76527e-05     1.79026e-05     1.74844e-05
182     0.00107736     1.97119e-05     1.97119e-05     1.97119e-05     2.02117e-05     2.04978e-05     2.0019e-05
186     0.00124171     2.74665e-05     2.74665e-05     2.74665e-05     2.8163e-05     2.85616e-05     2.78944e-05
190     0.0010591     2.71271e-05     2.71271e-05     2.71271e-05     2.7815e-05     2.82087e-05     2.75497e-05
194     0.00119605     3.48099e-05     3.48099e-05     3.48099e-05     3.56925e-05     3.61978e-05     3.53522e-05
198     0.00102715     3.29976e-05     3.29976e-05     3.29976e-05     3.38343e-05     3.43132e-05     3.35117e-05
202     0.00118692     4.16578e-05     4.16578e-05     4.16578e-05     4.27141e-05     4.33188e-05     4.23068e-05
206     0.00126453     4.82606e-05     4.82606e-05     4.82606e-05     4.94844e-05     5.01848e-05     4.90125e-05
210     0.00132388     5.46885e-05     5.46885e-05     5.46885e-05     5.61676e-05     5.70031e-05     5.56048e-05
214     0.00128279     5.69306e-05     5.69306e-05     5.69306e-05     5.85915e-05     5.95163e-05     5.79686e-05
218     0.00133757     6.37225e-05     6.37225e-05     6.37225e-05     6.55939e-05     6.66351e-05     6.48927e-05
222     0.001438     7.29649e-05     7.29649e-05     7.29649e-05     7.51228e-05     7.63221e-05     7.43151e-05
226     0.00137409     7.42768e-05     7.42768e-05     7.42768e-05     7.64929e-05     7.77228e-05     7.56646e-05
230     0.001438     8.25039e-05     8.25039e-05     8.25039e-05     8.49832e-05     8.63574e-05     8.40577e-05
234     0.00139235     8.47614e-05     8.47614e-05     8.47614e-05     8.73271e-05     8.87474e-05     8.63705e-05
238     0.00154757     9.98913e-05     9.98913e-05     9.98913e-05     0.000102946     0.000104634     0.000101809
242     0.00146083     9.94979e-05     9.94979e-05     9.94979e-05     0.000102557     0.000104246     0.000101419
246     0.00160691     0.000115104     0.000115104     0.000115104     0.000118666     0.000120631     0.000117342
250     0.00167539     0.000126532     0.000126532     0.000126532     0.000130491     0.00013267     0.000129022
254     0.0015567     0.000123638     0.000123638     0.000123638     0.000127562     0.000129716     0.000126111
258     0.0015567     0.000129891     0.000129891     0.000129891     0.000134024     0.000136291     0.000132497
262     0.00164343     0.000143589     0.000143589     0.000143589     0.000148219     0.000150752     0.000146512
266     0.00165256     0.000151338     0.000151338     0.000151338     0.000156271     0.000158963     0.000154455
270     0.00182604     0.00017491     0.00017491     0.00017491     0.000180659     0.000183793     0.000178546
274     0.00176669     0.00017708     0.00017708     0.00017708     0.00018298     0.000186191     0.000180815
278     0.00195842     0.000204919     0.000204919     0.000204919     0.000211856     0.000215621     0.000209316
282     0.00203147     0.000222022     0.000222022     0.000222022     0.000229606     0.000233715     0.000226833
286     0.00176669     0.000201011     0.000201011     0.000201011     0.000207943     0.000211692     0.000205414
290     0.00200408     0.000237328     0.000237328     0.000237328     0.000245618     0.000250091     0.000242599
294     0.00192647     0.000237558     0.000237558     0.000237558     0.00024599     0.000250529     0.000242926
298     0.00208625     0.000266991     0.000266991     0.000266991     0.000276674     0.000281871     0.000273165
302     0.00215016     0.000285957     0.000285957     0.000285957     0.000296459     0.000302086     0.00029266
306     0.00204516     0.000282482     0.000282482     0.000282482     0.00029308     0.000298738     0.000289258
310     0.00230537     0.000330293     0.000330293     0.000330293     0.000342925     0.000349646     0.000338383
314     0.00216842     0.000321915     0.000321915     0.000321915     0.000334404     0.000341032     0.000329923
318     0.00248341     0.000381537     0.000381537     0.000381537     0.000396664     0.000404664     0.000391253
322     0.00249711     0.000397229     0.000397229     0.000397229     0.000413422     0.00042195     0.000407652
326     0.00243319     0.000399555     0.000399555     0.000399555     0.000416161     0.000424881     0.000410259
330     0.00255645     0.000433438     0.000433438     0.000433438     0.000451738     0.000461321     0.00044525
334     0.00272536     0.000476421     0.000476421     0.000476421     0.000497555     0.000508533     0.000490114
338     0.00248798     0.000449127     0.000449127     0.000449127     0.000469322     0.000479778     0.000462231
342     0.00291253     0.000542641     0.000542641     0.000542641     0.000568074     0.000581148     0.000559198
346     0.0029947     0.000576705     0.000576705     0.000576705     0.000604878     0.000619301     0.000595084
350     0.00294905     0.000590327     0.000590327     0.000590327     0.000620457     0.000635814     0.000610024
354     0.00298557     0.000624775     0.000624775     0.000624775     0.000658357     0.000675401     0.000646778
358     0.00282579     0.000620699     0.000620699     0.000620699     0.000655348     0.000672902     0.000643425
362     0.00315448     0.00072574     0.00072574     0.00072574     0.000768054     0.000789426     0.000753538
366     0.00320926     0.000771078     0.000771078     0.000771078     0.00081854     0.000842412     0.000802322
370     0.00325491     0.000815585     0.000815585     0.000815585     0.000867915     0.000894166     0.000850079
374     0.00337817     0.00088292     0.00088292     0.00088292     0.000942507     0.000972311     0.000922255
378     0.00360186     0.000982256     0.000982256     0.000982256     0.00105117     0.00108558     0.00102778
382     0.0037662     0.00106921     0.00106921     0.00106921     0.00114731     0.00118625     0.00112085
386     0.00404924     0.00119433     0.00119433     0.00119433     0.0012852     0.00133043     0.00125446
390     0.00386207     0.00118068     0.00118068     0.00118068     0.00127433     0.00132088     0.00124271
394     0.00433227     0.00137075     0.00137075     0.00137075     0.001484     0.0015402     0.00144582
398     0.00436423     0.00142827     0.00142827     0.00142827     0.00155171     0.00161287     0.00151017
402     0.00439618     0.00148741     0.00148741     0.00148741     0.00162139     0.0016877     0.00157635
406     0.00442357     0.0015458     0.0015458     0.0015458     0.0016907     0.00176236     0.00164203
410     0.0046427     0.00167307     0.00167307     0.00167307     0.00183653     0.00191728     0.00178169
414     0.00496226     0.00184369     0.00184369     0.00184369     0.00203163     0.00212435     0.00196865
418     0.00533203     0.00203844     0.00203844     0.00203844     0.0022547     0.00236129     0.0021823
422     0.00521334     0.00204998     0.00204998     0.00204998     0.00227693     0.00238872     0.00220099
426     0.00534116     0.00215688     0.00215688     0.00215688     0.00240538     0.00252779     0.00232226
430     0.00603049     0.00250058     0.00250058     0.00250058     0.00280043     0.00294809     0.00270018
434     0.00583875     0.0024858     0.0024858     0.0024858     0.00279663     0.0029495     0.00269281
438     0.00623592     0.00272444     0.00272444     0.00272444     0.00307875     0.00325287     0.00296049
442     0.00650526     0.00291294     0.00291294     0.00291294     0.00330606     0.00349935     0.00317482
446     0.0070622     0.0032397     0.0032397     0.0032397     0.00369317     0.00391648     0.00354163
450     0.00708046     0.00332407     0.00332407     0.00332407     0.00380843     0.0040473     0.00364645
454     0.00779261     0.00374487     0.00374487     0.00374487     0.00430973     0.00458842     0.00412079
458     0.00825825     0.00405591     0.00405591     0.00405591     0.00468805     0.00499969     0.00447673
462     0.00862802     0.00433387     0.00433387     0.00433387     0.00503079     0.00537373     0.00479808
466     0.00894302     0.00459297     0.00459297     0.00459297     0.00535659     0.00573141     0.00510201
470     0.00906171     0.00475667     0.00475667     0.00475667     0.00557012     0.00596869     0.00529931
474     0.0100432     0.00538507     0.00538507     0.00538507     0.00633339     0.00679756     0.00601787
478     0.0106321     0.00582189     0.00582189     0.00582189     0.00687086     0.00738439     0.00652175
482     0.0111297     0.00622535     0.00622535     0.00622535     0.00737368     0.00793654     0.00699116
486     0.0117505     0.00671743     0.00671743     0.00671743     0.00798357     0.00860527     0.00756129
490     0.0126636     0.00739494     0.00739494     0.00739494     0.00881042     0.00950623     0.00833787
494     0.0133803     0.00798283     0.00798283     0.00798283     0.00953721     0.0103013     0.00901822
498     0.0138688     0.0084577     0.0084577     0.0084577     0.0101133     0.0109271     0.00956047
502     0.0150557     0.00938412     0.00938412     0.00938412     0.0112327     0.0121414     0.0106151
506     0.0155213     0.00990113     0.00990113     0.00990113     0.0118526     0.0128131     0.0112
510     0.0173337     0.0113239     0.0113239     0.0113239     0.0135491     0.0146465     0.0128038
514     0.0186667     0.0125057     0.0125057     0.0125057     0.0149406     0.0161447     0.0141233
518     0.0195386     0.0134389     0.0134389     0.0134389     0.0160106     0.0172859     0.0151455
522     0.0213327     0.0150852     0.0150852     0.0150852     0.0179075     0.0193103     0.0169563
526     0.0218759     0.0159299     0.0159299     0.0159299     0.0188272     0.0202696     0.0178493
530     0.0241174     0.0181184     0.0181184     0.0181184     0.021295     0.0228778     0.0202216
534     0.0254002     0.0197338     0.0197338     0.0197338     0.0230493     0.024702     0.021928
538     0.0279384     0.0225078     0.0225078     0.0225078     0.0260892     0.0278754     0.0248766
542     0.028372     0.0237746     0.0237746     0.0237746     0.0273277     0.0291024     0.0261227
546     0.0298374     0.0260882     0.0260882     0.0260882     0.0297177     0.0315349     0.0284839
550     0.0311887     0.0285474     0.0285474     0.0285474     0.0321915     0.0340221     0.0309488
554     0.0320287     0.0307641     0.0307641     0.0307641     0.0343228     0.0361178     0.0331044
558     0.0329371     0.0332648     0.0332648     0.0332648     0.0366895     0.0384264     0.035511
562     0.0335123     0.0355729     0.0355729     0.0355729     0.0387834     0.0404233     0.0376714
566     0.0331791     0.0369595     0.0369595     0.0369595     0.0398087     0.0412776     0.0388134
570     0.0328321     0.0383591     0.0383591     0.0383591     0.0407999     0.0420737     0.0399374
574     0.032855     0.0401854     0.0401854     0.0401854     0.04222     0.0432996     0.0414897
578     0.030577     0.0390189     0.0390189     0.0390189     0.0404669     0.0408882     0.0402936
582     0.030472     0.0403166     0.0403166     0.0403166     0.0412855     0.0418114     0.0409416
586     0.0280251     0.0382206     0.0382206     0.0382206     0.0386494     0.0389397     0.0384555
590     0.0270938     0.0379122     0.0379122     0.0379122     0.0378588     0.0379121     0.0378262
594     0.0248569     0.0355795     0.0355795     0.0355795     0.0350895     0.0349231     0.0352059
598     0.0231952     0.0338055     0.0338055     0.0338055     0.0329316     0.032572     0.0331791
602     0.0209583     0.0309052     0.0309052     0.0309052     0.0297516     0.029247     0.0300972
606     0.0198627     0.0294799     0.0294799     0.0294799     0.0280495     0.0274034     0.0284906
610     0.0189223     0.0282015     0.0282015     0.0282015     0.0265291     0.0257594     0.027054
614     0.0169548     0.0253785     0.0253785     0.0253785     0.0236182     0.0227987     0.0241767
618     0.0151013     0.022702     0.022702     0.022702     0.0209087     0.0200671     0.021482
622     0.0145124     0.0218921     0.0218921     0.0218921     0.0199516     0.019035     0.0205759
626     0.0131155     0.0198297     0.0198297     0.0198297     0.0178938     0.0169744     0.0185198
630     0.011746     0.0177857     0.0177857     0.0177857     0.0158935     0.0149906     0.0165081
634     0.0109562     0.0166092     0.0166092     0.0166092     0.014711     0.0138016     0.0153298
638     0.0101071     0.0153477     0.0153477     0.0153477     0.0134746     0.012574     0.0140873
642     0.00938127     0.0142884     0.0142884     0.0142884     0.0124355     0.0115411     0.0130436
646     0.0088928     0.0136041     0.0136041     0.0136041     0.011741     0.0108384     0.0123544
650     0.00787022     0.0120978     0.0120978     0.0120978     0.0103579     0.00951276     0.0109321
654     0.00714437     0.0110334     0.0110334     0.0110334     0.00937725     0.00857181     0.00992472
658     0.00671069     0.010413     0.010413     0.010413     0.0087807     0.0079858     0.00932104
662     0.00614461     0.00957966     0.00957966     0.00957966     0.00802013     0.00725893     0.00853735
666     0.00574745     0.00900366     0.00900366     0.00900366     0.00748681     0.00674436     0.00799112
670     0.00535029     0.00842495     0.00842495     0.00842495     0.00696134     0.00624293     0.00744911
674     0.00485269     0.00768248     0.00768248     0.00768248     0.00630687     0.0056303     0.00676608
678     0.00472031     0.00751169     0.00751169     0.00751169     0.00612894     0.00544806     0.00659112
682     0.00438249     0.00701     0.00701     0.00701     0.0056876     0.0050358     0.00613007
686     0.00423641     0.00681101     0.00681101     0.00681101     0.00549237     0.00484159     0.00593411
690     0.00393967     0.00637304     0.00637304     0.00637304     0.00510921     0.00448441     0.00553333
694     0.00342838     0.0055853     0.0055853     0.0055853     0.00445335     0.00389225     0.00483399
698     0.0034786     0.00571251     0.00571251     0.00571251     0.00453126     0.00394411     0.00492933
702     0.00307231     0.00508257     0.00508257     0.00508257     0.00401264     0.00347967     0.00437384
706     0.00298101     0.00496828     0.00496828     0.00496828     0.00390348     0.00337231     0.00426339
710     0.00297644     0.00499985     0.00499985     0.00499985     0.00390602     0.00335975     0.00427612
714     0.00289427     0.00490566     0.00490566     0.00490566     0.00381668     0.00327222     0.00418553
718     0.00235102     0.00402239     0.00402239     0.00402239     0.00311374     0.00265869     0.00342192
722     0.0023145     0.00399378     0.00399378     0.00399378     0.00307634     0.0026159     0.00338805
726     0.00213646     0.00371299     0.00371299     0.00371299     0.00284698     0.00241119     0.00314183
730     0.00200864     0.00351548     0.00351548     0.00351548     0.0026862     0.00226793     0.00296904
734     0.00191734     0.00338219     0.00338219     0.00338219     0.0025734     0.00216493     0.0028496
738     0.00188538     0.0033551     0.0033551     0.0033551     0.00254208     0.00213092     0.00282003
742     0.00169365     0.00304461     0.00304461     0.00304461     0.00229546     0.0019159     0.00255197
746     0.00167995     0.00304986     0.00304986     0.00304986     0.00229157     0.00190657     0.00255165
750     0.00148822     0.0027294     0.0027294     0.0027294     0.00204245     0.00169291     0.00227847
754     0.00162061     0.00299613     0.00299613     0.00299613     0.00223334     0.00184471     0.00249571
758     0.00140148     0.00261195     0.00261195     0.00261195     0.00194058     0.00159812     0.00217174
762     0.0014517     0.00272697     0.00272697     0.00272697     0.00201801     0.00165587     0.00226242
766     0.00127366     0.00241441     0.00241441     0.00241441     0.00178204     0.00145839     0.00200039
770     0.00144257     0.00276271     0.00276271     0.00276271     0.00202907     0.00165269     0.0022828
774     0.00107736     0.00208459     0.00208459     0.00208459     0.00152493     0.00123732     0.00171877
778     0.00113214     0.00221356     0.00221356     0.00221356     0.00161413     0.00130552     0.00182207
782     0.0010591     0.00208956     0.00208956     0.00208956     0.00151927     0.00122499     0.00171743
786     0.00103628     0.0020615     0.0020615     0.0020615     0.00149267     0.0011984     0.00169071
790     0.00102715     0.002061     0.002061     0.002061     0.00148688     0.00118915     0.00168711
794     0.000926714     0.00187602     0.00187602     0.00187602     0.00135031     0.00107721     0.00153389
798     0.000913018     0.00186588     0.00186588     0.00186588     0.00133744     0.00106255     0.00152221
802     0.000821717     0.00169588     0.00169588     0.00169588     0.00121238     0.000960464     0.00138165
806     0.000826282     0.00172344     0.00172344     0.00172344     0.00122713     0.000968003     0.00140115
810     0.000771501     0.00162584     0.00162584     0.00162584     0.00115485     0.000908288     0.00132029
814     0.00074411     0.00158402     0.00158402     0.00158402     0.00112036     0.00087702     0.00128355
818     0.00072585     0.00155995     0.00155995     0.00155995     0.00110164     0.000860682     0.00126316
822     0.000821717     0.00178156     0.00178156     0.00178156     0.00125421     0.000976903     0.00144012
826     0.000643678     0.00140912     0.00140912     0.00140912     0.000988262     0.000767086     0.00113664
830     0.000579767     0.00128163     0.00128163     0.00128163     0.000894938     0.000691276     0.0010315
834     0.000689329     0.00153897     0.00153897     0.00153897     0.00107151     0.000823842     0.00123723
838     0.000602592     0.0013583     0.0013583     0.0013583     0.000943826     0.000722893     0.00109137
842     0.000625418     0.00142421     0.00142421     0.00142421     0.000985503     0.000751058     0.00114194
846     0.000607157     0.00139582     0.00139582     0.00139582     0.000963136     0.000732286     0.00111732
850     0.000415423     0.000963496     0.000963496     0.000963496     0.00066385     0.000504149     0.000770585
854     0.000570637     0.00133782     0.00133782     0.00133782     0.000917373     0.000692698     0.00106741
858     0.00050216     0.00118885     0.00118885     0.00118885     0.000814766     0.000613978     0.000948661
862     0.00050216     0.00120122     0.00120122     0.00120122     0.000818558     0.000612279     0.00095594
866     0.000429119     0.00103653     0.00103653     0.00103653     0.000705301     0.000526184     0.00082448
870     0.00049303     0.00120195     0.00120195     0.00120195     0.000814458     0.000604395     0.000954133
874     0.000442814     0.00108964     0.00108964     0.00108964     0.000736971     0.000545247     0.000864342
878     0.000433684     0.00107737     0.00107737     0.00107737     0.000727859     0.000537409     0.000854298
882     0.000328687     0.00082459     0.00082459     0.00082459     0.000553862     0.000406174     0.000651888
886     0.000369772     0.000936329     0.000936329     0.000936329     0.000627614     0.000459108     0.000739467
890     0.000383468     0.000980042     0.000980042     0.000980042     0.000655407     0.000477755     0.000773233
894     0.000342382     0.000884576     0.000884576     0.000884576     0.00058821     0.000425092     0.000696191
898     0.000356077     0.000929104     0.000929104     0.000929104     0.00061823     0.00044617     0.000731917
902     0.000374338     0.000986493     0.000986493     0.000986493     0.00065407     0.000469563     0.000775875
906     0.000360642     0.000959934     0.000959934     0.000959934     0.000635401     0.000455322     0.000754325
910     0.000296731     0.000797598     0.000797598     0.000797598     0.00052609     0.000375421     0.000625614
914     0.000378903     0.00102846     0.00102846     0.00102846     0.000676358     0.000480425     0.000805666
918     0.000324122     0.000888909     0.000888909     0.000888909     0.000581562     0.000409813     0.000694756
922     0.000301296     0.000834947     0.000834947     0.000834947     0.000545464     0.000383044     0.000652369
926     0.00026934     0.000752587     0.000752587     0.000752587     0.000491223     0.000344178     0.000587915
930     0.000278471     0.000786316     0.000786316     0.000786316     0.000510675     0.000355191     0.000612849
934     0.000296731     0.000846218     0.000846218     0.000846218     0.00054724     0.000378136     0.00065826
938     0.000237385     0.00068382     0.00068382     0.00068382     0.00044168     0.000304451     0.000531736
942     0.00023282     0.000676851     0.000676851     0.000676851     0.000435895     0.000299114     0.000525612
946     0.000255645     0.000750759     0.000750759     0.000750759     0.000482911     0.000330657     0.000582747
950     0.000200864     0.00059572     0.00059572     0.00059572     0.000381922     0.000260114     0.000461744
954     0.000278471     0.000834029     0.000834029     0.000834029     0.000532796     0.000360485     0.000645564
958     0.000146083     0.000442097     0.000442097     0.000442097     0.000280864     0.000188179     0.000341417
962     0.000187169     0.00057155     0.00057155     0.00057155     0.000363319     0.000243124     0.000441723
966     0.000155213     0.000478943     0.000478943     0.000478943     0.000303484     0.000201809     0.000369726
970     0.000155213     0.000483516     0.000483516     0.000483516     0.000305956     0.000202744     0.000373129
974     0.000164343     0.000517203     0.000517203     0.000517203     0.000326683     0.000215562     0.000398916
978     0.000182604     0.000580013     0.000580013     0.000580013     0.000365182     0.000239527     0.000446801
982     0.000173474     0.000556741     0.000556741     0.000556741     0.000349705     0.000228248     0.000428507
986     0.000150648     0.000488271     0.000488271     0.000488271     0.000305964     0.000198752     0.000375473
990     0.000200864     0.000656959     0.000656959     0.000656959     0.000409784     0.000264125     0.000504154
994     0.000141518     0.000467588     0.000467588     0.000467588     0.000291251     0.000187134     0.000358676
998     0.000155213     0.00051806     0.00051806     0.00051806     0.000321317     0.000205019     0.00039662
1002     0.000109562     0.000369322     0.000369322     0.000369322     0.000378686     0.000384047     0.000375075
1006     0.000168908     0.000575389     0.000575389     0.000575389     0.000589979     0.000598331     0.000584354
1010     0.000136953     0.000470884     0.000470884     0.000470884     0.000482824     0.000489658     0.00047822
1014     0.000196299     0.000681586     0.000681586     0.000681586     0.000698869     0.000708761     0.000692205
1018     0.000178039     0.000625243     0.000625243     0.000625243     0.000641098     0.000650172     0.000634984
1022     0.000136953     0.000486183     0.000486183     0.000486183     0.000498511     0.000505568     0.000493758
1026     0.000114127     0.000408678     0.000408678     0.000408678     0.000419041     0.000424972     0.000415045
1030     0.000141518     0.000512725     0.000512725     0.000512725     0.000525726     0.000533168     0.000520713
1034     0.000114127     0.000417469     0.000417469     0.000417469     0.000428055     0.000434114     0.000423973
1038     0.000104997     0.000387825     0.000387825     0.000387825     0.00039766     0.000403288     0.000393868
1042     0.000109562     0.000409167     0.000409167     0.000409167     0.000419543     0.000425481     0.000415542
1046     9.13019e-05     0.000344134     0.000344134     0.000344134     0.00035286     0.000357854     0.000349495
1050     7.76066e-05     0.000295836     0.000295836     0.000295836     0.000303338     0.000307631     0.000300445
1054     8.21717e-05     0.000316177     0.000316177     0.000316177     0.000324194     0.000328783     0.000321103
1058     0.000127823     0.000497875     0.000497875     0.000497875     0.000510499     0.000517725     0.000505631
1062     0.000118692     0.000466831     0.000466831     0.000466831     0.000478669     0.000485444     0.000474104
1066     9.13019e-05     0.000362671     0.000362671     0.000362671     0.000371867     0.000377131     0.000368321
1070     8.67368e-05     0.000347964     0.000347964     0.000347964     0.000356788     0.000361838     0.000353386
1074     7.30415e-05     0.000296489     0.000296489     0.000296489     0.000304008     0.000308311     0.000301109
1078     5.93462e-05     0.000243045     0.000243045     0.000243045     0.000249208     0.000252736     0.000246832
1082     9.13019e-05     0.000377736     0.000377736     0.000377736     0.000387314     0.000392796     0.000383621
1086     6.39113e-05     0.00026747     0.00026747     0.00026747     0.000274252     0.000278134     0.000271637
1090     5.0216e-05     0.000212217     0.000212217     0.000212217     0.000217599     0.000220679     0.000215524
1094     6.39113e-05     0.000272554     0.000272554     0.000272554     0.000279465     0.000283421     0.000276801
1098     5.0216e-05     0.000216475     0.000216475     0.000216475     0.000221964     0.000225106     0.000219848
1102     6.39113e-05     0.00027868     0.00027868     0.00027868     0.000285747     0.000289791     0.000283022
1106     0.000132388     0.000582558     0.000582558     0.000582558     0.00059733     0.000605785     0.000591634
1110     5.47811e-05     0.000243278     0.000243278     0.000243278     0.000249447     0.000252978     0.000247068
1114     8.21717e-05     0.000368809     0.000368809     0.000368809     0.000378161     0.000383514     0.000374555
1118     8.67368e-05     0.000392717     0.000392717     0.000392717     0.000402675     0.000408375     0.000398836
1122     8.21717e-05     0.000376821     0.000376821     0.000376821     0.000386376     0.000391845     0.000382691
1126     5.93462e-05     0.0002745     0.0002745     0.0002745     0.000281461     0.000285445     0.000278777
1130     2.28255e-05     0.000106744     0.000106744     0.000106744     0.00010945     0.000111     0.000108407
1134     8.21717e-05     0.000388072     0.000388072     0.000388072     0.000397912     0.000403545     0.000394118
1138     6.39113e-05     0.000304167     0.000304167     0.000304167     0.000311879     0.000316294     0.000308905
1142     4.56509e-05     0.000219614     0.000219614     0.000219614     0.000225183     0.000228371     0.000223036
1146     2.28255e-05     0.000110898     0.000110898     0.000110898     0.00011371     0.00011532     0.000112626
1150     5.0216e-05     0.000246319     0.000246319     0.000246319     0.000252565     0.00025614     0.000250156
1154     5.47811e-05     0.000271692     0.000271692     0.000271692     0.000278581     0.000282525     0.000275925
1158     5.93462e-05     0.000297287     0.000297287     0.000297287     0.000304825     0.00030914     0.000301918
1162     6.39113e-05     0.000323172     0.000323172     0.000323172     0.000331367     0.000336057     0.000328207
1166     5.0216e-05     0.000256117     0.000256117     0.000256117     0.000262611     0.000266328     0.000260107
1170     7.76066e-05     0.000399652     0.000399652     0.000399652     0.000409786     0.000415587     0.000405879
1174     5.47811e-05     0.000284836     0.000284836     0.000284836     0.000292059     0.000296193     0.000289274
1178     5.0216e-05     0.000263446     0.000263446     0.000263446     0.000270126     0.000273949     0.00026755
1182     7.30415e-05     0.000387414     0.000387414     0.000387414     0.000397238     0.000402861     0.00039345
1186     4.10858e-05     0.000220202     0.000220202     0.000220202     0.000225786     0.000228982     0.000223633
1190     4.10858e-05     0.00022189     0.00022189     0.00022189     0.000227516     0.000230737     0.000225347
1194     3.65207e-05     0.000199194     0.000199194     0.000199194     0.000204245     0.000207136     0.000202297
1198     5.47811e-05     0.000301405     0.000301405     0.000301405     0.000309048     0.000313423     0.000306101
1202     3.65207e-05     0.000202968     0.000202968     0.000202968     0.000208115     0.000211061     0.00020613
1206     4.56509e-05     0.000256277     0.000256277     0.000256277     0.000262775     0.000266495     0.00026027
1210     3.19556e-05     0.000180905     0.000180905     0.000180905     0.000185492     0.000188118     0.000183724
1214     2.73906e-05     0.000156426     0.000156426     0.000156426     0.000160393     0.000162663     0.000158863
1218     3.19556e-05     0.000184254     0.000184254     0.000184254     0.000188926     0.000191601     0.000187125
1222     3.65207e-05     0.000212366     0.000212366     0.000212366     0.000217751     0.000220833     0.000215675
1226     2.73906e-05     0.000160876     0.000160876     0.000160876     0.000164955     0.00016729     0.000163382
1230     3.19556e-05     0.000189243     0.000189243     0.000189243     0.000194042     0.000196789     0.000192192
1234     3.65207e-05     0.000218208     0.000218208     0.000218208     0.000223741     0.000226908     0.000221608
1238     5.0216e-05     0.000303206     0.000303206     0.000303206     0.000310894     0.000315295     0.000307929
1242     4.56509e-05     0.000277956     0.000277956     0.000277956     0.000285004     0.000289039     0.000282287
1246     4.56509e-05     0.000280541     0.000280541     0.000280541     0.000287655     0.000291726     0.000284912
1250     4.56509e-05     0.000282574     0.000282574     0.000282574     0.000289739     0.00029384     0.000286976
1254     2.28255e-05     0.000142809     0.000142809     0.000142809     0.00014643     0.000148503     0.000145034
1258     5.0216e-05     0.000316449     0.000316449     0.000316449     0.000324473     0.000329066     0.000321379
1262     2.73906e-05     0.00017457     0.00017457     0.00017457     0.000178997     0.000181531     0.00017729
1266     2.73906e-05     0.000175729     0.000175729     0.000175729     0.000180185     0.000182736     0.000178467
1270     2.73906e-05     0.000177406     0.000177406     0.000177406     0.000181904     0.000184479     0.00018017
1274     4.10858e-05     0.000268276     0.000268276     0.000268276     0.000275078     0.000278972     0.000272455
1278     2.28255e-05     0.000150156     0.000150156     0.000150156     0.000153964     0.000156143     0.000152496
1282     2.73906e-05     0.000181998     0.000181998     0.000181998     0.000186613     0.000189255     0.000184834
1286     2.28255e-05     0.000152984     0.000152984     0.000152984     0.000156864     0.000159084     0.000155368
1290     3.65207e-05     0.000246422     0.000246422     0.000246422     0.00025267     0.000256247     0.000250261
1294     1.36953e-05     9.33395e-05     9.33395e-05     9.33395e-05     9.57063e-05     9.7061e-05     9.47937e-05
1298     3.65207e-05     0.000250945     0.000250945     0.000250945     0.000257308     0.00026095     0.000254854
1302     2.28255e-05     0.000158076     0.000158076     0.000158076     0.000162084     0.000164378     0.000160538
1306     2.73906e-05     0.000191258     0.000191258     0.000191258     0.000196108     0.000198884     0.000194238
1310     3.19556e-05     0.000224906     0.000224906     0.000224906     0.000230609     0.000233874     0.00022841
1314     2.28255e-05     0.000161981     0.000161981     0.000161981     0.000166089     0.000168439     0.000164505
1318     3.65207e-05     0.000261046     0.000261046     0.000261046     0.000267665     0.000271454     0.000265113
1322     3.19556e-05     0.000230448     0.000230448     0.000230448     0.000236292     0.000239636     0.000234038
1326     2.28255e-05     0.000165866     0.000165866     0.000165866     0.000170072     0.000172479     0.00016845
1330     2.73906e-05     0.000200889     0.000200889     0.000200889     0.000205982     0.000208898     0.000204018
1334     2.73906e-05     0.000202568     0.000202568     0.000202568     0.000207704     0.000210645     0.000205724
1338     2.73906e-05     0.000204232     0.000204232     0.000204232     0.00020941     0.000212374     0.000207413
1342     2.73906e-05     0.000205799     0.000205799     0.000205799     0.000211017     0.000214004     0.000209005
1346     1.36953e-05     0.000103747     0.000103747     0.000103747     0.000106378     0.000107883     0.000105363
1350     9.13018e-06     6.97962e-05     6.97962e-05     6.97962e-05     7.1566e-05     7.2579e-05     7.08836e-05
1354     2.28255e-05     0.000175265     0.000175265     0.000175265     0.000179709     0.000182253     0.000177995
1358     0     0     0     0     0     0     0
1362     4.56509e-06     3.55982e-05     3.55982e-05     3.55982e-05     3.65009e-05     3.70175e-05     3.61528e-05
1366     2.73906e-05     0.000215387     0.000215387     0.000215387     0.000220848     0.000223975     0.000218743
1370     4.56509e-06     3.62655e-05     3.62655e-05     3.62655e-05     3.71851e-05     3.77114e-05     3.68305e-05
1374     0     0     0     0     0     0     0
1378     2.73906e-05     0.000220866     0.000220866     0.000220866     0.000226466     0.000229672     0.000224307
1382     1.82604e-05     0.000148096     0.000148096     0.000148096     0.000151851     0.000154     0.000150403
1386     1.36953e-05     0.000111769     0.000111769     0.000111769     0.000114603     0.000116226     0.000113511
1390     9.13018e-06     7.52231e-05     7.52231e-05     7.52231e-05     7.71305e-05     7.82223e-05     7.6395e-05
1394     9.13018e-06     7.59489e-05     7.59489e-05     7.59489e-05     7.78747e-05     7.8977e-05     7.71321e-05
1398     9.13018e-06     7.62261e-05     7.62261e-05     7.62261e-05     7.81589e-05     7.92653e-05     7.74136e-05
1402     9.13018e-06     7.69312e-05     7.69312e-05     7.69312e-05     7.8882e-05     7.99985e-05     7.81298e-05
1406     4.56509e-06     3.87838e-05     3.87838e-05     3.87838e-05     3.97672e-05     4.03301e-05     3.9388e-05
1410     9.13018e-06     7.8098e-05     7.8098e-05     7.8098e-05     8.00783e-05     8.12118e-05     7.93148e-05
1414     1.36953e-05     0.000118184     0.000118184     0.000118184     0.00012118     0.000122896     0.000120025
1418     4.56509e-06     3.9582e-05     3.9582e-05     3.9582e-05     4.05857e-05     4.11602e-05     4.01987e-05
1422     0     0     0     0     0     0     0
1426     9.13018e-06     8.0233e-05     8.0233e-05     8.0233e-05     8.22674e-05     8.34319e-05     8.1483e-05
1430     1.82604e-05     0.00016219     0.00016219     0.00016219     0.000166302     0.000168656     0.000164717
1434     2.28255e-05     0.000203434     0.000203434     0.000203434     0.000208592     0.000211545     0.000206603
1438     1.82604e-05     0.000164353     0.000164353     0.000164353     0.00016852     0.000170906     0.000166914
1442     1.36953e-05     0.000123921     0.000123921     0.000123921     0.000127063     0.000128862     0.000125852
1446     4.56509e-06     4.14915e-05     4.14915e-05     4.14915e-05     4.25436e-05     4.31458e-05     4.21379e-05
1450     9.13018e-06     8.38801e-05     8.38801e-05     8.38801e-05     8.60071e-05     8.72245e-05     8.5187e-05
1454     1.36953e-05     0.000126605     0.000126605     0.000126605     0.000129816     0.000131653     0.000128578
1458     9.13018e-06     8.51225e-05     8.51225e-05     8.51225e-05     8.7281e-05     8.85164e-05     8.64487e-05
1462     9.13018e-06     8.57826e-05     8.57826e-05     8.57826e-05     8.79578e-05     8.92028e-05     8.7119e-05
1466     1.82604e-05     0.000172337     0.000172337     0.000172337     0.000176707     0.000179208     0.000175022
1470     1.36953e-05     0.0001301     0.0001301     0.0001301     0.000133399     0.000135287     0.000132127
1474     4.56509e-06     4.36981e-05     4.36981e-05     4.36981e-05     4.48061e-05     4.54403e-05     4.43789e-05
1478     2.28255e-05     0.000219928     0.000219928     0.000219928     0.000225505     0.000228697     0.000223355
1482     9.13018e-06     8.88023e-05     8.88023e-05     8.88023e-05     9.1054e-05     9.23429e-05     9.01858e-05
1486     4.56509e-06     4.45466e-05     4.45466e-05     4.45466e-05     4.56762e-05     4.63227e-05     4.52406e-05
1490     0     0     0     0     0     0     0
1494     4.56509e-06     4.51964e-05     4.51964e-05     4.51964e-05     4.63424e-05     4.69984e-05     4.59005e-05
1498     4.56509e-06     4.5489e-05     4.5489e-05     4.5489e-05     4.66424e-05     4.73027e-05     4.61977e-05
1502     9.13018e-06     9.15747e-05     9.15747e-05     9.15747e-05     9.38967e-05     9.52258e-05     9.30014e-05
1506     4.56509e-06     4.604e-05     4.604e-05     4.604e-05     4.72074e-05     4.78757e-05     4.67573e-05
1510     0     0     0     0     0     0     0
1514     4.56509e-06     4.65495e-05     4.65495e-05     4.65495e-05     4.77298e-05     4.84054e-05     4.72747e-05
1518     9.13018e-06     9.41253e-05     9.41253e-05     9.41253e-05     9.6512e-05     9.78781e-05     9.55917e-05
1522     0     0     0     0     0     0     0
1526     1.36953e-05     0.000143059     0.000143059     0.000143059     0.000146687     0.000148763     0.000145288
1530     4.56509e-06     4.78079e-05     4.78079e-05     4.78079e-05     4.90201e-05     4.9714e-05     4.85527e-05
1534     9.13018e-06     9.61841e-05     9.61841e-05     9.61841e-05     9.8623e-05     0.000100019     9.76826e-05
1538     0     0     0     0     0     0     0
1542     9.13018e-06     9.76639e-05     9.76639e-05     9.76639e-05     0.00010014     0.000101558     9.91854e-05
1546     9.13018e-06     9.83462e-05     9.83462e-05     9.83462e-05     0.00010084     0.000102267     9.98784e-05
1550     9.13018e-06     9.87614e-05     9.87614e-05     9.87614e-05     0.000101266     0.000102699     0.0001003
1554     0     0     0     0     0     0     0
1558     0     0     0     0     0     0     0
1562     0     0     0     0     0     0     0
1566     0     0     0     0     0     0     0
1570     4.56509e-06     5.08951e-05     5.08951e-05     5.08951e-05     5.21856e-05     5.29243e-05     5.1688e-05
1574     1.82604e-05     0.000205026     0.000205026     0.000205026     0.000210224     0.0002132     0.00020822
1578     4.56509e-06     5.16251e-05     5.16251e-05     5.16251e-05     5.29342e-05     5.36834e-05     5.24294e-05
1582     4.56509e-06     5.20276e-05     5.20276e-05     5.20276e-05     5.33468e-05     5.41019e-05     5.28381e-05
1586     9.13018e-06     0.000104309     0.000104309     0.000104309     0.000106954     0.000108467     0.000105934
1590     4.56509e-06     5.25724e-05     5.25724e-05     5.25724e-05     5.39055e-05     5.46685e-05     5.33915e-05
1594     4.56509e-06     5.29897e-05     5.29897e-05     5.29897e-05     5.43333e-05     5.51024e-05     5.38153e-05
1598     9.13018e-06     0.000106553     0.000106553     0.000106553     0.000109255     0.000110801     0.000108213
1602     4.56509e-06     5.34847e-05     5.34847e-05     5.34847e-05     5.4841e-05     5.56172e-05     5.4318e-05
1606     1.36953e-05     0.00016143     0.00016143     0.00016143     0.000165524     0.000167867     0.000163945
1610     0     0     0     0     0     0     0
1614     1.36953e-05     0.00016333     0.00016333     0.00016333     0.000167471     0.000169842     0.000165874
1618     4.56509e-06     5.46288e-05     5.46288e-05     5.46288e-05     5.6014e-05     5.68068e-05     5.54799e-05
1622     4.56509e-06     5.50781e-05     5.50781e-05     5.50781e-05     5.64747e-05     5.72741e-05     5.59362e-05
1626     4.56509e-06     5.52897e-05     5.52897e-05     5.52897e-05     5.66916e-05     5.74941e-05     5.6151e-05
1630     0     0     0     0     0     0     0
1634     4.56509e-06     5.59419e-05     5.59419e-05     5.59419e-05     5.73604e-05     5.81724e-05     5.68135e-05
1638     9.13018e-06     0.000112633     0.000112633     0.000112633     0.000115489     0.000117124     0.000114388
1642     4.56509e-06     5.65131e-05     5.65131e-05     5.65131e-05     5.79461e-05     5.87663e-05     5.73935e-05
1646     0     0     0     0     0     0     0
1650     0     0     0     0     0     0     0
1654     0     0     0     0     0     0     0
1658     0     0     0     0     0     0     0
1662     0     0     0     0     0     0     0
1666     0     0     0     0     0     0     0
1670     0     0     0     0     0     0     0
1674     0     0     0     0     0     0     0
1678     0     0     0     0     0     0     0
1682     0     0     0     0     0     0     0
1686     0     0     0     0     0     0     0
1690     0     0     0     0     0     0     0
1694     0     0     0     0     0     0     0
1698     0     0     0     0     0     0     0
1702     0     0     0     0     0     0     0
1706     0     0     0     0     0     0     0
1710     0     0     0     0     0     0     0
1714     0     0     0     0     0     0     0
1718     0     0     0     0     0     0     0
1722     0     0     0     0     0     0     0
1726     0     0     0     0     0     0     0
1730     0     0     0     0     0     0     0
1734     0     0     0     0     0     0     0
1738     0     0     0     0     0     0     0
1742     0     0     0     0     0     0     0
1746     0     0     0     0     0     0     0
1750     0     0     0     0     0     0     0
1754     0     0     0     0     0     0     0
1758     0     0     0     0     0     0     0
1762     0     0     0     0     0     0     0
1766     0     0     0     0     0     0     0
1770     0     0     0     0     0     0     0
1774     0     0     0     0     0     0     0
1778     0     0     0     0     0     0     0
1782     0     0     0     0     0     0     0
1786     0     0     0     0     0     0     0
1790     0     0     0     0     0     0     0
1794     0     0     0     0     0     0     0
1798     0     0     0     0     0     0     0
1802     0     0     0     0     0     0     0
1806     0     0     0     0     0     0     0
1810     0     0     0     0     0     0     0
1814     0     0     0     0     0     0     0
1818     0     0     0     0     0     0     0
1822     0     0     0     0     0     0     0
1826     0     0     0     0     0     0     0
1830     0     0     0     0     0     0     0
1834     0     0     0     0     0     0     0
1838     0     0     0     0     0     0     0
1842     0     0     0     0     0     0     0
1846     0     0     0     0     0     0     0
1850     0     0     0     0     0     0     0
1854     0     0     0     0     0     0     0
1858     0     0     0     0     0     0     0
1862     0     0     0     0     0     0     0
1866     0     0     0     0     0     0     0
1870     0     0     0     0     0     0     0
1874     0     0     0     0     0     0     0
1878     0     0     0     0     0     0     0
1882     0     0     0     0     0     0     0
1886     0     0     0     0     0     0     0
1890     0     0     0     0     0     0     0
1894     0     0     0     0     0     0     0
1898     0     0     0     0     0     0     0
1902     0     0     0     0     0     0     0
1906     0     0     0     0     0     0     0
1910     0     0     0     0     0     0     0
1914     0     0     0     0     0     0     0
1918     0     0     0     0     0     0     0
1922     0     0     0     0     0     0     0
1926     0     0     0     0     0     0     0
1930     0     0     0     0     0     0     0
1934     0     0     0     0     0     0     0
1938     0     0     0     0     0     0     0
1942     0     0     0     0     0     0     0
1946     0     0     0     0     0     0     0
1950     0     0     0     0     0     0     0
1954     0     0     0     0     0     0     0
1958     0     0     0     0     0     0     0
1962     0     0     0     0     0     0     0
1966     0     0     0     0     0     0     0
1970     0     0     0     0     0     0     0
1974     0     0     0     0     0     0     0
1978     0     0     0     0     0     0     0
1982     0     0     0     0     0     0     0
1986     0     0     0     0     0     0     0
1990     0     0     0     0     0     0     0
1994     0     0     0     0     0     0     0
1998     0     0     0     0     0     0     0
2002     0     0     0     0     0     0     0
2006     0     0     0     0     0     0     0
2010     0     0     0     0     0     0     0
2014     0     0     0     0     0     0     0
2018     0     0     0     0     0     0     0
2022     0     0     0     0     0     0     0
2026     0     0     0     0     0     0     0
2030     0     0     0     0     0     0     0
2034     0     0     0     0     0     0     0
2038     0     0     0     0     0     0     0
2042     0     0     0     0     0     0     0
2046     0     0     0     0     0     0     0
2050     0     0     0     0     0     0     0
2054     0     0     0     0     0     0     0
2058     0     0     0     0     0     0     0
2062     0     0     0     0     0     0     0
2066     0     0     0     0     0     0     0
2070     0     0     0     0     0     0     0
2074     0     0     0     0     0     0     0
2078     0     0     0     0     0     0     0
2082     0     0     0     0     0     0     0
2086     0     0     0     0     0     0     0
2090     0     0     0     0     0     0     0
2094     0     0     0     0     0     0     0
2098     0     0     0     0     0     0     0
2102     0     0     0     0     0     0     0
2106     0     0     0     0     0     0     0
2110     0     0     0     0     0     0     0
2114     0     0     0     0     0     0     0
2118     0     0     0     0     0     0     0
2122     0     0     0     0     0     0     0
2126     0     0     0     0     0     0     0
2130     0     0     0     0     0     0     0
2134     0     0     0     0     0     0     0
2138     0     0     0     0     0     0     0
2142     0     0     0     0     0     0     0
2146     0     0     0     0     0     0     0
2150     0     0     0     0     0     0     0
2154     0     0     0     0     0     0     0
2158     0     0     0     0     0     0     0
2162     0     0     0     0     0     0     0
2166     0     0     0     0     0     0     0
2170     0     0     0     0     0     0     0
2174     0     0     0     0     0     0     0
2178     0     0     0     0     0     0     0
2182     0     0     0     0     0     0     0
2186     0     0     0     0     0     0     0
2190     0     0     0     0     0     0     0
2194     0     0     0     0     0     0     0
2198     0     0     0     0     0     0     0
2202     0     0     0     0     0     0     0
2206     0     0     0     0     0     0     0
2210     0     0     0     0     0     0     0
2214     0     0     0     0     0     0     0
2218     0     0     0     0     0     0     0
2222     0     0     0     0     0     0     0
2226     0     0     0     0     0     0     0
2230     0     0     0     0     0     0     0
2234     0     0     0     0     0     0     0
2238     0     0     0     0     0     0     0
2242     0     0     0     0     0     0     0
2246     0     0     0     0     0     0     0
2250     0     0     0     0     0     0     0
2254     0     0     0     0     0     0     0
2258     0     0     0     0     0     0     0
2262     0     0     0     0     0     0     0
2266     0     0     0     0     0     0     0
2270     0     0     0     0     0     0     0
2274     0     0     0     0     0     0     0
2278     0     0     0     0     0     0     0
2282     0     0     0     0     0     0     0
2286     0     0     0     0     0     0     0
2290     0     0     0     0     0     0     0
2294     0     0     0     0     0     0     0
2298     0     0     0     0     0     0     0
2302     0     0     0     0     0     0     0
2306     0     0     0     0     0     0     0
2310     0     0     0     0     0     0     0
2314     0     0     0     0     0     0     0
2318     0     0     0     0     0     0     0
2322     0     0     0     0     0     0     0
2326     0     0     0     0     0     0     0
2330     0     0     0     0     0     0     0
2334     0     0     0     0     0     0     0
2338     0     0     0     0     0     0     0
2342     0     0     0     0     0     0     0
2346     0     0     0     0     0     0     0
2350     0     0     0     0     0     0     0
2354     0     0     0     0     0     0     0
2358     0     0     0     0     0     0     0
2362     0     0     0     0     0     0     0
2366     0     0     0     0     0     0     0
2370     0     0     0     0     0     0     0
2374     0     0     0     0     0     0     0
2378     0     0     0     0     0     0     0
2382     0     0     0     0     0     0     0
2386     0     0     0     0     0     0     0
2390     0     0     0     0     0     0     0
2394     0     0     0     0     0     0     0
2398     0     0     0     0     0     0     0
2402     0     0     0     0     0     0     0
2406     0     0     0     0     0     0     0
2410     0     0     0     0     0     0     0
2414     0     0     0     0     0     0     0
2418     0     0     0     0     0     0     0
2422     0     0     0     0     0     0     0
2426     0     0     0     0     0     0     0
2430     0     0     0     0     0     0     0
2434     0     0     0     0     0     0     0
2438     0     0     0     0     0     0     0
2442     0     0     0     0     0     0     0
2446     0     0     0     0     0     0     0
2450     0     0     0     0     0     0     0
2454     0     0     0     0     0     0     0
2458     0     0     0     0     0     0     0
2462     0     0     0     0     0     0     0
2466     0     0     0     0     0     0     0
2470     0     0     0     0     0     0     0
2474     0     0     0     0     0     0     0
2478     0     0     0     0     0     0     0
2482     0     0     0     0     0     0     0
2486     0     0     0     0     0     0     0
2490     0     0     0     0     0     0     0
2494     0     0     0     0     0     0     0
2498     0     0     0     0     0     0     0
2502     0     0     0     0     0     0     0
2506     0     0     0     0     0     0     0
2510     0     0     0     0     0     0     0
2514     0     0     0     0     0     0     0
2518     0     0     0     0     0     0     0
2522     0     0     0     0     0     0     0
2526     0     0     0     0     0     0     0
2530     0     0     0     0     0     0     0
2534     0     0     0     0     0     0     0
2538     0     0     0     0     0     0     0
2542     0     0     0     0     0     0     0
2546     0     0     0     0     0     0     0
2550     0     0     0     0     0     0     0
2554     0     0     0     0     0     0     0
2558     0     0     0     0     0     0     0
2562     0     0     0     0     0     0     0
2566     0     0     0     0     0     0     0
2570     0     0     0     0     0     0     0
2574     0     0     0     0     0     0     0
2578     0     0     0     0     0     0     0
2582     0     0     0     0     0     0     0
2586     0     0     0     0     0     0     0
2590     0     0     0     0     0     0     0
2594     0     0     0     0     0     0     0
2598     0     0     0     0     0     0     0
2602     0     0     0     0     0     0     0
2606     0     0     0     0     0     0     0
2610     0     0     0     0     0     0     0
2614     0     0     0     0     0     0     0
2618     0     0     0     0     0     0     0
2622     0     0     0     0     0     0     0
2626     0     0     0     0     0     0     0
2630     0     0     0     0     0     0     0
2634     0     0     0     0     0     0     0
2638     0     0     0     0     0     0     0
2642     0     0     0     0     0     0     0
2646     0     0     0     0     0     0     0
2650     0     0     0     0     0     0     0
2654     0     0     0     0     0     0     0
2658     0     0     0     0     0     0     0
2662     0     0     0     0     0     0     0
2666     0     0     0     0     0     0     0
2670     0     0     0     0     0     0     0
2674     0     0     0     0     0     0     0
2678     0     0     0     0     0     0     0
2682     0     0     0     0     0     0     0
2686     0     0     0     0     0     0     0
2690     0     0     0     0     0     0     0
2694     0     0     0     0     0     0     0
2698     0     0     0     0     0     0     0
2702     0     0     0     0     0     0     0
2706     0     0     0     0     0     0     0
2710     0     0     0     0     0     0     0
2714     0     0     0     0     0     0     0
2718     0     0     0     0     0     0     0
2722     0     0     0     0     0     0     0
2726     0     0     0     0     0     0     0
2730     0     0     0     0     0     0     0
2734     0     0     0     0     0     0     0
2738     0     0     0     0     0     0     0
2742     0     0     0     0     0     0     0
2746     0     0     0     0     0     0     0
2750     0     0     0     0     0     0     0
2754     0     0     0     0     0     0     0
2758     0     0     0     0     0     0     0
2762     0     0     0     0     0     0     0
2766     0     0     0     0     0     0     0
2770     0     0     0     0     0     0     0
2774     0     0     0     0     0     0     0
2778     0     0     0     0     0     0     0
2782     0     0     0     0     0     0     0
2786     0     0     0     0     0     0     0
2790     0     0     0     0     0     0     0
2794     0     0     0     0     0     0     0
2798     0     0     0     0     0     0     0
2802     0     0     0     0     0     0     0
2806     0     0     0     0     0     0     0
2810     0     0     0     0     0     0     0
2814     0     0     0     0     0     0     0
2818     0     0     0     0     0     0     0
2822     0     0     0     0     0     0     0
2826     0     0     0     0     0     0     0
2830     0     0     0     0     0     0     0
2834     0     0     0     0     0     0     0
2838     0     0     0     0     0     0     0
2842     0     0     0     0     0     0     0
2846     0     0     0     0     0     0     0
2850     0     0     0     0     0     0     0
2854     0     0     0     0     0     0     0
2858     0     0     0     0     0     0     0
2862     0     0     0     0     0     0     0
2866     0     0     0     0     0     0     0
2870     0     0     0     0     0     0     0
2874     0     0     0     0     0     0     0
2878     0     0     0     0     0     0     0
2882     0     0     0     0     0     0     0
2886     0     0     0     0     0     0     0
2890     0     0     0     0     0     0     0
2894     0     0     0     0     0     0     0
2898     0     0     0     0     0     0     0
2902     0     0     0     0     0     0     0
2906     0     0     0     0     0     0     0
2910     0     0     0     0     0     0     0
2914     0     0     0     0     0     0     0
2918     0     0     0     0     0     0     0
2922     0     0     0     0     0     0     0
2926     0     0     0     0     0     0     0
2930     0     0     0     0     0     0     0
2934     0     0     0     0     0     0     0
2938     0     0     0     0     0     0     0
2942     0     0     0     0     0     0     0
2946     0     0     0     0     0     0     0
2950     0     0     0     0     0     0     0
2954     0     0     0     0     0     0     0
2958     0     0     0     0     0     0     0
2962     0     0     0     0     0     0     0
2966     0     0     0     0     0     0     0
2970     0     0     0     0     0     0     0
2974     0     0     0     0     0     0     0
2978     0     0     0     0     0     0     0
2982     0     0     0     0     0     0     0
2986     0     0     0     0     0     0     0
2990     0     0     0     0     0     0     0
2994     0     0     0     0     0     0     0
2998     0     0     0     0     0     0     0
3002     0     0     0     0     0     0     0
3006     0     0     0     0     0     0     0
3010     0     0     0     0     0     0     0
3014     0     0     0     0     0     0     0
3018     0     0     0     0     0     0     0
3022     0     0     0     0     0     0     0
3026     0     0     0     0     0     0     0
3030     0     0     0     0     0     0     0
3034     0     0     0     0     0     0     0
3038     0     0     0     0     0     0     0
3042     0     0     0     0     0     0     0
3046     0     0     0     0     0     0     0
3050     0     0     0     0     0     0     0
3054     0     0     0     0     0     0     0
3058     0     0     0     0     0     0     0
3062     0     0     0     0     0     0     0
3066     0     0     0     0     0     0     0
3070     0     0     0     0     0     0     0
3074     0     0     0     0     0     0     0
3078     0     0     0     0     0     0     0
3082     0     0     0     0     0     0     0
3086     0     0     0     0     0     0     0
3090     0     0     0     0     0     0     0
3094     0     0     0     0     0     0     0
3098     0     0     0     0     0     0     0
3102     0     0     0     0     0     0     0
3106     0     0     0     0     0     0     0
3110     0     0     0     0     0     0     0
3114     0     0     0     0     0     0     0
3118     0     0     0     0     0     0     0
3122     0     0     0     0     0     0     0
3126     0     0     0     0     0     0     0
3130     0     0     0     0     0     0     0
3134     0     0     0     0     0     0     0
3138     0     0     0     0     0     0     0
3142     0     0     0     0     0     0     0
3146     0     0     0     0     0     0     0
3150     0     0     0     0     0     0     0
3154     0     0     0     0     0     0     0
3158     0     0     0     0     0     0     0
3162     0     0     0     0     0     0     0
3166     0     0     0     0     0     0     0
3170     0     0     0     0     0     0     0
3174     0     0     0     0     0     0     0
3178     0     0     0     0     0     0     0
3182     0     0     0     0     0     0     0
3186     0     0     0     0     0     0     0
3190     0     0     0     0     0     0     0
3194     0     0     0     0     0     0     0
3198     0     0     0     0     0     0     0
3202     0     0     0     0     0     0     0
3206     0     0     0     0     0     0     0
3210     0     0     0     0     0     0     0
3214     0     0     0     0     0     0     0
3218     0     0     0     0     0     0     0
3222     0     0     0     0     0     0     0
3226     0     0     0     0     0     0     0
3230     0     0     0     0     0     0     0
3234     0     0     0     0     0     0     0
3238     0     0     0     0     0     0     0
3242     0     0     0     0     0     0     0
3246     0     0     0     0     0     0     0
3250     0     0     0     0     0     0     0
3254     0     0     0     0     0     0     0
3258     0     0     0     0     0     0     0
3262     0     0     0     0     0     0     0
3266     0     0     0     0     0     0     0
3270     0     0     0     0     0     0     0
3274     0     0     0     0     0     0     0
3278     0     0     0     0     0     0     0
3282     0     0     0     0     0     0     0
3286     0     0     0     0     0     0     0
3290     0     0     0     0     0     0     0
3294     0     0     0     0     0     0     0
3298     0     0     0     0     0     0     0
3302     0     0     0     0     0     0     0
3306     0     0     0     0     0     0     0
3310     0     0     0     0     0     0     0
3314     0     0     0     0     0     0     0
3318     0     0     0     0     0     0     0
3322     0     0     0     0     0     0     0
3326     0     0     0     0     0     0     0
3330     0     0     0     0     0     0     0
3334     0     0     0     0     0     0     0
3338     0     0     0     0     0     0     0
3342     0     0     0     0     0     0     0
3346     0     0     0     0     0     0     0
3350     0     0     0     0     0     0     0
3354     0     0     0     0     0     0     0
3358     0     0     0     0     0     0     0
3362     0     0     0     0     0     0     0
3366     0     0     0     0     0     0     0
3370     0     0     0     0     0     0     0
3374     0     0     0     0     0     0     0
3378     0     0     0     0     0     0     0
3382     0     0     0     0     0     0     0
3386     0     0     0     0     0     0     0
3390     0     0     0     0     0     0     0
3394     0     0     0     0     0     0     0
3398     0     0     0     0     0     0     0
3402     0     0     0     0     0     0     0
3406     0     0     0     0     0     0     0
3410     0     0     0     0     0     0     0
3414     0     0     0     0     0     0     0
3418     0     0     0     0     0     0     0
3422     0     0     0     0     0     0     0
3426     0     0     0     0     0     0     0
3430     0     0     0     0     0     0     0
3434     0     0     0     0     0     0     0
3438     0     0     0     0     0     0     0
3442     0     0     0     0     0     0     0
3446     0     0     0     0     0     0     0
3450     0     0     0     0     0     0     0
3454     0     0     0     0     0     0     0
3458     0     0     0     0     0     0     0
3462     0     0     0     0     0     0     0
3466     0     0     0     0     0     0     0
3470     0     0     0     0     0     0     0
3474     0     0     0     0     0     0     0
3478     0     0     0     0     0     0     0
3482     0     0     0     0     0     0     0
3486     0     0     0     0     0     0     0
3490     0     0     0     0     0     0     0
3494     0     0     0     0     0     0     0
3498     0     0     0     0     0     0     0
3502     0     0     0     0     0     0     0
3506     0     0     0     0     0     0     0
3510     0     0     0     0     0     0     0
3514     0     0     0     0     0     0     0
3518     0     0     0     0     0     0     0
3522     0     0     0     0     0     0     0
3526     0     0     0     0     0     0     0
3530     0     0     0     0     0     0     0
3534     0     0     0     0     0     0     0
3538     0     0     0     0     0     0     0
3542     0     0     0     0     0     0     0
3546     0     0     0     0     0     0     0
3550     0     0     0     0     0     0     0
3554     0     0     0     0     0     0     0
3558     0     0     0     0     0     0     0
3562     0     0     0     0     0     0     0
3566     0     0     0     0     0     0     0
3570     0     0     0     0     0     0     0
3574     0     0     0     0     0     0     0
3578     0     0     0     0     0     0     0
3582     0     0     0     0     0     0     0
3586     0     0     0     0     0     0     0
3590     0     0     0     0     0     0     0
3594     0     0     0     0     0     0     0
3598     0     0     0     0     0     0     0
3602     0     0     0     0     0     0     0
3606     0     0     0     0     0     0     0
3610     0     0     0     0     0     0     0
3614     0     0     0     0     0     0     0
3618     0     0     0     0     0     0     0
3622     0     0     0     0     0     0     0
3626     0     0     0     0     0     0     0
3630     0     0     0     0     0     0     0
3634     0     0     0     0     0     0     0
3638     0     0     0     0     0     0     0
3642     0     0     0     0     0     0     0
3646     0     0     0     0     0     0     0
3650     0     0     0     0     0     0     0
3654     0     0     0     0     0     0     0
3658     0     0     0     0     0     0     0
3662     0     0     0     0     0     0     0
3666     0     0     0     0     0     0     0
3670     0     0     0     0     0     0     0
3674     0     0     0     0     0     0     0
3678     0     0     0     0     0     0     0
3682     0     0     0     0     0     0     0
3686     0     0     0     0     0     0     0
3690     0     0     0     0     0     0     0
3694     0     0     0     0     0     0     0
3698     0     0     0     0     0     0     0
3702     0     0     0     0     0     0     0
3706     0     0     0     0     0     0     0
3710     0     0     0     0     0     0     0
3714     0     0     0     0     0     0     0
3718     0     0     0     0     0     0     0
3722     0     0     0     0     0     0     0
3726     0     0     0     0     0     0     0
3730     0     0     0     0     0     0     0
3734     0     0     0     0     0     0     0
3738     0     0     0     0     0     0     0
3742     0     0     0     0     0     0     0
3746     0     0     0     0     0     0     0
3750     0     0     0     0     0     0     0
3754     0     0     0     0     0     0     0
3758     0     0     0     0     0     0     0
3762     0     0     0     0     0     0     0
3766     0     0     0     0     0     0     0
3770     0     0     0     0     0     0     0
3774     0     0     0     0     0     0     0
3778     0     0     0     0     0     0     0
3782     0     0     0     0     0     0     0
3786     0     0     0     0     0     0     0
3790     0     0     0     0     0     0     0
3794     0     0     0     0     0     0     0
3798     0     0     0     0     0     0     0
3802     0     0     0     0     0     0     0
3806     0     0     0     0     0     0     0
3810     0     0     0     0     0     0     0
3814     0     0     0     0     0     0     0
3818     0     0     0     0     0     0     0
3822     0     0     0     0     0     0     0
3826     0     0     0     0     0     0     0
3830     0     0     0     0     0     0     0
3834     0     0     0     0     0     0     0
3838     0     0     0     0     0     0     0
3842     0     0     0     0     0     0     0
3846     0     0     0     0     0     0     0
3850     0     0     0     0     0     0     0
3854     0     0     0     0     0     0     0
3858     0     0     0     0     0     0     0
3862     0     0     0     0     0     0     0
3866     0     0     0     0     0     0     0
3870     0     0     0     0     0     0     0
3874     0     0     0     0     0     0     0
3878     0     0     0     0     0     0     0
3882     0     0     0     0     0     0     0
3886     0     0     0     0     0     0     0
3890     0     0     0     0     0     0     0
3894     0     0     0     0     0     0     0
3898     0     0     0     0     0     0     0
3902     0     0     0     0     0     0     0
3906     0     0     0     0     0     0     0
3910     0     0     0     0     0     0     0
3914     0     0     0     0     0     0     0
3918     0     0     0     0     0     0     0
3922     0     0     0     0     0     0     0
3926     0     0     0     0     0     0     0
3930     0     0     0     0     0     0     0
3934     0     0     0     0     0     0     0
3938     0     0     0     0     0     0     0
3942     0     0     0     0     0     0     0
3946     0     0     0     0     0     0     0
3950     0     0     0     0     0     0     0
3954     0     0     0     0     0     0     0
3958     0     0     0     0     0     0     0
3962     0     0     0     0     0     0     0
3966     0     0     0     0     0     0     0
3970     0     0     0     0     0     0     0
3974     0     0     0     0     0     0     0
3978     0     0     0     0     0     0     0
3982     0     0     0     0     0     0     0
3986     0     0     0     0     0     0     0
3990     0     0     0     0     0     0     0
3994     0     0     0     0     0     0     0
3998     0     0     0     0     0     0     0
