2     0     0     0     0     0     0     0
6     0     0     0     0     0     0     0
10     0     0     0     0     0     0     0
14     0     0     0     0     0     0     0
18     0     0     0     0     0     0     0
22     0     0     0     0     0     0     0
26     2.46908e-05     4.78524e-09     4.78505e-09     4.78537e-09     4.96699e-09     5.23907e-09     4.84101e-09
30     2.70423e-05     4.27576e-09     4.27558e-09     4.27587e-09     4.43815e-09     4.68127e-09     4.32559e-09
34     2.88059e-05     3.84288e-09     3.84272e-09     3.84298e-09     3.98883e-09     4.20733e-09     3.88767e-09
38     4.11514e-05     4.72781e-09     4.72762e-09     4.72794e-09     4.90737e-09     5.1762e-09     4.78291e-09
42     4.93816e-05     4.91243e-09     4.91222e-09     4.91256e-09     5.099e-09     5.37832e-09     4.96968e-09
46     4.70301e-05     4.11468e-09     4.11451e-09     4.11479e-09     4.27096e-09     4.50492e-09     4.16264e-09
50     5.11453e-05     4.03875e-09     4.03859e-09     4.03886e-09     4.19215e-09     4.42179e-09     4.08582e-09
54     5.76119e-05     4.1446e-09     4.14443e-09     4.14471e-09     4.30201e-09     4.53767e-09     4.1929e-09
58     7.75997e-05     5.09932e-09     5.09911e-09     5.09945e-09     5.29299e-09     5.58294e-09     5.15875e-09
62     7.05452e-05     4.30951e-09     4.30933e-09     4.30963e-09     4.47319e-09     4.71822e-09     4.35974e-09
66     9.34724e-05     5.38403e-09     5.3838e-09     5.38417e-09     5.58851e-09     5.89464e-09     5.44678e-09
70     8.93572e-05     4.88483e-09     4.88463e-09     4.88496e-09     5.07036e-09     5.34811e-09     4.94177e-09
74     9.5236e-05     4.99696e-09     4.99675e-09     4.99709e-09     5.18674e-09     5.47087e-09     5.0552e-09
78     9.93511e-05     5.04853e-09     5.04832e-09     5.04866e-09     5.24027e-09     5.52733e-09     5.10737e-09
82     0.000106406     5.27582e-09     5.27561e-09     5.27596e-09     5.4762e-09     5.77618e-09     5.33731e-09
86     0.000118163     5.76897e-09     5.76873e-09     5.76912e-09     5.98807e-09     6.3161e-09     5.8362e-09
90     0.000124042     6.00742e-09     6.00717e-09     6.00758e-09     6.23558e-09     6.57716e-09     6.07744e-09
94     0.000125218     6.05419e-09     6.05394e-09     6.05435e-09     6.28413e-09     6.62836e-09     6.12475e-09
98     0.000131096     6.3634e-09     6.36314e-09     6.36357e-09     6.60509e-09     6.96691e-09     6.43757e-09
102     0.000146969     7.19261e-09     7.19231e-09     7.1928e-09     7.46578e-09     7.87475e-09     7.27643e-09
106     0.000148145     7.34924e-09     7.34893e-09     7.34943e-09     7.62836e-09     8.04623e-09     7.43489e-09
110     0.000136975     6.95433e-09     6.95404e-09     6.95451e-09     7.21845e-09     7.61387e-09     7.03538e-09
114     0.000149909     7.88841e-09     7.88808e-09     7.88862e-09     8.18801e-09     8.63654e-09     7.98035e-09
118     0.000150496     8.33074e-09     8.3304e-09     8.33096e-09     8.64714e-09     9.12083e-09     8.42784e-09
122     0.000155199     9.21731e-09     9.21693e-09     9.21755e-09     9.56738e-09     1.00915e-08     9.32474e-09
126     0.000166369     1.09363e-08     1.09358e-08     1.09366e-08     1.13516e-08     1.19735e-08     1.10637e-08
130     0.000174599     1.29483e-08     1.29478e-08     1.29487e-08     1.34401e-08     1.41764e-08     1.30993e-08
134     0.000178714     1.54685e-08     1.54679e-08     1.54689e-08     1.6056e-08     1.69355e-08     1.56488e-08
138     0.000190472     1.97113e-08     1.97104e-08     1.97118e-08     2.04599e-08     2.15807e-08     1.9941e-08
142     0.00020223     2.60059e-08     2.60048e-08     2.60065e-08     2.69936e-08     2.84722e-08     2.63089e-08
146     0.000203405     3.36752e-08     3.36738e-08     3.36761e-08     3.49542e-08     3.68689e-08     3.40677e-08
150     0.00021046     4.82191e-08     4.82171e-08     4.82204e-08     5.00505e-08     5.27922e-08     4.87811e-08
154     0.000199878     6.95922e-08     6.95893e-08     6.9594e-08     7.22353e-08     7.61923e-08     7.04033e-08
158     0.000233975     1.52197e-07     1.5219e-07     1.52201e-07     1.57977e-07     1.66631e-07     1.5397e-07
162     0.000218102     3.73418e-07     3.73403e-07     3.73428e-07     3.87601e-07     4.08833e-07     3.7777e-07
166     0.000235738     7.66851e-07     7.66819e-07     7.66871e-07     7.95976e-07     8.39578e-07     7.75788e-07
170     0.000215751     9.52678e-07     9.52639e-07     9.52703e-07     9.8886e-07     1.04303e-06     9.63781e-07
174     0.000228684     1.23182e-06     1.23177e-06     1.23185e-06     1.2786e-06     1.34864e-06     1.24617e-06
178     0.000236914     1.50456e-06     1.5045e-06     1.5046e-06     1.5617e-06     1.64725e-06     1.52209e-06
182     0.000247496     1.89459e-06     1.89451e-06     1.89464e-06     1.96654e-06     2.07427e-06     1.91667e-06
186     0.000261605     2.41802e-06     2.41792e-06     2.41808e-06     2.50985e-06     2.64734e-06     2.4462e-06
190     0.000240441     2.59051e-06     2.5904e-06     2.59058e-06     2.6889e-06     2.83619e-06     2.6207e-06
194     0.000258666     3.14053e-06     3.1404e-06     3.14061e-06     3.2598e-06     3.43837e-06     3.17713e-06
198     0.000250435     3.37001e-06     3.36988e-06     3.3701e-06     3.49801e-06     3.68962e-06     3.40929e-06
202     0.000249848     3.66826e-06     3.66811e-06     3.66836e-06     3.80758e-06     4.01616e-06     3.71101e-06
206     0.000270423     4.31011e-06     4.30995e-06     4.31021e-06     4.47381e-06     4.71889e-06     4.36033e-06
210     0.000279241     4.82087e-06     4.82069e-06     4.82097e-06     5.00777e-06     5.28377e-06     4.87967e-06
214     0.000271011     5.03962e-06     5.03943e-06     5.03973e-06     5.23938e-06     5.53007e-06     5.10412e-06
218     0.000282181     5.62314e-06     5.62293e-06     5.62327e-06     5.84733e-06     6.17233e-06     5.696e-06
222     0.000289235     6.14877e-06     6.14854e-06     6.1489e-06     6.39471e-06     6.75049e-06     6.22898e-06
226     0.000273363     6.17049e-06     6.17027e-06     6.17063e-06     6.41769e-06     6.77493e-06     6.25125e-06
230     0.000281593     6.75485e-06     6.7546e-06     6.75499e-06     7.02564e-06     7.41682e-06     6.84338e-06
234     0.000276302     7.02513e-06     7.02487e-06     7.02528e-06     7.3069e-06     7.7138e-06     7.11729e-06
238     0.000306872     8.26867e-06     8.26836e-06     8.26884e-06     8.6006e-06     9.07967e-06     8.37734e-06
242     0.000301581     8.56581e-06     8.5655e-06     8.56599e-06     8.91041e-06     9.40708e-06     8.67889e-06
246     0.000312162     9.36416e-06     9.36382e-06     9.36436e-06     9.74339e-06     1.02876e-05     9.48949e-06
250     0.000319805     1.00843e-05     1.00839e-05     1.00845e-05     1.04931e-05     1.10794e-05     1.02195e-05
254     0.00031275     1.03727e-05     1.03723e-05     1.03729e-05     1.07933e-05     1.13964e-05     1.05119e-05
258     0.000332738     1.15947e-05     1.15943e-05     1.15949e-05     1.20662e-05     1.27409e-05     1.17512e-05
262     0.000388586     1.41877e-05     1.41872e-05     1.4188e-05     1.47676e-05     1.55946e-05     1.43813e-05
266     0.000355077     1.3577e-05     1.35765e-05     1.35773e-05     1.41312e-05     1.49223e-05     1.37617e-05
270     0.000320393     1.2815e-05     1.28146e-05     1.28153e-05     1.33394e-05     1.40867e-05     1.29902e-05
274     0.000352726     1.47536e-05     1.4753e-05     1.47538e-05     1.53612e-05     1.62236e-05     1.4958e-05
278     0.000328035     1.43294e-05     1.43289e-05     1.43296e-05     1.4925e-05     1.57654e-05     1.45316e-05
282     0.000346259     1.57774e-05     1.57769e-05     1.57777e-05     1.64285e-05     1.73514e-05     1.59968e-05
286     0.000393877     1.87208e-05     1.87201e-05     1.87211e-05     1.94965e-05     2.05931e-05     1.89833e-05
290     0.000368011     1.81821e-05     1.81815e-05     1.81824e-05     1.89421e-05     2.00106e-05     1.84417e-05
294     0.00035155     1.80757e-05     1.80751e-05     1.80761e-05     1.88371e-05     1.99023e-05     1.83378e-05
298     0.000382708     2.04246e-05     2.0424e-05     2.0425e-05     2.12841e-05     2.24873e-05     2.07201e-05
302     0.000340968     1.89039e-05     1.89032e-05     1.89042e-05     1.96969e-05     2.08093e-05     1.91755e-05
306     0.000349787     2.01239e-05     2.01232e-05     2.01242e-05     2.09806e-05     2.2171e-05     2.04217e-05
310     0.000375065     2.238e-05     2.23793e-05     2.23804e-05     2.33424e-05     2.4671e-05     2.27178e-05
314     0.000399756     2.47279e-05     2.47271e-05     2.47283e-05     2.57988e-05     2.72704e-05     2.51063e-05
318     0.000400932     2.56815e-05     2.56807e-05     2.5682e-05     2.67998e-05     2.83313e-05     2.60788e-05
322     0.000409162     2.70937e-05     2.70928e-05     2.70941e-05     2.82692e-05     2.98826e-05     2.75098e-05
326     0.000386235     2.64289e-05     2.64281e-05     2.64293e-05     2.75851e-05     2.91636e-05     2.68414e-05
330     0.000416804     2.94459e-05     2.9445e-05     2.94464e-05     3.07443e-05     3.25078e-05     2.99125e-05
334     0.00042092     3.0652e-05     3.06511e-05     3.06525e-05     3.20128e-05     3.38528e-05     3.11443e-05
338     0.000434441     3.2662e-05     3.26611e-05     3.26625e-05     3.41214e-05     3.60861e-05     3.31932e-05
342     0.000400344     3.10306e-05     3.10297e-05     3.1031e-05     3.24352e-05     3.43095e-05     3.15482e-05
346     0.000410338     3.28949e-05     3.2894e-05     3.28953e-05     3.43934e-05     3.63834e-05     3.34508e-05
350     0.000434441     3.61939e-05     3.61929e-05     3.61943e-05     3.78747e-05     4.0079e-05     3.68281e-05
354     0.000439732     3.83408e-05     3.83398e-05     3.83412e-05     4.01596e-05     4.25132e-05     3.9039e-05
358     0.000442671     4.04692e-05     4.04682e-05     4.04696e-05     4.24105e-05     4.49059e-05     4.12206e-05
362     0.000433853     4.15207e-05     4.15198e-05     4.15211e-05     4.35411e-05     4.6117e-05     4.23106e-05
366     0.000417392     4.17085e-05     4.17076e-05     4.17088e-05     4.37611e-05     4.63606e-05     4.25174e-05
370     0.000457956     4.77546e-05     4.77536e-05     4.77549e-05     5.0162e-05     5.31672e-05     4.87196e-05
374     0.000442671     4.82225e-05     4.82215e-05     4.82227e-05     5.06987e-05     5.37567e-05     4.92275e-05
378     0.000452077     5.1324e-05     5.1323e-05     5.13242e-05     5.39464e-05     5.71963e-05     5.23838e-05
382     0.000470301     5.55891e-05     5.5588e-05     5.55893e-05     5.8515e-05     6.20796e-05     5.67944e-05
386     0.000463247     5.69015e-05     5.69005e-05     5.69017e-05     5.99513e-05     6.36291e-05     5.81719e-05
390     0.000480883     6.11735e-05     6.11725e-05     6.11737e-05     6.45008e-05     6.84807e-05     6.25715e-05
394     0.000479707     6.32334e-05     6.32323e-05     6.32335e-05     6.67249e-05     7.0867e-05     6.4713e-05
398     0.00048735     6.64269e-05     6.64258e-05     6.64269e-05     7.0148e-05     7.45279e-05     6.80166e-05
402     0.000490877     6.91362e-05     6.91351e-05     6.91361e-05     7.30887e-05     7.76904e-05     7.08433e-05
406     0.000489113     7.11037e-05     7.11026e-05     7.11036e-05     7.52404e-05     8.0012e-05     7.29068e-05
410     0.000522622     7.84248e-05     7.84236e-05     7.84247e-05     8.30645e-05     8.83695e-05     8.04644e-05
414     0.000525562     8.12652e-05     8.1264e-05     8.1265e-05     8.61435e-05     9.16792e-05     8.34251e-05
418     0.00049558     7.8893e-05     7.8892e-05     7.88928e-05     8.36995e-05     8.91123e-05     8.10362e-05
422     0.000547901     8.96274e-05     8.96263e-05     8.96271e-05     9.52062e-05     0.000101421     9.21396e-05
426     0.000534968     8.99681e-05     8.99671e-05     8.99678e-05     9.56836e-05     0.000101986     9.25656e-05
430     0.00054261     9.37142e-05     9.37131e-05     9.37138e-05     9.97802e-05     0.000106407     9.64938e-05
434     0.000575531     0.000102042     0.000102041     0.000102041     0.000108767     0.000116048     0.000105148
438     0.000548489     9.97351e-05     9.97341e-05     9.97346e-05     0.000106439     0.000113626     0.000102857
442     0.000536731     0.000100085     0.000100084     0.000100084     0.000106953     0.000114247     0.000103309
446     0.000560246     0.000106955     0.000106954     0.000106954     0.000114429     0.000122302     0.000110487
450     0.00057024     0.000111459     0.000111458     0.000111458     0.000119406     0.000127702     0.000115241
454     0.000560834     0.000112172     0.000112171     0.000112171     0.000120329     0.000128767     0.000116082
458     0.000564949     0.000115446     0.000115445     0.000115445     0.000123999     0.00013277     0.000119574
462     0.000597283     0.000124759     0.000124758     0.000124758     0.000134221     0.000143818     0.000129365
466     0.000597283     0.000127477     0.000127476     0.000127476     0.000137325     0.000147224     0.000132303
470     0.00060081     0.000130959     0.000130958     0.000130958     0.000141333     0.00015164     0.000136088
474     0.000601986     0.000133921     0.00013392     0.000133919     0.000144792     0.000155473     0.000139339
478     0.000634907     0.000144102     0.000144101     0.0001441     0.00015598     0.000167573     0.000150049
482     0.000637258     0.000147537     0.000147537     0.000147535     0.00016009     0.000172183     0.00015388
486     0.00063961     0.000151015     0.000151015     0.000151013     0.000164116     0.000176642     0.00015767
490     0.000637846     0.00015357     0.00015357     0.000153568     0.000167192     0.000180101     0.000160531
494     0.000646076     0.000158486     0.000158485     0.000158483     0.000172874     0.000186381     0.000165884
498     0.000655482     0.000163768     0.000163768     0.000163766     0.000178969     0.000193109     0.000171631
502     0.000664888     0.000169115     0.000169114     0.000169112     0.000185367     0.000200279     0.000177598
506     0.000630204     0.000163196     0.000163196     0.000163194     0.000179255     0.00019386     0.000171624
510     0.000663713     0.000174986     0.000174986     0.000174983     0.000192579     0.000208459     0.000184261
514     0.000684288     0.000183652     0.000183653     0.000183649     0.000202552     0.000219475     0.000193665
518     0.000710155     0.000193943     0.000193943     0.000193939     0.000214434     0.000232617     0.000204857
522     0.000736021     0.000204472     0.000204473     0.000204469     0.000226752     0.000246321     0.000216412
526     0.000704276     0.000198939     0.00019894     0.000198935     0.00022102     0.00024029     0.000210815
530     0.000724852     0.000208131     0.000208132     0.000208127     0.000231802     0.000252284     0.000220926
534     0.00071427     0.000208412     0.000208413     0.000208407     0.000232692     0.000253522     0.000221601
538     0.000775409     0.000229765     0.000229767     0.00022976     0.000257016     0.000280247     0.000244621
542     0.000728967     0.000219508     0.000219509     0.000219503     0.000246439     0.000269131     0.000234285
546     0.000783051     0.000239553     0.000239554     0.000239547     0.000269671     0.000294846     0.000256152
550     0.000774821     0.000240896     0.000240898     0.00024089     0.000271877     0.00029759     0.000258035
554     0.000771882     0.000243942     0.000243945     0.000243936     0.000275992     0.000302425     0.000261732
558     0.000821851     0.000263845     0.000263848     0.000263838     0.000299213     0.000328219     0.000283535
562     0.000829494     0.000270089     0.000270092     0.000270082     0.000307944     0.000338595     0.000291303
566     0.000810682     0.000267472     0.000267475     0.000267465     0.000305738     0.000336558     0.000288972
570     0.000835373     0.000279473     0.000279477     0.000279466     0.000320254     0.00035293     0.000302445
574     0.000867706     0.000294755     0.00029476     0.000294747     0.000338728     0.000373751     0.000319598
578     0.000842427     0.000290663     0.000290667     0.000290654     0.00033517     0.000370365     0.000315898
582     0.000877112     0.000307144     0.000307149     0.000307134     0.000355705     0.000393784     0.000334791
586     0.000849482     0.00030167     0.000301676     0.00030166     0.000350424     0.000388448     0.000329496
590     0.000900627     0.00032476     0.000324767     0.000324749     0.00037859     0.000420317     0.000355572
594     0.000872409     0.00031995     0.000319957     0.000319939     0.000374248     0.000416109     0.000351108
598     0.000928257     0.000346442     0.00034645     0.00034643     0.000406407     0.000452443     0.000380916
602     0.000954124     0.000361498     0.000361506     0.000361484     0.000425962     0.000475154     0.000398662
606     0.000947069     0.000363529     0.000363538     0.000363515     0.000430192     0.000480765     0.000402059
610     0.000950008     0.000369514     0.000369524     0.0003695     0.000438492     0.000490647     0.00040944
614     0.00098822     0.000390138     0.000390148     0.000390121     0.00046426     0.000520111     0.000433105
618     0.00101879     0.000408738     0.00040875     0.000408721     0.000488497     0.000548246     0.000455094
622     0.0010182     0.000415123     0.000415136     0.000415105     0.000498177     0.000560088     0.000463498
626     0.00101232     0.000419193     0.000419207     0.000419174     0.000504949     0.000568604     0.000469232
630     0.00106464     0.000447382     0.000447398     0.000447361     0.000540597     0.000609568     0.000501846
634     0.00104583     0.000445899     0.000445916     0.000445878     0.000540525     0.000610326     0.000501257
638     0.00106523     0.000461071     0.000461088     0.000461048     0.000560915     0.000634311     0.000519562
642     0.00106464     0.000468257     0.000468277     0.000468233     0.000571931     0.000647911     0.000529064
646     0.00109815     0.00049148     0.000491501     0.000491453     0.000602242     0.00068321     0.000556506
650     0.00111932     0.000509852     0.000509875     0.000509824     0.000627005     0.000712384     0.000578713
654     0.00111403     0.000516327     0.000516351     0.000516298     0.00063704     0.00072477     0.000587359
658     0.0011781     0.000555311     0.000555338     0.000555279     0.00068665     0.000781938     0.000632647
662     0.00113754     0.000545366     0.000545394     0.000545332     0.000676934     0.000772158     0.000622905
666     0.00115577     0.000563624     0.000563655     0.000563588     0.000701395     0.000801014     0.000644838
670     0.00127922     0.000634714     0.00063475     0.000634673     0.00079206     0.000905675     0.000727505
674     0.00121573     0.000613582     0.000613619     0.000613541     0.000767542     0.000878573     0.00070441
678     0.00123807     0.000635814     0.000635853     0.00063577     0.00079664     0.000912547     0.00073071
682     0.0011446     0.000597906     0.000597945     0.000597863     0.000752779     0.000864016     0.000689416
686     0.00124747     0.000663177     0.000663222     0.000663128     0.000836222     0.00096045     0.000765419
690     0.00133448     0.000722666     0.000722717     0.000722611     0.00091293     0.00104949     0.000835076
694     0.00129039     0.000712833     0.000712885     0.000712778     0.000902201     0.00103812     0.000824696
698     0.00136505     0.000769419     0.000769477     0.000769358     0.000975528     0.00112349     0.000891131
702     0.00126746     0.000729277     0.000729335     0.000729217     0.000926483     0.00106811     0.000845683
706     0.00130567     0.000766879     0.000766942     0.000766814     0.000974508     0.00112376     0.000889366
710     0.00138327     0.000830348     0.000830419     0.000830276     0.00105605     0.00121836     0.000963453
714     0.00136858     0.000840923     0.000840997     0.000840849     0.00107025     0.00123524     0.000976111
718     0.00135976     0.000855507     0.000855585     0.000855429     0.0010887     0.00125667     0.000992877
722     0.00142736     0.000919221     0.000919309     0.000919135     0.00117145     0.00135329     0.00106772
726     0.00143148     0.000942935     0.000943028     0.000942845     0.00120136     0.00138803     0.00109491
730     0.00140561     0.000947182     0.000947278     0.00094709     0.00120562     0.00139272     0.001099
734     0.00139268     0.000961666     0.000961766     0.00096157     0.00122264     0.001412     0.00111479
738     0.0014985     0.0010619     0.00106202     0.0010618     0.00134904     0.00155775     0.00123023
742     0.00146205     0.00106496     0.00106508     0.00106485     0.00135129     0.00156002     0.00123256
746     0.00148027     0.00110905     0.00110917     0.00110893     0.00140517     0.00162166     0.0012821
750     0.00149791     0.00115493     0.00115506     0.0011548     0.00146     0.00168382     0.0013329
754     0.00146499     0.00116095     0.00116109     0.00116083     0.00146381     0.00168679     0.00133732
758     0.0015032     0.00122461     0.00122476     0.00122448     0.00153973     0.00177256     0.0014078
762     0.00143383     0.0012019     0.00120206     0.00120177     0.00150734     0.00173388     0.0013791
766     0.00149556     0.00129162     0.00129178     0.00129147     0.00161412     0.00185446     0.00147827
770     0.00144382     0.00128708     0.00128725     0.00128694     0.00160269     0.00183903     0.0014693
774     0.00152142     0.0014006     0.00140078     0.00140044     0.00173803     0.0019919     0.00159496
778     0.00142913     0.00136024     0.00136042     0.00136009     0.00168188     0.00192507     0.00154504
782     0.00143736     0.00141219     0.00141239     0.00141203     0.00173639     0.00198341     0.00159774
786     0.00145676     0.00147809     0.00147829     0.00147792     0.00180832     0.00206172     0.00166642
790     0.001445     0.0015145     0.00151471     0.00151433     0.00184401     0.00209859     0.00170175
794     0.00141149     0.00152852     0.00152873     0.00152835     0.00185243     0.00210435     0.00171195
798     0.00142384     0.00159569     0.00159591     0.00159552     0.00192378     0.00218087     0.00178078
802     0.00135329     0.00157009     0.00157031     0.00156992     0.00187904     0.00212378     0.00174338
806     0.00136093     0.00163448     0.00163471     0.00163431     0.00194543     0.0021939     0.00180809
810     0.0013045     0.0016226     0.00162282     0.00162243     0.00191996     0.00215991     0.00178775
814     0.00132566     0.00170715     0.00170738     0.00170697     0.00200749     0.00225249     0.00187298
818     0.00129333     0.00172279     0.00172301     0.00172261     0.00201308     0.00225263     0.00188207
822     0.00124865     0.00172126     0.00172148     0.00172108     0.00199492     0.00222413     0.00187016
826     0.00124512     0.00177407     0.0017743     0.0017739     0.00204226     0.00226987     0.0019189
830     0.00120044     0.00176764     0.00176785     0.00176747     0.00202092     0.00223925     0.00190318
834     0.00123336     0.00187667     0.00187689     0.0018765     0.00213101     0.00235409     0.00201136
838     0.00122866     0.00193114     0.00193136     0.00193097     0.00217867     0.00239986     0.00206074
842     0.00115106     0.00186746     0.00186766     0.0018673     0.0020864     0.00228756     0.00198008
846     0.00116987     0.00195563     0.00195584     0.00195548     0.00216956     0.00237035     0.00206414
850     0.00112343     0.00193614     0.00193633     0.00193599     0.002132     0.00232065     0.00203374
854     0.00106112     0.00188335     0.00188308     0.00188365     0.00205878     0.00213085     0.00206312
858     0.00107993     0.00197344     0.00197316     0.00197374     0.00214125     0.00222203     0.00213776
862     0.00102526     0.00192511     0.00192485     0.0019254     0.00206783     0.00215359     0.00205374
866     0.000973523     0.00187682     0.00187657     0.00187709     0.00200019     0.00208909     0.00197828
870     0.000977639     0.00193266     0.00193242     0.00193292     0.00204359     0.00214058     0.00201265
874     0.000942366     0.00190778     0.00190755     0.00190804     0.00200193     0.00210287     0.00196333
878     0.000934724     0.00193518     0.00193495     0.00193543     0.0020152     0.00212285     0.0019679
882     0.000882403     0.00186691     0.0018667     0.00186714     0.0019249     0.00202244     0.00188099
886     0.00089416     0.00193102     0.00193081     0.00193124     0.00197563     0.00206641     0.00193623
890     0.000845366     0.0018634     0.00186321     0.00186361     0.00189153     0.00196923     0.00185939
894     0.000835373     0.00187707     0.00187688     0.00187727     0.00189115     0.00195988     0.00186443
898     0.00080833     0.00184915     0.00184897     0.00184934     0.0018493     0.00190772     0.00182846
902     0.000754246     0.00175528     0.00175512     0.00175545     0.00173676     0.00177961     0.00172442
906     0.000764827     0.00180832     0.00180815     0.00180848     0.00177542     0.0018103     0.00176819
910     0.000716034     0.00171789     0.00171774     0.00171803     0.00167429     0.00169908     0.00167235
914     0.00071427     0.00173818     0.00173804     0.00173832     0.00168166     0.00169824     0.00168469
918     0.000690167     0.00170234     0.0017022     0.00170247     0.00163552     0.00164376     0.00164316
922     0.00063961     0.00159733     0.0015972     0.00159744     0.00151905     0.00151583     0.00153261
926     0.00063667     0.00160809     0.00160797     0.0016082     0.00151802     0.00150684     0.00153629
930     0.000607276     0.0015503     0.00155019     0.0015504     0.00145285     0.00143458     0.00147482
934     0.00060081     0.0015499     0.00154979     0.00154999     0.00144163     0.00141568     0.00146806
938     0.000572004     0.00148976     0.00148966     0.00148985     0.00137577     0.00134379     0.00140527
942     0.000573767     0.00150772     0.00150762     0.0015078     0.00137929     0.00133767     0.00141453
946     0.000530265     0.00140456     0.00140447     0.00140464     0.00127611     0.00123107     0.00131259
950     0.00051498     0.00137466     0.00137458     0.00137473     0.00124004     0.00118946     0.00127947
954     0.000491465     0.00132127     0.00132119     0.00132134     0.00118401     0.00112955     0.00122526
958     0.000480295     0.00130068     0.0013006     0.00130074     0.00115744     0.00109761     0.00120155
962     0.00045678     0.0012456     0.00124552     0.00124565     0.00109844     0.00103345     0.00114502
966     0.000475592     0.00130562     0.00130555     0.00130568     0.00114391     0.00107009     0.00119598
970     0.000400932     0.00110744     0.00110738     0.00110749     0.000964064     0.000896661     0.00101093
974     0.000427386     0.00118716     0.0011871     0.00118721     0.00102658     0.000948995     0.00107982
978     0.000391526     0.00109355     0.0010935     0.00109359     0.000939388     0.000863082     0.000991152
982     0.000388586     0.00109089     0.00109083     0.00109093     0.000929006     0.000846645     0.000984176
986     0.000374477     0.00105677     0.00105672     0.00105681     0.000894689     0.0008108     0.000950438
990     0.00034332     0.000973851     0.000973803     0.000973883     0.00081913     0.000737665     0.000872852
994     0.000371538     0.00105923     0.00105918     0.00105927     0.00088531     0.000792296     0.000946221
998     0.000353314     0.00101224     0.00101219     0.00101227     0.000840834     0.000747819     0.000901342
1002     0.000337441     0.00097155     0.000971505     0.00097158     0.00080085     0.000706575     0.000861705
1006     0.000326271     0.000943977     0.000943934     0.000944006     0.000773682     0.000678443     0.000834813
1010     0.000313338     0.000911037     0.000910996     0.000911064     0.000742167     0.000646554     0.000803212
1014     0.000309811     0.000905176     0.000905135     0.000905202     0.000733101     0.000634549     0.000795712
1018     0.000271599     0.000797318     0.000797283     0.000797341     0.000642383     0.000552711     0.00069909
1022     0.000286884     0.000846265     0.000846228     0.000846289     0.000676756     0.000577275     0.000739289
1026     0.000266896     0.000791237     0.000791203     0.000791259     0.000628641     0.000532167     0.000689002
1030     0.000263369     0.000784456     0.000784422     0.000784477     0.000620272     0.000521993     0.00068153
1034     0.000249848     0.000747938     0.000747906     0.000747958     0.000588359     0.000491923     0.00064822
1038     0.000233975     0.000703746     0.000703716     0.000703765     0.00055044     0.000456942     0.00060825
1042     0.00023809     0.00071979     0.00071976     0.000719809     0.000558749     0.00045934     0.000619898
1046     0.000213987     0.000650063     0.000650036     0.00065008     0.000502467     0.000410665     0.00055876
1050     0.000231623     0.000707234     0.000707205     0.000707253     0.000544013     0.000441637     0.000606567
1054     0.000203993     0.00062591     0.000625884     0.000625927     0.000479269     0.000386593     0.000535715
1058     0.000221042     0.000681789     0.00068176     0.000681807     0.000519378     0.000415899     0.000582187
1062     0.000201642     0.00062513     0.000625104     0.000625147     0.000472492     0.000374161     0.000531904
1066     0.000179302     0.000558778     0.000558755     0.000558794     0.000420593     0.000330912     0.000474609
1070     0.000187533     0.000587468     0.000587443     0.000587484     0.00044022     0.000343984     0.000498012
1074     0.00019106     0.000601665     0.00060164     0.000601682     0.000448626     0.00034785     0.00050895
1078     0.000178714     0.000565793     0.000565769     0.000565808     0.000419945     0.000323212     0.000477671
1082     0.00017166     0.000546488     0.000546464     0.000546503     0.000403046     0.000307004     0.000460134
1086     0.000167545     0.000536275     0.000536252     0.00053629     0.000393541     0.000297263     0.000450593
1090     0.000162254     0.000522136     0.000522114     0.000522151     0.000381488     0.000285984     0.000437924
1094     0.000155787     0.000504074     0.000504052     0.000504088     0.000366767     0.000272916     0.000422069
1098     0.000162254     0.000527821     0.000527798     0.000527835     0.000382549     0.00028259     0.000441277
1102     0.000151084     0.000494334     0.000494313     0.000494348     0.000356297     0.000260477     0.000412381
1106     0.000133448     0.00043911     0.000439091     0.000439123     0.000315024     0.000228322     0.000365637
1110     0.000126981     0.000420276     0.000420258     0.000420288     0.000300063     0.000215493     0.00034929
1114     0.000124042     0.000412807     0.00041279     0.000412819     0.000293446     0.000208932     0.000342504
1118     0.000133448     0.000446639     0.00044662     0.000446652     0.000316282     0.000223409     0.000370046
1122     0.000123454     0.00041568     0.000415662     0.000415692     0.000293196     0.000205248     0.000343942
1126     0.000109933     0.000372237     0.000372221     0.000372248     0.0002614     0.000181311     0.000307485
1130     0.000115224     0.000392434     0.000392417     0.000392445     0.000274191     0.000188193     0.000323541
1134     0.000112872     0.000386708     0.000386691     0.000386719     0.000269045     0.000182941     0.00031833
1138     0.000119927     0.000413329     0.000413311     0.00041334     0.000286971     0.000193979     0.000340066
1142     0.000108169     0.000375048     0.000375032     0.000375059     0.000259314     0.000173476     0.000308158
1146     0.000119339     0.000416225     0.000416207     0.000416237     0.00028665     0.000189983     0.000341515
1150     9.81754e-05     0.000344501     0.000344486     0.000344511     0.000236317     0.000155095     0.000282287
1154     0.000107581     0.000379741     0.000379725     0.000379752     0.000259626     0.000168948     0.000310827
1158     0.000109345     0.000388375     0.000388358     0.000388386     0.000264529     0.000170463     0.000317505
1162     9.64117e-05     0.000344585     0.00034457     0.000344595     0.000233432     0.000148336     0.000281192
1166     8.75936e-05     0.000314951     0.000314938     0.00031496     0.000212729     0.000134037     0.000256788
1170     8.1127e-05     0.000293451     0.000293438     0.000293459     0.00019758     0.000123363     0.000239032
1174     7.75997e-05     0.000282525     0.000282512     0.000282533     0.000189534     0.000117107     0.000229879
1178     8.75936e-05     0.000320815     0.000320801     0.000320824     0.000214496     0.00013124     0.000260765
1182     8.23027e-05     0.000303258     0.000303245     0.000303267     0.00020198     0.000122085     0.000246236
1186     8.40663e-05     0.000311829     0.000311815     0.000311838     0.000206669     0.000123207     0.000252775
1190     7.64239e-05     0.00028515     0.000285138     0.000285158     0.000188482     0.000111381     0.000230981
1194     8.583e-05     0.000322257     0.000322243     0.000322266     0.000212488     0.000124464     0.000260895
1198     8.70057e-05     0.00032877     0.000328756     0.000328779     0.000215964     0.000124973     0.000265873
1202     7.05452e-05     0.000268271     0.000268259     0.000268278     0.000175518     0.000100157     0.000216719
1206     6.34907e-05     0.00024291     0.0002429     0.000242917     0.000158485     8.94965e-05     0.000196107
1210     6.93694e-05     0.000267116     0.000267105     0.000267124     0.00017386     9.72691e-05     0.000215531
1214     6.70179e-05     0.000259739     0.000259728     0.000259747     0.000168466     9.30667e-05     0.000209381
1218     6.52543e-05     0.000254466     0.000254455     0.000254474     0.000164396     8.96251e-05     0.000204883
1222     6.29028e-05     0.000246887     0.000246877     0.000246894     0.00015923     8.59642e-05     0.000198777
1226     5.64361e-05     0.000222878     0.000222869     0.000222885     0.000143264     7.63624e-05     0.00017929
1230     5.99634e-05     0.000238221     0.000238211     0.000238228     0.000152658     8.04008e-05     0.000191481
1234     5.87876e-05     0.000235182     0.000235172     0.000235189     0.000150162     7.79287e-05     0.000188865
1238     5.05574e-05     0.000203512     0.000203504     0.000203518     0.00012958     6.6456e-05     0.000163325
1242     5.81998e-05     0.00023576     0.00023575     0.000235767     0.000149628     7.55906e-05     0.00018909
1246     6.05513e-05     0.000246809     0.000246799     0.000246816     0.000156328     7.81405e-05     0.000197898
1250     5.99634e-05     0.000245917     0.000245906     0.000245924     0.000155334     7.66799e-05     0.000197061
1254     4.17392e-05     0.000172372     0.000172365     0.000172377     0.000108514     5.274e-05     0.000138024
1258     4.11514e-05     0.000170931     0.000170924     0.000170936     0.000107404     5.16525e-05     0.000136835
1262     5.11453e-05     0.000213836     0.000213827     0.000213842     0.00013369     6.28558e-05     0.000170962
1266     4.7618e-05     0.000200368     0.000200359     0.000200373     0.000125001     5.80475e-05     0.00016015
1270     4.11514e-05     0.00017425     0.000174243     0.000174255     0.000108391     4.95732e-05     0.000139193
1274     4.52665e-05     0.000192841     0.000192833     0.000192847     0.000119661     5.39924e-05     0.000153975
1278     4.52665e-05     0.000194089     0.000194081     0.000194094     0.000120233     5.36127e-05     0.000154959
1282     3.87998e-05     0.000167422     0.000167415     0.000167426     0.000103466     4.53852e-05     0.000133643
1286     4.05635e-05     0.000176226     0.000176218     0.000176231     0.000108506     4.66498e-05     0.00014056
1290     4.87938e-05     0.000213274     0.000213264     0.000213279     0.000131062     5.55844e-05     0.000170083
1294     3.87998e-05     0.00017056     0.000170552     0.000170564     0.00010464     4.38834e-05     0.000135993
1298     3.46847e-05     0.000153505     0.000153499     0.00015351     9.38424e-05     3.85425e-05     0.000122303
1302     4.58544e-05     0.00020418     0.000204171     0.000204185     0.000124498     5.0142e-05     0.000162641
1306     3.46847e-05     0.00015542     0.000155413     0.000155424     9.46331e-05     3.76131e-05     0.00012381
1310     4.46786e-05     0.000201403     0.000201394     0.000201409     0.00012237     4.79071e-05     0.000160394
1314     3.23332e-05     0.000146713     0.000146707     0.000146717     8.88273e-05     3.39862e-05     0.000116759
1318     3.11575e-05     0.000142365     0.000142359     0.000142369     8.58697e-05     3.20534e-05     0.000113207
1322     3.17453e-05     0.000145834     0.000145828     0.000145838     8.78674e-05     3.22837e-05     0.000116013
1326     2.41029e-05     0.000111418     0.000111413     0.000111421     6.70176e-05     2.42379e-05     8.86294e-05
1330     3.70362e-05     0.00017231     0.000172303     0.000172315     0.000103307     3.64279e-05     0.000136997
1334     3.46847e-05     0.000162303     0.000162297     0.000162308     9.7106e-05     3.36665e-05     0.000129003
1338     3.17453e-05     0.000149461     0.000149454     0.000149465     8.93496e-05     3.0526e-05     0.000118842
1342     3.3509e-05     0.000158731     0.000158724     0.000158735     9.455e-05     3.13186e-05     0.000126152
1346     2.70423e-05     0.000128943     0.000128937     0.000128946     7.67057e-05     2.49703e-05     0.000102495
1350     2.70423e-05     0.000129786     0.000129781     0.00012979     7.70249e-05     2.44753e-05     0.000103148
1354     3.05696e-05     0.000147505     0.000147499     0.000147509     8.73832e-05     2.72652e-05     0.00011721
1358     3.40968e-05     0.000165604     0.000165597     0.000165609     9.78969e-05     2.98239e-05     0.000131579
1362     2.46908e-05     0.000120746     0.000120741     0.000120749     7.11679e-05     2.09846e-05     9.5917e-05
1366     2.35151e-05     0.000115572     0.000115567     0.000115575     6.80877e-05     1.97983e-05     9.1846e-05
1370     2.35151e-05     0.000116394     0.000116389     0.000116397     6.85068e-05     1.95162e-05     9.25391e-05
1374     2.17514e-05     0.000108229     0.000108225     0.000108232     6.36029e-05     1.77676e-05     8.60439e-05
1378     2.70423e-05     0.000135345     0.00013534     0.000135349     7.91852e-05     2.11787e-05     0.000107506
1382     2.41029e-05     0.000121435     0.00012143     0.000121438     7.08808e-05     1.83118e-05     9.64603e-05
1386     2.46908e-05     0.000125132     0.000125127     0.000125136     7.30501e-05     1.86282e-05     9.94665e-05
1390     1.70484e-05     8.69247e-05     8.6921e-05     8.69271e-05     5.06126e-05     1.24684e-05     6.90787e-05
1394     2.05757e-05     0.000105528     0.000105523     0.000105531     6.12904e-05     1.45974e-05     8.38406e-05
1398     2.17514e-05     0.000112247     0.000112242     0.00011225     6.51879e-05     1.52646e-05     8.9237e-05
1402     1.99878e-05     0.000103793     0.000103788     0.000103796     6.00657e-05     1.33629e-05     8.24874e-05
1406     2.46908e-05     0.000128919     0.000128914     0.000128923     7.45885e-05     1.62531e-05     0.000102518
1410     2.05757e-05     0.000108076     0.000108071     0.000108079     6.24378e-05     1.3205e-05     8.59526e-05
1414     1.52848e-05     8.07274e-05     8.0724e-05     8.07296e-05     4.65459e-05     9.50636e-06     6.41969e-05
1418     2.11636e-05     0.000112478     0.000112474     0.000112481     6.46746e-05     1.25745e-05     8.9429e-05
1422     1.76363e-05     9.42599e-05     9.42559e-05     9.42624e-05     5.40627e-05     9.96309e-06     7.49467e-05
1426     2.11636e-05     0.000113873     0.000113868     0.000113876     6.52187e-05     1.15432e-05     9.05635e-05
1430     1.52848e-05     8.26494e-05     8.26459e-05     8.26517e-05     4.73123e-05     8.18431e-06     6.57529e-05
1434     1.93999e-05     0.000105573     0.000105569     0.000105576     6.03707e-05     1.0001e-05     8.4032e-05
1438     1.76363e-05     9.64917e-05     9.64876e-05     9.64943e-05     5.50986e-05     8.76943e-06     7.68123e-05
1442     1.46969e-05     8.08983e-05     8.08949e-05     8.09006e-05     4.61589e-05     7.01898e-06     6.44406e-05
1446     1.76363e-05     9.76895e-05     9.76854e-05     9.76921e-05     5.55606e-05     7.83466e-06     7.7789e-05
1450     1.82242e-05     0.000101482     0.000101478     0.000101485     5.76517e-05     7.7614e-06     8.08305e-05
1454     1.70484e-05     9.55407e-05     9.55367e-05     9.55433e-05     5.42365e-05     6.97361e-06     7.61339e-05
1458     1.8812e-05     0.000105955     0.000105951     0.000105958     6.00932e-05     7.37138e-06     8.44605e-05
1462     1.82242e-05     0.000103292     0.000103287     0.000103295     5.83953e-05     6.43631e-06     8.23247e-05
1466     1.64605e-05     9.37681e-05     9.37642e-05     9.37707e-05     5.29634e-05     5.52487e-06     7.47589e-05
1470     1.64605e-05     9.43636e-05     9.43597e-05     9.43662e-05     5.32438e-05     5.16569e-06     7.5267e-05
1474     1.58727e-05     9.14839e-05     9.14801e-05     9.14864e-05     5.15698e-05     4.66408e-06     7.29983e-05
1478     1.35212e-05     7.8384e-05     7.83807e-05     7.83861e-05     4.41422e-05     3.71173e-06     6.25656e-05
1482     1.23454e-05     7.19859e-05     7.19829e-05     7.19879e-05     4.04909e-05     3.05482e-06     5.74894e-05
1486     1.17575e-05     6.89048e-05     6.89019e-05     6.89067e-05     3.87296e-05     2.71915e-06     5.50465e-05
1490     1.23454e-05     7.27557e-05     7.27527e-05     7.27577e-05     4.08422e-05     2.53378e-06     5.81462e-05
1494     1.23454e-05     7.32084e-05     7.32053e-05     7.32104e-05     4.10016e-05     2.09254e-06     5.85166e-05
1498     1.23454e-05     7.36357e-05     7.36326e-05     7.36377e-05     4.11618e-05     1.77921e-06     5.88536e-05
1502     1.29333e-05     7.75288e-05     7.75255e-05     7.75309e-05     4.3378e-05     1.68603e-06     6.20395e-05
1506     1.35212e-05     8.14523e-05     8.14489e-05     8.14545e-05     4.55267e-05     1.50231e-06     6.51925e-05
1510     8.81815e-06     5.34249e-05     5.34227e-05     5.34264e-05     2.9828e-05     7.50242e-07     4.27783e-05
1514     9.9939e-06     6.09224e-05     6.09199e-05     6.09241e-05     3.39652e-05     5.3346e-07     4.88027e-05
1518     1.05818e-05     6.4819e-05     6.48163e-05     6.48208e-05     3.6075e-05     2.72181e-07     5.19272e-05
1522     1.05818e-05     6.51898e-05     6.5187e-05     6.51915e-05     3.63066e-05     8.91694e-08     5.22831e-05
1526     1.05818e-05     6.55888e-05     6.5586e-05     6.55906e-05     3.64512e-05     -3.04522e-07     5.26124e-05
1530     7.64239e-06     4.75997e-05     4.75977e-05     4.7601e-05     2.64127e-05     -4.16475e-07     3.81847e-05
1534     1.35212e-05     8.46698e-05     8.46663e-05     8.46721e-05     4.69053e-05     -1.17099e-06     6.79389e-05
1538     1.05818e-05     6.66553e-05     6.66525e-05     6.66571e-05     3.69099e-05     -1.14301e-06     5.35138e-05
1542     7.64239e-06     4.83485e-05     4.83464e-05     4.83498e-05     2.67491e-05     -1.06824e-06     3.88417e-05
1546     8.23027e-06     5.2369e-05     5.23668e-05     5.23704e-05     2.89267e-05     -1.42332e-06     4.20822e-05
1550     8.81815e-06     5.6423e-05     5.64207e-05     5.64245e-05     3.11559e-05     -1.70519e-06     4.53639e-05
1554     8.81815e-06     5.66859e-05     5.66835e-05     5.66874e-05     3.13013e-05     -1.84395e-06     4.56005e-05
1558     7.05452e-06     4.563e-05     4.56281e-05     4.56312e-05     2.51538e-05     -1.74864e-06     3.67202e-05
1562     5.87877e-06     3.82039e-05     3.82023e-05     3.82049e-05     2.10617e-05     -1.6112e-06     3.07729e-05
1566     1.05818e-05     6.91463e-05     6.91434e-05     6.91482e-05     3.80345e-05     -3.329e-06     5.57006e-05
1570     7.05452e-06     4.63859e-05     4.6384e-05     4.63872e-05     2.55178e-05     -2.40525e-06     3.74005e-05
1574     8.81815e-06     5.8216e-05     5.82136e-05     5.82176e-05     3.2021e-05     -3.13478e-06     4.69563e-05
1578     9.40602e-06     6.24505e-05     6.24479e-05     6.24522e-05     3.42956e-05     -3.69336e-06     5.03855e-05
1582     4.70301e-06     3.13991e-05     3.13978e-05     3.13999e-05     1.72465e-05     -1.9747e-06     2.53578e-05
1586     4.11514e-06     2.75877e-05     2.75865e-05     2.75884e-05     1.51435e-05     -1.80603e-06     2.22844e-05
1590     8.81815e-06     5.94813e-05     5.94788e-05     5.94829e-05     3.26244e-05     -4.25613e-06     4.809e-05
1594     8.23027e-06     5.5796e-05     5.57937e-05     5.57975e-05     3.05775e-05     -4.21161e-06     4.51283e-05
1598     6.46664e-06     4.40565e-05     4.40546e-05     4.40576e-05     2.4107e-05     -3.53086e-06     3.56386e-05
1602     7.05452e-06     4.82925e-05     4.82905e-05     4.82938e-05     2.64394e-05     -4.03505e-06     3.91068e-05
1606     5.87877e-06     4.04518e-05     4.04501e-05     4.04529e-05     2.21377e-05     -3.50186e-06     3.27718e-05
1610     5.87877e-06     4.06719e-05     4.06702e-05     4.0673e-05     2.2266e-05     -3.65436e-06     3.29802e-05
1614     7.64239e-06     5.31442e-05     5.3142e-05     5.31456e-05     2.9094e-05     -4.93822e-06     4.31222e-05
1618     5.29089e-06     3.69564e-05     3.69549e-05     3.69574e-05     2.01901e-05     -3.65489e-06     2.99908e-05
1622     6.46664e-06     4.53871e-05     4.53852e-05     4.53883e-05     2.47473e-05     -4.80187e-06     3.68456e-05
1626     4.70301e-06     3.32012e-05     3.31998e-05     3.32021e-05     1.8113e-05     -3.59338e-06     2.69754e-05
1630     4.11514e-06     2.91594e-05     2.91582e-05     2.91602e-05     1.59111e-05     -3.19694e-06     2.37012e-05
1634     7.64239e-06     5.44892e-05     5.44869e-05     5.44907e-05     2.97229e-05     -6.23369e-06     4.4326e-05
1638     2.93938e-06     2.10863e-05     2.10854e-05     2.10868e-05     1.14781e-05     -2.54966e-06     1.71566e-05
1642     2.35151e-06     1.69269e-05     1.69262e-05     1.69274e-05     9.21659e-06     -2.11333e-06     1.37858e-05
1646     5.29089e-06     3.83217e-05     3.83201e-05     3.83227e-05     2.08454e-05     -4.98608e-06     3.12269e-05
1650     5.87877e-06     4.27234e-05     4.27217e-05     4.27246e-05     2.32449e-05     -5.60448e-06     3.48255e-05
1654     5.29089e-06     3.86856e-05     3.8684e-05     3.86867e-05     2.10626e-05     -5.23166e-06     3.15719e-05
1658     5.87877e-06     4.31757e-05     4.31739e-05     4.31769e-05     2.34753e-05     -6.04611e-06     3.52447e-05
1662     1.76363e-06     1.2997e-05     1.29964e-05     1.29973e-05     7.08323e-06     -1.83677e-06     1.06255e-05
1666     4.11514e-06     3.05207e-05     3.05194e-05     3.05215e-05     1.66108e-05     -4.46682e-06     2.49587e-05
1670     4.70301e-06     3.50378e-05     3.50363e-05     3.50387e-05     1.9052e-05     -5.27572e-06     2.86626e-05
1674     6.46664e-06     4.84167e-05     4.84147e-05     4.8418e-05     2.63128e-05     -7.52521e-06     3.96332e-05
1678     5.29089e-06     3.98333e-05     3.98316e-05     3.98343e-05     2.1651e-05     -6.31559e-06     3.26291e-05
1682     4.11514e-06     3.10937e-05     3.10924e-05     3.10946e-05     1.6883e-05     -5.11836e-06     2.54857e-05
1686     4.70301e-06     3.57183e-05     3.57168e-05     3.57192e-05     1.93938e-05     -5.9633e-06     2.9289e-05
1690     6.46664e-06     4.93454e-05     4.93433e-05     4.93467e-05     2.67897e-05     -8.485e-06     4.04994e-05
1694     5.29089e-06     4.0573e-05     4.05713e-05     4.05741e-05     2.20311e-05     -7.11452e-06     3.33243e-05
1698     2.93938e-06     2.26488e-05     2.26478e-05     2.26494e-05     1.23049e-05     -4.02517e-06     1.86159e-05
1702     4.70301e-06     3.64391e-05     3.64376e-05     3.64401e-05     1.97545e-05     -6.75619e-06     2.99608e-05
1706     2.93938e-06     2.28586e-05     2.28577e-05     2.28592e-05     1.2396e-05     -4.31603e-06     1.88093e-05
1710     1.76363e-06     1.37636e-05     1.3763e-05     1.3764e-05     7.46486e-06     -2.63136e-06     1.13311e-05
1714     4.70301e-06     3.69521e-05     3.69506e-05     3.69531e-05     2.00546e-05     -7.21451e-06     3.04542e-05
1718     5.87877e-06     4.63671e-05     4.63652e-05     4.63684e-05     2.51868e-05     -9.1317e-06     3.82427e-05
1722     5.29089e-06     4.19459e-05     4.19442e-05     4.19471e-05     2.27988e-05     -8.42897e-06     3.46313e-05
1726     4.11514e-06     3.27579e-05     3.27566e-05     3.27588e-05     1.77874e-05     -6.76504e-06     2.70593e-05
1730     4.11514e-06     3.28892e-05     3.28878e-05     3.28901e-05     1.78584e-05     -6.86183e-06     2.71777e-05
1734     5.87877e-06     4.72924e-05     4.72905e-05     4.72937e-05     2.56907e-05     -1.01406e-05     3.91284e-05
1738     1.76363e-06     1.42409e-05     1.42403e-05     1.42412e-05     7.73647e-06     -3.08024e-06     1.17867e-05
1742     2.35151e-06     1.90554e-05     1.90546e-05     1.90559e-05     1.03774e-05     -4.14955e-06     1.57946e-05
1746     2.35151e-06     1.91564e-05     1.91556e-05     1.91569e-05     1.04094e-05     -4.30463e-06     1.58799e-05
1750     5.29089e-06     4.32681e-05     4.32663e-05     4.32692e-05     2.35043e-05     -9.84341e-06     3.58794e-05
1754     2.35151e-06     1.93105e-05     1.93097e-05     1.9311e-05     1.05058e-05     -4.42524e-06     1.60296e-05
1758     1.76363e-06     1.4562e-05     1.45614e-05     1.45624e-05     7.9194e-06     -3.41823e-06     1.2097e-05
1762     2.93938e-06     2.43911e-05     2.43901e-05     2.43918e-05     1.3268e-05     -5.84084e-06     2.02807e-05
1766     2.35151e-06     1.95982e-05     1.95974e-05     1.95988e-05     1.06402e-05     -4.84876e-06     1.63019e-05
1770     4.70301e-06     3.93407e-05     3.9339e-05     3.93417e-05     2.13728e-05     -9.79466e-06     3.27426e-05
1774     5.29089e-06     4.44496e-05     4.44478e-05     4.44508e-05     2.41639e-05     -1.11888e-05     3.70228e-05
1778     2.35151e-06     1.98552e-05     1.98543e-05     1.98557e-05     1.0793e-05     -5.08044e-06     1.65482e-05
1782     3.52726e-06     2.99217e-05     2.99205e-05     2.99225e-05     1.63073e-05     -7.69279e-06     2.49744e-05
1786     1.76363e-06     1.50323e-05     1.50317e-05     1.50327e-05     8.17421e-06     -3.99362e-06     1.25507e-05
1790     2.35151e-06     2.01068e-05     2.0106e-05     2.01074e-05     1.094e-05     -5.35042e-06     1.67933e-05
1794     1.76363e-06     1.51476e-05     1.51469e-05     1.5148e-05     8.25625e-06     -4.05034e-06     1.26644e-05
1798     1.76363e-06     1.52304e-05     1.52297e-05     1.52308e-05     8.31167e-06     -4.1242e-06     1.27479e-05
1802     2.93938e-06     2.54805e-05     2.54795e-05     2.54812e-05     1.38807e-05     -7.10277e-06     2.1336e-05
1806     3.52726e-06     3.07111e-05     3.07098e-05     3.07119e-05     1.67471e-05     -8.65147e-06     2.57395e-05
1810     3.52726e-06     3.08385e-05     3.08373e-05     3.08394e-05     1.6818e-05     -8.79262e-06     2.5861e-05
1814     2.35151e-06     2.06159e-05     2.0615e-05     2.06164e-05     1.12417e-05     -5.93599e-06     1.72949e-05
1818     1.76363e-06     1.55501e-05     1.55494e-05     1.55505e-05     8.47881e-06     -4.56334e-06     1.30556e-05
1822     3.52726e-06     3.12331e-05     3.12318e-05     3.1234e-05     1.70394e-05     -9.30581e-06     2.62473e-05
1826     4.11514e-06     3.6616e-05     3.66145e-05     3.6617e-05     2.00024e-05     -1.10038e-05     3.08014e-05
1830     3.52726e-06     3.1534e-05     3.15327e-05     3.15348e-05     1.7237e-05     -9.61353e-06     2.65511e-05
1834     5.87877e-07     5.27331e-06     5.27309e-06     5.27345e-06     2.88271e-06     -1.61176e-06     4.44071e-06
1838     1.76363e-06     1.58909e-05     1.58902e-05     1.58913e-05     8.69826e-06     -4.91009e-06     1.33966e-05
1842     1.76363e-06     1.59492e-05     1.59486e-05     1.59497e-05     8.72157e-06     -5.03946e-06     1.34535e-05
1846     1.76363e-06     1.6025e-05     1.60243e-05     1.60254e-05     8.78811e-06     -5.05053e-06     1.35332e-05
1850     2.35151e-06     2.14576e-05     2.14567e-05     2.14581e-05     1.17652e-05     -6.86673e-06     1.81323e-05
1854     1.76363e-06     1.61694e-05     1.61687e-05     1.61698e-05     8.85873e-06     -5.26844e-06     1.36702e-05
1858     3.52726e-06     3.24416e-05     3.24403e-05     3.24425e-05     1.78029e-05     -1.06077e-05     2.74514e-05
1862     5.87877e-07     5.43566e-06     5.43543e-06     5.4358e-06     2.98579e-06     -1.79912e-06     4.60411e-06
1866     2.35151e-06     2.18307e-05     2.18298e-05     2.18313e-05     1.19804e-05     -7.37947e-06     1.85017e-05
1870     1.76363e-06     1.64285e-05     1.64278e-05     1.64289e-05     9.02807e-06     -5.57779e-06     1.39345e-05
1874     1.76363e-06     1.64971e-05     1.64965e-05     1.64976e-05     9.07631e-06     -5.63116e-06     1.40034e-05
1878     1.76363e-06     1.65482e-05     1.65475e-05     1.65486e-05     9.11304e-06     -5.68423e-06     1.40568e-05
1882     5.87877e-07     5.54341e-06     5.54318e-06     5.54355e-06     3.04734e-06     -1.95163e-06     4.71066e-06
1886     5.87877e-07     5.56552e-06     5.56529e-06     5.56566e-06     3.06187e-06     -1.98375e-06     4.73381e-06
1890     1.76363e-06     1.67655e-05     1.67648e-05     1.67659e-05     9.23202e-06     -6.01408e-06     1.42701e-05
1894     1.17575e-06     1.12312e-05     1.12307e-05     1.12315e-05     6.18734e-06     -4.0416e-06     9.56284e-06
1898     2.93938e-06     2.81743e-05     2.81731e-05     2.81751e-05     1.55664e-05     -1.01629e-05     2.40218e-05
1902     1.17575e-06     1.13077e-05     1.13072e-05     1.1308e-05     6.24462e-06     -4.15195e-06     9.64729e-06
1906     2.93938e-06     2.83953e-05     2.83942e-05     2.83961e-05     1.56943e-05     -1.05152e-05     2.42445e-05
1910     1.17575e-06     1.14083e-05     1.14078e-05     1.14086e-05     6.31017e-06     -4.25597e-06     9.74719e-06
1914     2.93938e-06     2.86484e-05     2.86472e-05     2.86491e-05     1.58635e-05     -1.08145e-05     2.45025e-05
1918     1.76363e-06     1.72306e-05     1.72299e-05     1.7231e-05     9.54472e-06     -6.53266e-06     1.47425e-05
1922     5.87877e-07     5.77633e-06     5.77609e-06     5.77648e-06     3.20305e-06     -2.21309e-06     4.94689e-06
1926     2.35151e-06     2.31733e-05     2.31723e-05     2.31739e-05     1.28735e-05     -8.90614e-06     1.98641e-05
1930     3.52726e-06     3.48807e-05     3.48793e-05     3.48817e-05     1.93868e-05     -1.34937e-05     2.99152e-05
1934     1.76363e-06     1.75163e-05     1.75156e-05     1.75168e-05     9.73773e-06     -6.87032e-06     1.50341e-05
1938     5.87877e-07     5.85811e-06     5.85787e-06     5.85827e-06     3.25967e-06     -2.31093e-06     5.03132e-06
1942     1.17575e-06     1.17824e-05     1.17819e-05     1.17827e-05     6.55924e-06     -4.70676e-06     1.01276e-05
1946     1.17575e-06     1.18203e-05     1.18198e-05     1.18206e-05     6.59381e-06     -4.74841e-06     1.01715e-05
1950     1.17575e-06     1.1879e-05     1.18785e-05     1.18793e-05     6.62136e-06     -4.85685e-06     1.02275e-05
1954     5.87877e-07     5.94334e-06     5.94309e-06     5.9435e-06     3.31283e-06     -2.43e-06     5.11709e-06
1958     5.87877e-07     5.98818e-06     5.98793e-06     5.98834e-06     3.34487e-06     -2.46132e-06     5.16146e-06
1962     1.17575e-06     1.20033e-05     1.20028e-05     1.20037e-05     6.71784e-06     -4.96236e-06     1.03573e-05
1966     1.17575e-06     1.20246e-05     1.20241e-05     1.20249e-05     6.72972e-06     -4.97114e-06     1.03757e-05
1970     5.87877e-07     6.05425e-06     6.054e-06     6.05441e-06     3.39059e-06     -2.56636e-06     5.23186e-06
1974     2.35151e-06     2.42775e-05     2.42765e-05     2.42781e-05     1.35981e-05     -1.03207e-05     2.09838e-05
1978     1.76363e-06     1.82873e-05     1.82865e-05     1.82878e-05     1.02472e-05     -7.84086e-06     1.58156e-05
1982     5.87877e-07     6.12663e-06     6.12638e-06     6.1268e-06     3.44106e-06     -2.63721e-06     5.30455e-06
1986     1.17575e-06     1.22871e-05     1.22866e-05     1.22874e-05     6.90399e-06     -5.35164e-06     1.06463e-05
1990     0     0     0     0     0     0     0
1994     0     0     0     0     0     0     0
1998     1.76363e-06     1.86383e-05     1.86376e-05     1.86388e-05     1.04584e-05     -8.27365e-06     1.61557e-05
2002     0     0     0     0     0     0     0
2006     2.35151e-06     2.49925e-05     2.49914e-05     2.49931e-05     2.59417e-05     2.73628e-05     2.52838e-05
2010     1.17575e-06     1.25523e-05     1.25517e-05     1.25526e-05     1.3029e-05     1.37427e-05     1.26986e-05
2014     1.76363e-06     1.89084e-05     1.89076e-05     1.89089e-05     1.96265e-05     2.07016e-05     1.91287e-05
2018     1.76363e-06     1.89844e-05     1.89836e-05     1.89849e-05     1.97054e-05     2.07848e-05     1.92056e-05
2022     5.87877e-07     6.35634e-06     6.35608e-06     6.35651e-06     6.59775e-06     6.95917e-06     6.43042e-06
2026     1.76363e-06     1.91188e-05     1.9118e-05     1.91193e-05     1.98449e-05     2.0932e-05     1.93416e-05
2030     1.17575e-06     1.28081e-05     1.28076e-05     1.28084e-05     1.32946e-05     1.40228e-05     1.29574e-05
2034     1.17575e-06     1.2852e-05     1.28515e-05     1.28523e-05     1.33401e-05     1.40709e-05     1.30018e-05
2038     1.17575e-06     1.28782e-05     1.28776e-05     1.28785e-05     1.33673e-05     1.40995e-05     1.30283e-05
2042     5.87877e-07     6.46877e-06     6.46851e-06     6.46894e-06     6.71446e-06     7.08227e-06     6.54416e-06
2046     1.17575e-06     1.29837e-05     1.29831e-05     1.2984e-05     1.34768e-05     1.4215e-05     1.3135e-05
2050     0     0     0     0     0     0     0
2054     5.87877e-07     6.53502e-06     6.53475e-06     6.53519e-06     6.78321e-06     7.15479e-06     6.61118e-06
2058     5.87877e-07     6.5696e-06     6.56933e-06     6.56977e-06     6.81911e-06     7.19266e-06     6.64617e-06
2062     5.87877e-07     6.58672e-06     6.58645e-06     6.5869e-06     6.83689e-06     7.21141e-06     6.66349e-06
2066     1.17575e-06     1.32148e-05     1.32143e-05     1.32151e-05     1.37167e-05     1.44681e-05     1.33688e-05
2070     1.76363e-06     1.98838e-05     1.98829e-05     1.98843e-05     2.06389e-05     2.17695e-05     2.01155e-05
2074     2.35151e-06     2.65989e-05     2.65978e-05     2.65996e-05     2.76091e-05     2.91215e-05     2.69089e-05
2078     5.87877e-07     6.67392e-06     6.67365e-06     6.6741e-06     6.9274e-06     7.30687e-06     6.7517e-06
2082     5.87877e-07     6.70969e-06     6.70941e-06     6.70987e-06     6.96452e-06     7.34603e-06     6.78789e-06
2086     1.17575e-06     1.34441e-05     1.34436e-05     1.34445e-05     1.39547e-05     1.47191e-05     1.36008e-05
2090     5.87877e-07     6.7445e-06     6.74422e-06     6.74468e-06     7.00066e-06     7.38415e-06     6.82311e-06
2094     5.87877e-07     6.76151e-06     6.76123e-06     6.76169e-06     7.01831e-06     7.40277e-06     6.84032e-06
2098     5.87877e-07     6.80173e-06     6.80145e-06     6.80191e-06     7.06006e-06     7.4468e-06     6.881e-06
2102     1.76363e-06     2.04683e-05     2.04675e-05     2.04689e-05     2.12457e-05     2.24095e-05     2.07069e-05
2106     0     0     0     0     0     0     0
2110     0     0     0     0     0     0     0
2114     1.17575e-06     1.3787e-05     1.37865e-05     1.37874e-05     1.43107e-05     1.50946e-05     1.39477e-05
2118     0     0     0     0     0     0     0
2122     1.17575e-06     1.38723e-05     1.38717e-05     1.38726e-05     1.43991e-05     1.51879e-05     1.40339e-05
2126     5.87877e-07     6.96976e-06     6.96947e-06     6.96994e-06     7.23447e-06     7.63077e-06     7.05099e-06
2130     5.87877e-07     6.99038e-06     6.99009e-06     6.99056e-06     7.25587e-06     7.65334e-06     7.07185e-06
2134     0     0     0     0     0     0     0
2138     0     0     0     0     0     0     0
2142     5.87877e-07     7.0618e-06     7.06151e-06     7.06199e-06     7.33001e-06     7.73154e-06     7.1441e-06
2146     1.17575e-06     1.41577e-05     1.41571e-05     1.41581e-05     1.46954e-05     1.55004e-05     1.43227e-05
2150     0     0     0     0     0     0     0
2154     0     0     0     0     0     0     0
2158     1.17575e-06     1.42986e-05     1.4298e-05     1.4299e-05     1.48417e-05     1.56547e-05     1.44653e-05
2162     0     0     0     0     0     0     0
2166     1.17575e-06     1.44144e-05     1.44138e-05     1.44148e-05     1.49619e-05     1.57815e-05     1.45824e-05
2170     5.87877e-07     7.23141e-06     7.23111e-06     7.2316e-06     7.50605e-06     7.91723e-06     7.31569e-06
2174     5.87877e-07     7.23822e-06     7.23792e-06     7.23841e-06     7.51313e-06     7.92469e-06     7.32258e-06
2178     5.87877e-07     7.27641e-06     7.27611e-06     7.2766e-06     7.55277e-06     7.9665e-06     7.36122e-06
2182     0     0     0     0     0     0     0
2186     0     0     0     0     0     0     0
2190     5.87877e-07     7.33911e-06     7.3388e-06     7.3393e-06     7.61784e-06     8.03514e-06     7.42464e-06
2194     5.87877e-07     7.35629e-06     7.35598e-06     7.35648e-06     7.63568e-06     8.05395e-06     7.44202e-06
2198     5.87877e-07     7.37972e-06     7.37941e-06     7.37991e-06     7.66e-06     8.07961e-06     7.46573e-06
2202     5.87877e-07     7.42427e-06     7.42397e-06     7.42447e-06     7.70625e-06     8.12839e-06     7.5108e-06
2206     5.87877e-07     7.43543e-06     7.43512e-06     7.43562e-06     7.71782e-06     8.1406e-06     7.52209e-06
2210     0     0     0     0     0     0     0
2214     0     0     0     0     0     0     0
2218     1.76363e-06     2.25175e-05     2.25166e-05     2.25181e-05     2.33727e-05     2.46531e-05     2.278e-05
2222     1.17575e-06     1.50674e-05     1.50668e-05     1.50678e-05     1.56397e-05     1.64964e-05     1.5243e-05
2226     5.87877e-07     7.56053e-06     7.56022e-06     7.56073e-06     7.84768e-06     8.27757e-06     7.64865e-06
2230     0     0     0     0     0     0     0
2234     5.87877e-07     7.61506e-06     7.61475e-06     7.61526e-06     7.90428e-06     8.33727e-06     7.70381e-06
2238     0     0     0     0     0     0     0
2242     5.87877e-07     7.65871e-06     7.6584e-06     7.65892e-06     7.94959e-06     8.38506e-06     7.74797e-06
2246     0     0     0     0     0     0     0
2250     1.17575e-06     1.54039e-05     1.54033e-05     1.54044e-05     1.5989e-05     1.68649e-05     1.55835e-05
2254     0     0     0     0     0     0     0
2258     1.76363e-06     2.32554e-05     2.32545e-05     2.3256e-05     2.41387e-05     2.5461e-05     2.35265e-05
2262     0     0     0     0     0     0     0
2266     1.76363e-06     2.3405e-05     2.34041e-05     2.34056e-05     2.42939e-05     2.56247e-05     2.36778e-05
2270     5.87877e-07     7.83373e-06     7.8334e-06     7.83393e-06     8.13125e-06     8.57667e-06     7.92503e-06
2274     1.17575e-06     1.56983e-05     1.56976e-05     1.56987e-05     1.62945e-05     1.71871e-05     1.58812e-05
2278     5.87877e-07     7.87293e-06     7.87261e-06     7.87314e-06     8.17194e-06     8.6196e-06     7.96469e-06
2282     0     0     0     0     0     0     0
2286     0     0     0     0     0     0     0
2290     0     0     0     0     0     0     0
2294     0     0     0     0     0     0     0
2298     0     0     0     0     0     0     0
2302     0     0     0     0     0     0     0
2306     0     0     0     0     0     0     0
2310     0     0     0     0     0     0     0
2314     5.87877e-07     8.09847e-06     8.09814e-06     8.09868e-06     8.40605e-06     8.86653e-06     8.19286e-06
2318     5.87877e-07     8.11734e-06     8.11701e-06     8.11756e-06     8.42564e-06     8.88719e-06     8.21195e-06
2322     5.87877e-07     8.13131e-06     8.13098e-06     8.13153e-06     8.44014e-06     8.90248e-06     8.22608e-06
2326     0     0     0     0     0     0     0
2330     5.87877e-07     8.17649e-06     8.17615e-06     8.1767e-06     8.48703e-06     8.95194e-06     8.27178e-06
2334     5.87877e-07     8.21586e-06     8.21552e-06     8.21608e-06     8.5279e-06     8.99505e-06     8.31161e-06
2338     5.87877e-07     8.22594e-06     8.2256e-06     8.22616e-06     8.53836e-06     9.00609e-06     8.32181e-06
2342     0     0     0     0     0     0     0
2346     5.87877e-07     8.28024e-06     8.2799e-06     8.28046e-06     8.59473e-06     9.06554e-06     8.37675e-06
2350     0     0     0     0     0     0     0
2354     0     0     0     0     0     0     0
2358     0     0     0     0     0     0     0
2362     0     0     0     0     0     0     0
2366     0     0     0     0     0     0     0
2370     0     0     0     0     0     0     0
2374     0     0     0     0     0     0     0
2378     5.87877e-07     8.48151e-06     8.48116e-06     8.48173e-06     8.80363e-06     9.28589e-06     8.58036e-06
2382     5.87877e-07     8.51378e-06     8.51343e-06     8.51401e-06     8.83713e-06     9.32122e-06     8.61301e-06
2386     0     0     0     0     0     0     0
2390     0     0     0     0     0     0     0
2394     0     0     0     0     0     0     0
2398     0     0     0     0     0     0     0
2402     0     0     0     0     0     0     0
2406     5.87877e-07     8.66469e-06     8.66433e-06     8.66491e-06     8.99377e-06     9.48644e-06     8.76567e-06
2410     0     0     0     0     0     0     0
2414     0     0     0     0     0     0     0
2418     0     0     0     0     0     0     0
2422     0     0     0     0     0     0     0
2426     0     0     0     0     0     0     0
2430     0     0     0     0     0     0     0
2434     0     0     0     0     0     0     0
2438     0     0     0     0     0     0     0
2442     5.87877e-07     8.86645e-06     8.86609e-06     8.86669e-06     9.2032e-06     9.70735e-06     8.96979e-06
2446     0     0     0     0     0     0     0
2450     5.87877e-07     8.9158e-06     8.91543e-06     8.91603e-06     9.25442e-06     9.76137e-06     9.01971e-06
2454     0     0     0     0     0     0     0
2458     0     0     0     0     0     0     0
2462     0     0     0     0     0     0     0
2466     0     0     0     0     0     0     0
2470     0     0     0     0     0     0     0
2474     0     0     0     0     0     0     0
2478     0     0     0     0     0     0     0
2482     5.87877e-07     9.11577e-06     9.11539e-06     9.11601e-06     9.46198e-06     9.9803e-06     9.22201e-06
2486     0     0     0     0     0     0     0
2490     0     0     0     0     0     0     0
2494     0     0     0     0     0     0     0
2498     0     0     0     0     0     0     0
2502     0     0     0     0     0     0     0
2506     0     0     0     0     0     0     0
2510     0     0     0     0     0     0     0
2514     0     0     0     0     0     0     0
2518     1.17575e-06     1.87025e-05     1.87017e-05     1.8703e-05     1.94128e-05     2.04762e-05     1.89205e-05
2522     0     0     0     0     0     0     0
2526     5.87877e-07     9.40276e-06     9.40237e-06     9.40301e-06     9.75987e-06     1.02945e-05     9.51235e-06
2530     0     0     0     0     0     0     0
2534     0     0     0     0     0     0     0
2538     5.87877e-07     9.46472e-06     9.46433e-06     9.46497e-06     9.82419e-06     1.03623e-05     9.57503e-06
2542     0     0     0     0     0     0     0
2546     5.87877e-07     9.52291e-06     9.52252e-06     9.52316e-06     9.88459e-06     1.04261e-05     9.63389e-06
2550     0     0     0     0     0     0     0
2554     0     0     0     0     0     0     0
2558     0     0     0     0     0     0     0
2562     0     0     0     0     0     0     0
2566     0     0     0     0     0     0     0
2570     0     0     0     0     0     0     0
2574     0     0     0     0     0     0     0
2578     0     0     0     0     0     0     0
2582     0     0     0     0     0     0     0
2586     0     0     0     0     0     0     0
2590     0     0     0     0     0     0     0
2594     0     0     0     0     0     0     0
2598     0     0     0     0     0     0     0
2602     0     0     0     0     0     0     0
2606     0     0     0     0     0     0     0
2610     0     0     0     0     0     0     0
2614     0     0     0     0     0     0     0
2618     0     0     0     0     0     0     0
2622     0     0     0     0     0     0     0
2626     5.87877e-07     1.00224e-05     1.0022e-05     1.00226e-05     1.0403e-05     1.09729e-05     1.01392e-05
2630     5.87877e-07     1.00586e-05     1.00582e-05     1.00589e-05     1.04406e-05     1.10125e-05     1.01758e-05
2634     0     0     0     0     0     0     0
2638     0     0     0     0     0     0     0
2642     0     0     0     0     0     0     0
2646     0     0     0     0     0     0     0
2650     0     0     0     0     0     0     0
2654     0     0     0     0     0     0     0
2658     5.87877e-07     1.0229e-05     1.02286e-05     1.02293e-05     1.06175e-05     1.11991e-05     1.03482e-05
2662     5.87877e-07     1.02525e-05     1.02521e-05     1.02528e-05     1.06419e-05     1.12249e-05     1.0372e-05
2666     0     0     0     0     0     0     0
2670     0     0     0     0     0     0     0
2674     0     0     0     0     0     0     0
2678     0     0     0     0     0     0     0
2682     0     0     0     0     0     0     0
2686     0     0     0     0     0     0     0
2690     0     0     0     0     0     0     0
2694     0     0     0     0     0     0     0
2698     0     0     0     0     0     0     0
2702     0     0     0     0     0     0     0
2706     0     0     0     0     0     0     0
2710     0     0     0     0     0     0     0
2714     0     0     0     0     0     0     0
2718     0     0     0     0     0     0     0
2722     0     0     0     0     0     0     0
2726     0     0     0     0     0     0     0
2730     0     0     0     0     0     0     0
2734     0     0     0     0     0     0     0
2738     0     0     0     0     0     0     0
2742     0     0     0     0     0     0     0
2746     0     0     0     0     0     0     0
2750     0     0     0     0     0     0     0
2754     5.87877e-07     1.08438e-05     1.08434e-05     1.08441e-05     1.12557e-05     1.18722e-05     1.09702e-05
2758     0     0     0     0     0     0     0
2762     0     0     0     0     0     0     0
2766     0     0     0     0     0     0     0
2770     5.87877e-07     1.09404e-05     1.094e-05     1.09407e-05     1.13559e-05     1.1978e-05     1.10679e-05
2774     0     0     0     0     0     0     0
2778     0     0     0     0     0     0     0
2782     0     0     0     0     0     0     0
2786     0     0     0     0     0     0     0
2790     0     0     0     0     0     0     0
2794     0     0     0     0     0     0     0
2798     0     0     0     0     0     0     0
2802     0     0     0     0     0     0     0
2806     0     0     0     0     0     0     0
2810     0     0     0     0     0     0     0
2814     0     0     0     0     0     0     0
2818     0     0     0     0     0     0     0
2822     0     0     0     0     0     0     0
2826     0     0     0     0     0     0     0
2830     0     0     0     0     0     0     0
2834     0     0     0     0     0     0     0
2838     0     0     0     0     0     0     0
2842     0     0     0     0     0     0     0
2846     0     0     0     0     0     0     0
2850     0     0     0     0     0     0     0
2854     0     0     0     0     0     0     0
2858     0     0     0     0     0     0     0
2862     0     0     0     0     0     0     0
2866     0     0     0     0     0     0     0
2870     0     0     0     0     0     0     0
2874     0     0     0     0     0     0     0
2878     0     0     0     0     0     0     0
2882     0     0     0     0     0     0     0
2886     0     0     0     0     0     0     0
2890     0     0     0     0     0     0     0
2894     0     0     0     0     0     0     0
2898     0     0     0     0     0     0     0
2902     0     0     0     0     0     0     0
2906     0     0     0     0     0     0     0
2910     0     0     0     0     0     0     0
2914     0     0     0     0     0     0     0
2918     0     0     0     0     0     0     0
2922     0     0     0     0     0     0     0
2926     0     0     0     0     0     0     0
2930     0     0     0     0     0     0     0
2934     0     0     0     0     0     0     0
2938     0     0     0     0     0     0     0
2942     5.87877e-07     1.20208e-05     1.20203e-05     1.20211e-05     1.24773e-05     1.31608e-05     1.21609e-05
2946     0     0     0     0     0     0     0
2950     0     0     0     0     0     0     0
2954     0     0     0     0     0     0     0
2958     0     0     0     0     0     0     0
2962     0     0     0     0     0     0     0
2966     0     0     0     0     0     0     0
2970     0     0     0     0     0     0     0
2974     0     0     0     0     0     0     0
2978     0     0     0     0     0     0     0
2982     0     0     0     0     0     0     0
2986     0     0     0     0     0     0     0
2990     0     0     0     0     0     0     0
2994     0     0     0     0     0     0     0
2998     0     0     0     0     0     0     0
3002     0     0     0     0     0     0     0
3006     0     0     0     0     0     0     0
3010     0     0     0     0     0     0     0
3014     0     0     0     0     0     0     0
3018     0     0     0     0     0     0     0
3022     0     0     0     0     0     0     0
3026     0     0     0     0     0     0     0
3030     0     0     0     0     0     0     0
3034     0     0     0     0     0     0     0
3038     0     0     0     0     0     0     0
3042     0     0     0     0     0     0     0
3046     0     0     0     0     0     0     0
3050     0     0     0     0     0     0     0
3054     0     0     0     0     0     0     0
3058     0     0     0     0     0     0     0
3062     0     0     0     0     0     0     0
3066     5.87877e-07     1.28418e-05     1.28413e-05     1.28421e-05     1.33295e-05     1.40597e-05     1.29915e-05
3070     0     0     0     0     0     0     0
3074     0     0     0     0     0     0     0
3078     0     0     0     0     0     0     0
3082     0     0     0     0     0     0     0
3086     0     0     0     0     0     0     0
3090     0     0     0     0     0     0     0
3094     0     0     0     0     0     0     0
3098     0     0     0     0     0     0     0
3102     0     0     0     0     0     0     0
3106     0     0     0     0     0     0     0
3110     0     0     0     0     0     0     0
3114     0     0     0     0     0     0     0
3118     0     0     0     0     0     0     0
3122     0     0     0     0     0     0     0
3126     0     0     0     0     0     0     0
3130     0     0     0     0     0     0     0
3134     0     0     0     0     0     0     0
3138     0     0     0     0     0     0     0
3142     0     0     0     0     0     0     0
3146     0     0     0     0     0     0     0
3150     5.87877e-07     1.33723e-05     1.33718e-05     1.33727e-05     1.38802e-05     1.46406e-05     1.35282e-05
3154     0     0     0     0     0     0     0
3158     0     0     0     0     0     0     0
3162     0     0     0     0     0     0     0
3166     0     0     0     0     0     0     0
3170     0     0     0     0     0     0     0
3174     0     0     0     0     0     0     0
3178     0     0     0     0     0     0     0
3182     0     0     0     0     0     0     0
3186     0     0     0     0     0     0     0
3190     0     0     0     0     0     0     0
3194     0     0     0     0     0     0     0
3198     0     0     0     0     0     0     0
3202     0     0     0     0     0     0     0
3206     0     0     0     0     0     0     0
3210     0     0     0     0     0     0     0
3214     0     0     0     0     0     0     0
3218     0     0     0     0     0     0     0
3222     0     0     0     0     0     0     0
3226     0     0     0     0     0     0     0
3230     0     0     0     0     0     0     0
3234     0     0     0     0     0     0     0
3238     0     0     0     0     0     0     0
3242     0     0     0     0     0     0     0
3246     0     0     0     0     0     0     0
3250     0     0     0     0     0     0     0
3254     0     0     0     0     0     0     0
3258     0     0     0     0     0     0     0
3262     0     0     0     0     0     0     0
3266     0     0     0     0     0     0     0
3270     0     0     0     0     0     0     0
3274     0     0     0     0     0     0     0
3278     0     0     0     0     0     0     0
3282     0     0     0     0     0     0     0
3286     0     0     0     0     0     0     0
3290     0     0     0     0     0     0     0
3294     0     0     0     0     0     0     0
3298     0     0     0     0     0     0     0
3302     0     0     0     0     0     0     0
3306     0     0     0     0     0     0     0
3310     0     0     0     0     0     0     0
3314     0     0     0     0     0     0     0
3318     0     0     0     0     0     0     0
3322     0     0     0     0     0     0     0
3326     0     0     0     0     0     0     0
3330     0     0     0     0     0     0     0
3334     0     0     0     0     0     0     0
3338     0     0     0     0     0     0     0
3342     0     0     0     0     0     0     0
3346     0     0     0     0     0     0     0
3350     0     0     0     0     0     0     0
3354     0     0     0     0     0     0     0
3358     0     0     0     0     0     0     0
3362     0     0     0     0     0     0     0
3366     0     0     0     0     0     0     0
3370     0     0     0     0     0     0     0
3374     0     0     0     0     0     0     0
3378     0     0     0     0     0     0     0
3382     0     0     0     0     0     0     0
3386     0     0     0     0     0     0     0
3390     0     0     0     0     0     0     0
3394     0     0     0     0     0     0     0
3398     0     0     0     0     0     0     0
3402     0     0     0     0     0     0     0
3406     0     0     0     0     0     0     0
3410     0     0     0     0     0     0     0
3414     0     0     0     0     0     0     0
3418     0     0     0     0     0     0     0
3422     0     0     0     0     0     0     0
3426     0     0     0     0     0     0     0
3430     0     0     0     0     0     0     0
3434     0     0     0     0     0     0     0
3438     0     0     0     0     0     0     0
3442     0     0     0     0     0     0     0
3446     0     0     0     0     0     0     0
3450     0     0     0     0     0     0     0
3454     0     0     0     0     0     0     0
3458     0     0     0     0     0     0     0
3462     0     0     0     0     0     0     0
3466     0     0     0     0     0     0     0
3470     0     0     0     0     0     0     0
3474     0     0     0     0     0     0     0
3478     0     0     0     0     0     0     0
3482     0     0     0     0     0     0     0
3486     0     0     0     0     0     0     0
3490     0     0     0     0     0     0     0
3494     0     0     0     0     0     0     0
3498     0     0     0     0     0     0     0
3502     0     0     0     0     0     0     0
3506     0     0     0     0     0     0     0
3510     0     0     0     0     0     0     0
3514     0     0     0     0     0     0     0
3518     0     0     0     0     0     0     0
3522     0     0     0     0     0     0     0
3526     0     0     0     0     0     0     0
3530     0     0     0     0     0     0     0
3534     0     0     0     0     0     0     0
3538     0     0     0     0     0     0     0
3542     0     0     0     0     0     0     0
3546     0     0     0     0     0     0     0
3550     0     0     0     0     0     0     0
3554     0     0     0     0     0     0     0
3558     0     0     0     0     0     0     0
3562     0     0     0     0     0     0     0
3566     0     0     0     0     0     0     0
3570     0     0     0     0     0     0     0
3574     0     0     0     0     0     0     0
3578     0     0     0     0     0     0     0
3582     0     0     0     0     0     0     0
3586     0     0     0     0     0     0     0
3590     0     0     0     0     0     0     0
3594     0     0     0     0     0     0     0
3598     0     0     0     0     0     0     0
3602     0     0     0     0     0     0     0
3606     0     0     0     0     0     0     0
3610     0     0     0     0     0     0     0
3614     0     0     0     0     0     0     0
3618     0     0     0     0     0     0     0
3622     0     0     0     0     0     0     0
3626     0     0     0     0     0     0     0
3630     0     0     0     0     0     0     0
3634     0     0     0     0     0     0     0
3638     0     0     0     0     0     0     0
3642     0     0     0     0     0     0     0
3646     0     0     0     0     0     0     0
3650     0     0     0     0     0     0     0
3654     0     0     0     0     0     0     0
3658     0     0     0     0     0     0     0
3662     0     0     0     0     0     0     0
3666     0     0     0     0     0     0     0
3670     0     0     0     0     0     0     0
3674     0     0     0     0     0     0     0
3678     0     0     0     0     0     0     0
3682     0     0     0     0     0     0     0
3686     0     0     0     0     0     0     0
3690     0     0     0     0     0     0     0
3694     0     0     0     0     0     0     0
3698     0     0     0     0     0     0     0
3702     0     0     0     0     0     0     0
3706     0     0     0     0     0     0     0
3710     0     0     0     0     0     0     0
3714     0     0     0     0     0     0     0
3718     0     0     0     0     0     0     0
3722     0     0     0     0     0     0     0
3726     0     0     0     0     0     0     0
3730     0     0     0     0     0     0     0
3734     0     0     0     0     0     0     0
3738     0     0     0     0     0     0     0
3742     0     0     0     0     0     0     0
3746     0     0     0     0     0     0     0
3750     0     0     0     0     0     0     0
3754     0     0     0     0     0     0     0
3758     0     0     0     0     0     0     0
3762     0     0     0     0     0     0     0
3766     0     0     0     0     0     0     0
3770     0     0     0     0     0     0     0
3774     0     0     0     0     0     0     0
3778     0     0     0     0     0     0     0
3782     0     0     0     0     0     0     0
3786     0     0     0     0     0     0     0
3790     0     0     0     0     0     0     0
3794     0     0     0     0     0     0     0
3798     0     0     0     0     0     0     0
3802     0     0     0     0     0     0     0
3806     0     0     0     0     0     0     0
3810     0     0     0     0     0     0     0
3814     0     0     0     0     0     0     0
3818     0     0     0     0     0     0     0
3822     0     0     0     0     0     0     0
3826     0     0     0     0     0     0     0
3830     0     0     0     0     0     0     0
3834     0     0     0     0     0     0     0
3838     0     0     0     0     0     0     0
3842     0     0     0     0     0     0     0
3846     0     0     0     0     0     0     0
3850     0     0     0     0     0     0     0
3854     0     0     0     0     0     0     0
3858     0     0     0     0     0     0     0
3862     0     0     0     0     0     0     0
3866     0     0     0     0     0     0     0
3870     0     0     0     0     0     0     0
3874     0     0     0     0     0     0     0
3878     0     0     0     0     0     0     0
3882     0     0     0     0     0     0     0
3886     0     0     0     0     0     0     0
3890     0     0     0     0     0     0     0
3894     0     0     0     0     0     0     0
3898     0     0     0     0     0     0     0
3902     0     0     0     0     0     0     0
3906     0     0     0     0     0     0     0
3910     0     0     0     0     0     0     0
3914     0     0     0     0     0     0     0
3918     0     0     0     0     0     0     0
3922     0     0     0     0     0     0     0
3926     0     0     0     0     0     0     0
3930     0     0     0     0     0     0     0
3934     0     0     0     0     0     0     0
3938     0     0     0     0     0     0     0
3942     0     0     0     0     0     0     0
3946     0     0     0     0     0     0     0
3950     0     0     0     0     0     0     0
3954     0     0     0     0     0     0     0
3958     0     0     0     0     0     0     0
3962     0     0     0     0     0     0     0
3966     0     0     0     0     0     0     0
3970     0     0     0     0     0     0     0
3974     0     0     0     0     0     0     0
3978     0     0     0     0     0     0     0
3982     0     0     0     0     0     0     0
3986     0     0     0     0     0     0     0
3990     0     0     0     0     0     0     0
3994     0     0     0     0     0     0     0
3998     0     0     0     0     0     0     0
