2     0     0     0     0     0     0     0
6     0     0     0     0     0     0     0
10     0     0     0     0     0     0     0
14     0     0     0     0     0     0     0
18     0     0     0     0     0     0     0
22     0     0     0     0     0     0     0
26     0.000136653     9.71098e-08     9.71098e-08     9.71098e-08     9.96261e-08     1.00937e-07     9.87395e-08
30     0.000163983     9.74224e-08     9.74224e-08     9.74224e-08     9.99468e-08     1.01262e-07     9.90573e-08
34     0.00025964     1.28643e-07     1.28643e-07     1.28643e-07     1.31977e-07     1.33713e-07     1.30802e-07
38     0.000177648     7.51117e-08     7.51117e-08     7.51117e-08     7.7058e-08     7.80719e-08     7.63722e-08
42     0.000245975     9.15276e-08     9.15276e-08     9.15276e-08     9.38992e-08     9.51347e-08     9.30635e-08
46     0.000273305     8.93686e-08     8.93686e-08     8.93686e-08     9.16843e-08     9.28906e-08     9.08683e-08
50     0.000464619     1.37348e-07     1.37348e-07     1.37348e-07     1.40907e-07     1.42761e-07     1.39653e-07
54     0.000464619     1.24232e-07     1.24232e-07     1.24232e-07     1.27451e-07     1.29128e-07     1.26316e-07
58     0.00054661     1.33751e-07     1.33751e-07     1.33751e-07     1.37216e-07     1.39022e-07     1.35995e-07
62     0.000464619     1.05816e-07     1.05816e-07     1.05816e-07     1.08558e-07     1.09986e-07     1.07592e-07
66     0.00051928     1.11086e-07     1.11086e-07     1.11086e-07     1.13965e-07     1.15464e-07     1.1295e-07
70     0.000710593     1.4463e-07     1.4463e-07     1.4463e-07     1.48378e-07     1.5033e-07     1.47057e-07
74     0.000710593     1.3884e-07     1.3884e-07     1.3884e-07     1.42437e-07     1.44312e-07     1.4117e-07
78     0.000683263     1.29534e-07     1.29534e-07     1.29534e-07     1.3289e-07     1.34639e-07     1.31707e-07
82     0.000669598     1.23668e-07     1.23668e-07     1.23668e-07     1.26872e-07     1.28541e-07     1.25743e-07
86     0.000833581     1.517e-07     1.517e-07     1.517e-07     1.55631e-07     1.57679e-07     1.54246e-07
90     0.000901907     1.62731e-07     1.62731e-07     1.62731e-07     1.66948e-07     1.69145e-07     1.65462e-07
94     0.00107956     1.94533e-07     1.94533e-07     1.94533e-07     1.99574e-07     2.022e-07     1.97798e-07
98     0.00118888     2.15133e-07     2.15133e-07     2.15133e-07     2.20707e-07     2.23611e-07     2.18743e-07
102     0.00107956     1.9697e-07     1.9697e-07     1.9697e-07     2.02074e-07     2.04732e-07     2.00275e-07
106     0.00110689     2.04757e-07     2.04757e-07     2.04757e-07     2.10063e-07     2.12826e-07     2.08193e-07
110     0.000970233     1.83758e-07     1.83758e-07     1.83758e-07     1.8852e-07     1.91e-07     1.86842e-07
114     0.00107956     2.11187e-07     2.11187e-07     2.11187e-07     2.1666e-07     2.1951e-07     2.14731e-07
118     0.00117521     2.43184e-07     2.43184e-07     2.43184e-07     2.49485e-07     2.52768e-07     2.47265e-07
122     0.00114788     2.55428e-07     2.55428e-07     2.55428e-07     2.62047e-07     2.65494e-07     2.59714e-07
126     0.00124354     3.06091e-07     3.06091e-07     3.06091e-07     3.14023e-07     3.18154e-07     3.11228e-07
130     0.0012982     3.58167e-07     3.58167e-07     3.58167e-07     3.67448e-07     3.72283e-07     3.64178e-07
134     0.00146218     4.69719e-07     4.69719e-07     4.69719e-07     4.8189e-07     4.88231e-07     4.77601e-07
138     0.00128453     4.97282e-07     4.97282e-07     4.97282e-07     5.10167e-07     5.1688e-07     5.05627e-07
142     0.00183114     8.73612e-07     8.73612e-07     8.73612e-07     8.96249e-07     9.08041e-07     8.88272e-07
146     0.00148951     9.27626e-07     9.27626e-07     9.27626e-07     9.51663e-07     9.64184e-07     9.43193e-07
150     0.00170816     1.47789e-06     1.47789e-06     1.47789e-06     1.51619e-06     1.53614e-06     1.5027e-06
154     0.00170816     2.18082e-06     2.18082e-06     2.18082e-06     2.23733e-06     2.26677e-06     2.21742e-06
158     0.00166716     4.0608e-06     4.0608e-06     4.0608e-06     4.16603e-06     4.22084e-06     4.12895e-06
162     0.00169449     1.12781e-05     1.12781e-05     1.12781e-05     1.15703e-05     1.17226e-05     1.14674e-05
166     0.00173549     2.11258e-05     2.11258e-05     2.11258e-05     2.16732e-05     2.19584e-05     2.14803e-05
170     0.00136653     2.25629e-05     2.25629e-05     2.25629e-05     2.31475e-05     2.34521e-05     2.29415e-05
174     0.00181748     3.64253e-05     3.64253e-05     3.64253e-05     3.73692e-05     3.78608e-05     3.70366e-05
178     0.00185847     4.40489e-05     4.40489e-05     4.40489e-05     4.51903e-05     4.57849e-05     4.47881e-05
182     0.00211811     6.06531e-05     6.06531e-05     6.06531e-05     6.22248e-05     6.30435e-05     6.1671e-05
186     0.00220011     7.58273e-05     7.58273e-05     7.58273e-05     7.77921e-05     7.88157e-05     7.70998e-05
190     0.00250074     0.000100602     0.000100602     0.000100602     0.000103209     0.000104567     0.00010229
194     0.00221377     0.00010063     0.00010063     0.00010063     0.000103238     0.000104596     0.000102319
198     0.00236409     0.000118847     0.000118847     0.000118847     0.000121927     0.000123531     0.000120842
202     0.00245975     0.000135133     0.000135133     0.000135133     0.000138635     0.000140459     0.000137401
206     0.00233676     0.000139992     0.000139992     0.000139992     0.000143619     0.000145509     0.000142341
210     0.00232309     0.000150599     0.000150599     0.000150599     0.000154974     0.000157219     0.000153455
214     0.00274672     0.000191657     0.000191657     0.000191657     0.000197772     0.000200879     0.000195672
218     0.003266     0.000244179     0.000244179     0.000244179     0.000251983     0.000255948     0.000249302
222     0.00314301     0.000250382     0.000250382     0.000250382     0.000258494     0.000262612     0.000255711
226     0.00293803     0.000248297     0.000248297     0.000248297     0.000256442     0.000260572     0.000253651
230     0.00310201     0.000279158     0.000279158     0.000279158     0.000288443     0.000293144     0.000285265
234     0.00325233     0.000310892     0.000310892     0.000310892     0.000321362     0.000326657     0.000317783
238     0.00280138     0.000283612     0.000283612     0.000283612     0.000293291     0.000298179     0.000289986
242     0.0035393     0.000378435     0.000378435     0.000378435     0.000391493     0.000398082     0.000387038
246     0.00321134     0.000361166     0.000361166     0.000361166     0.000373774     0.000380131     0.000369477
250     0.00340265     0.000403343     0.000403343     0.000403343     0.000417678     0.000424892     0.0004128
254     0.00356663     0.000444     0.000444     0.000444     0.000460025     0.000468073     0.000454583
258     0.00310201     0.00040624     0.00040624     0.00040624     0.000421055     0.000428481     0.000416031
262     0.00399025     0.000548153     0.000548153     0.000548153     0.000568517     0.0005787     0.000561625
266     0.00408591     0.000588034     0.000588034     0.000588034     0.000610276     0.000621377     0.00060276
270     0.00433189     0.000650901     0.000650901     0.000650901     0.000675929     0.000688404     0.000667482
274     0.00426356     0.000670253     0.000670253     0.000670253     0.00069652     0.000709595     0.000687666
278     0.0038946     0.000639095     0.000639095     0.000639095     0.000664772     0.000677527     0.000656133
282     0.00464619     0.000796731     0.000796731     0.000796731     0.000829213     0.000845323     0.000818299
286     0.00472818     0.000845523     0.000845523     0.000845523     0.000880686     0.000898082     0.000868895
290     0.00547977     0.00102032     0.00102032     0.00102032     0.0010638     0.00108525     0.00104925
294     0.00497415     0.000963451     0.000963451     0.000963451     0.00100551     0.00102623     0.000991456
298     0.00564375     0.00113644     0.00113644     0.00113644     0.00118753     0.00121266     0.00117049
302     0.00522013     0.00109092     0.00109092     0.00109092     0.0011414     0.00116618     0.00112459
306     0.00580773     0.00125975     0.00125975     0.00125975     0.00131994     0.00134939     0.00129995
310     0.00597172     0.0013438     0.0013438     0.0013438     0.00140956     0.00144166     0.00138776
314     0.00646367     0.00150733     0.00150733     0.00150733     0.00158302     0.00161988     0.00155798
318     0.00624502     0.00150895     0.00150895     0.00150895     0.00158762     0.0016258     0.00156166
322     0.0077072     0.00192648     0.00192648     0.00192648     0.00203081     0.00208131     0.00199648
326     0.00717426     0.00185189     0.00185189     0.00185189     0.00195547     0.00200547     0.00192146
330     0.00761155     0.00202745     0.00202745     0.00202745     0.00214581     0.00220272     0.00210706
334     0.00759788     0.00208855     0.00208855     0.00208855     0.00221726     0.00227883     0.0021753
338     0.00840413     0.00238488     0.00238488     0.00238488     0.00253861     0.00261177     0.0024887
342     0.00862278     0.00252506     0.00252506     0.00252506     0.00269496     0.00277541     0.00264
346     0.00937437     0.00283807     0.00283807     0.00283807     0.00304234     0.00313885     0.0029764
350     0.00937437     0.00294972     0.00294972     0.00294972     0.00317672     0.00328376     0.00310357
354     0.0104949     0.00345229     0.00345229     0.00345229     0.00373619     0.00386994     0.0036448
358     0.0110279     0.00380644     0.00380644     0.00380644     0.00414057     0.00429802     0.00403302
362     0.0115335     0.00417319     0.00417319     0.00417319     0.00456439     0.00474863     0.00443856
366     0.0122577     0.00463077     0.00463077     0.00463077     0.00509543     0.00531402     0.00494613
370     0.01249     0.00491656     0.00491656     0.00491656     0.00543948     0.00568539     0.00527152
374     0.0143075     0.00588088     0.00588088     0.00588088     0.00654522     0.0068577     0.00633183
378     0.0151138     0.00648067     0.00648067     0.00648067     0.00725644     0.00762155     0.0070072
382     0.015879     0.00709854     0.00709854     0.00709854     0.00799855     0.00842241     0.00770928
386     0.0173002     0.0080345     0.0080345     0.0080345     0.00911178     0.00961931     0.00876543
390     0.0182295     0.0087757     0.0087757     0.0087757     0.0100142     0.010598     0.0096159
394     0.0191997     0.00957174     0.00957174     0.00957174     0.0109926     0.0116627     0.0105355
398     0.0218917     0.011296     0.011296     0.011296     0.0130551     0.0138852     0.0124889
402     0.0243378     0.0129845     0.0129845     0.0129845     0.0150948     0.0160916     0.014415
406     0.026333     0.0145231     0.0145231     0.0145231     0.0169761     0.018136     0.0161851
410     0.0291207     0.0165858     0.0165858     0.0165858     0.019482     0.020853     0.0185473
414     0.0321407     0.018899     0.018899     0.018899     0.0223011     0.0239127     0.0212025
418     0.0359943     0.0218296     0.0218296     0.0218296     0.0258398     0.0277415     0.0245438
422     0.0396976     0.0248283     0.0248283     0.0248283     0.0294603     0.03166     0.0279612
426     0.0432232     0.0278838     0.0278838     0.0278838     0.0331125     0.0356008     0.0314174
430     0.0495912     0.0330127     0.0330127     0.0330127     0.0391636     0.0420954     0.0371667
434     0.0553306     0.0380634     0.0380634     0.0380634     0.0450381     0.0483662     0.0427716
438     0.0621223     0.0442611     0.0442611     0.0442611     0.0521183     0.0558718     0.0495617
442     0.074421     0.0550285     0.0550285     0.0550285     0.0643489     0.0688143     0.061309
446     0.0831394     0.0640361     0.0640361     0.0640361     0.0741905     0.0790761     0.0708673
450     0.0928691     0.0748098     0.0748098     0.0748098     0.0857074     0.0909729     0.0821287
454     0.106644     0.090366     0.090366     0.090366     0.102197     0.107934     0.0983001
458     0.120801     0.108423     0.108423     0.108423     0.12083     0.126862     0.116731
462     0.130954     0.125333     0.125333     0.125333     0.137452     0.143364     0.133435
466     0.142132     0.145664     0.145664     0.145664     0.157095     0.162696     0.153288
470     0.14518     0.159531     0.159531     0.159531     0.168957     0.17362     0.165789
474     0.146833     0.171794     0.171794     0.171794     0.178698     0.18218     0.176337
478     0.135149     0.166312     0.166312     0.166312     0.169954     0.171819     0.168712
482     0.126923     0.161968     0.161968     0.161968     0.162652     0.163167     0.162312
486     0.114064     0.14877     0.14877     0.14877     0.146892     0.146166     0.147397
490     0.0999204     0.131738     0.131738     0.131738     0.127954     0.126294     0.129094
494     0.0877993     0.116171     0.116171     0.116171     0.111119     0.108833     0.112685
498     0.0773863     0.102386     0.102386     0.102386     0.0965153     0.0938229     0.0983574
502     0.0666455     0.0880781     0.0880781     0.0880781     0.0819143     0.0790641     0.0838636
506     0.0551666     0.0728636     0.0728636     0.0728636     0.0669328     0.0641721     0.0688195
510     0.0482384     0.0637507     0.0637507     0.0637507     0.0578783     0.0551271     0.0597566
514     0.0407908     0.0540188     0.0540188     0.0540188     0.0485202     0.0459291     0.0502879
518     0.035803     0.0475761     0.0475761     0.0475761     0.0423205     0.0398308     0.0440172
522     0.0317307     0.0423625     0.0423625     0.0423625     0.03734     0.034951     0.0389667
526     0.0285057     0.0382751     0.0382751     0.0382751     0.0334527     0.0311541     0.0350181
530     0.0244881     0.0330999     0.0330999     0.0330999     0.0286966     0.0265959     0.0301275
534     0.0219874     0.0299358     0.0299358     0.0299358     0.0257722     0.0237865     0.0271256
538     0.0190767     0.0261821     0.0261821     0.0261821     0.0223881     0.0205797     0.0236215
542     0.0182295     0.0252434     0.0252434     0.0252434     0.0214501     0.0196423     0.0226838
546     0.0150591     0.0210566     0.0210566     0.0210566     0.0177905     0.0162328     0.0188536
550     0.0136926     0.0193491     0.0193491     0.0193491     0.016256     0.0147794     0.017264
554     0.0125584     0.0179498     0.0179498     0.0179498     0.0150063     0.0135996     0.0159667
558     0.0119298     0.0172376     0.0172376     0.0172376     0.0143441     0.0129588     0.0152894
562     0.0100713     0.0147013     0.0147013     0.0147013     0.0121832     0.0109749     0.0130074
566     0.00938803     0.0138337     0.0138337     0.0138337     0.011419     0.0102572     0.012211
570     0.00897807     0.0133654     0.0133654     0.0133654     0.0109883     0.00984248     0.0117693
574     0.00839047     0.0126411     0.0126411     0.0126411     0.0103476     0.009241     0.0111018
578     0.00769354     0.0117381     0.0117381     0.0117381     0.00957689     0.00853402     0.010288
582     0.00726992     0.0112215     0.0112215     0.0112215     0.00911928     0.00810434     0.0098114
586     0.00653199     0.0101955     0.0101955     0.0101955     0.00826062     0.00732555     0.00889836
590     0.0058214     0.00920104     0.00920104     0.00920104     0.00743196     0.00657579     0.00801581
594     0.00512447     0.0082202     0.0082202     0.0082202     0.00661729     0.00584028     0.00714701
598     0.00508348     0.00827891     0.00827891     0.00827891     0.00664224     0.00584735     0.00718391
602     0.00471451     0.00776921     0.00776921     0.00776921     0.00621314     0.00545585     0.00672907
606     0.00470085     0.00782749     0.00782749     0.00782749     0.00624637     0.00547516     0.00677158
610     0.00423623     0.00712719     0.00712719     0.00712719     0.00566968     0.00495726     0.00615453
614     0.00426356     0.00726186     0.00726186     0.00726186     0.00576252     0.0050292     0.00626178
618     0.00329333     0.00568305     0.00568305     0.00568305     0.00449755     0.00391744     0.00489253
622     0.00352564     0.00616831     0.00616831     0.00616831     0.0048657     0.00422779     0.00530001
626     0.00296536     0.00525223     0.00525223     0.00525223     0.00413544     0.00358802     0.00450819
630     0.00314301     0.00563251     0.00563251     0.00563251     0.00441929     0.00382383     0.00482465
634     0.00270572     0.00490373     0.00490373     0.00490373     0.00384103     0.00331888     0.00419651
638     0.00282871     0.00518731     0.00518731     0.00518731     0.00405113     0.00349205     0.00443164
642     0.00244608     0.00454038     0.00454038     0.00454038     0.00353759     0.00304333     0.00387389
646     0.00284237     0.00534951     0.00534951     0.00534951     0.0041553     0.00356542     0.00455643
650     0.00210445     0.00401406     0.00401406     0.00401406     0.00310864     0.00266094     0.00341312
654     0.0022411     0.00433319     0.00433319     0.00433319     0.00334983     0.00286347     0.0036807
658     0.00198146     0.00387796     0.00387796     0.00387796     0.00298766     0.00254721     0.00328735
662     0.00168083     0.00332959     0.00332959     0.00332959     0.00255751     0.00217502     0.00281766
666     0.0019268     0.00386565     0.00386565     0.00386565     0.00296161     0.00251284     0.00326673
670     0.00170816     0.00346521     0.00346521     0.00346521     0.00265067     0.0022455     0.00292604
674     0.00173549     0.00356145     0.00356145     0.00356145     0.00271776     0.00229753     0.0030033
678     0.0016125     0.00334757     0.00334757     0.00334757     0.00254799     0.0021495     0.0028188
682     0.00140752     0.0029533     0.0029533     0.0029533     0.00224476     0.0018915     0.0024849
686     0.0015715     0.00333313     0.00333313     0.00333313     0.00252486     0.00212144     0.00279899
690     0.00112055     0.00240149     0.00240149     0.00240149     0.00181404     0.00152048     0.00201352
694     0.00131186     0.00284621     0.00284621     0.00284621     0.00214404     0.00179237     0.00238289
698     0.00131186     0.00288323     0.00288323     0.00288323     0.00216694     0.0018073     0.00241103
702     0.000970233     0.00215806     0.00215806     0.00215806     0.00161884     0.00134763     0.00180288
706     0.00124354     0.00279416     0.00279416     0.00279416     0.00209237     0.00173899     0.00233211
710     0.000956568     0.00217552     0.00217552     0.00217552     0.00162216     0.00134333     0.00181135
714     0.00117521     0.00270758     0.00270758     0.00270758     0.00201524     0.0016661     0.00225214
718     0.000888242     0.002072     0.002072     0.002072     0.00153779     0.00126804     0.00172077
722     0.000970233     0.00228898     0.00228898     0.00228898     0.00169282     0.00139118     0.00189733
726     0.000847246     0.00202015     0.00202015     0.00202015     0.00149008     0.00122122     0.00167227
730     0.00080625     0.00194094     0.00194094     0.00194094     0.0014307     0.00117136     0.00160634
734     0.000888242     0.00216274     0.00216274     0.00216274     0.00158888     0.00129681     0.00178664
738     0.000833581     0.00205208     0.00205208     0.00205208     0.00150387     0.00122454     0.00169297
742     0.000819915     0.00204467     0.00204467     0.00204467     0.00149338     0.00121203     0.00168379
746     0.000942903     0.0023823     0.0023823     0.0023823     0.00173636     0.00140597     0.00195984
750     0.000915572     0.00234047     0.00234047     0.00234047     0.00170063     0.0013728     0.00192233
754     0.000833581     0.0021518     0.0021518     0.0021518     0.00155926     0.00125528     0.00176476
758     0.000737924     0.00192444     0.00192444     0.00192444     0.00139267     0.00111961     0.00157727
762     0.000628602     0.00165662     0.00165662     0.00165662     0.0011953     0.000958042     0.00135563
766     0.000532945     0.00141956     0.00141956     0.00141956     0.00102333     0.000819193     0.00116124
770     0.000560276     0.00150976     0.00150976     0.00150976     0.00108317     0.000862929     0.00123186
774     0.000683263     0.0018635     0.0018635     0.0018635     0.00133251     0.00105792     0.00151784
778     0.000560276     0.00154657     0.00154657     0.00154657     0.00110418     0.000875008     0.0012588
782     0.000423623     0.00118206     0.00118206     0.00118206     0.000842491     0.000666205     0.00096137
786     0.000327966     0.000925076     0.000925076     0.000925076     0.000656968     0.000517418     0.000751015
790     0.000505615     0.00144018     0.00144018     0.00144018     0.00101969     0.000800339     0.00116743
794     0.00051928     0.00149341     0.00149341     0.00149341     0.0010561     0.000827616     0.00120992
798     0.000327966     0.000953635     0.000953635     0.000953635     0.000672262     0.000525059     0.000771352
802     0.000423623     0.00124689     0.00124689     0.00124689     0.000877118     0.00068337     0.00100749
806     0.000368962     0.00109794     0.00109794     0.00109794     0.000769651     0.000597275     0.000885579
810     0.000505615     0.00152313     0.00152313     0.00152313     0.00106551     0.000824663     0.00122739
814     0.000396292     0.00120616     0.00120616     0.00120616     0.000841495     0.000649147     0.000970709
818     0.000450953     0.00138799     0.00138799     0.00138799     0.000967348     0.000745021     0.0011166
822     0.000409958     0.0012752     0.0012752     0.0012752     0.000886128     0.000680474     0.00102423
826     0.000382627     0.00120336     0.00120336     0.00120336     0.000832947     0.000637239     0.000964421
830     0.000341631     0.00108489     0.00108489     0.00108489     0.000748154     0.000569889     0.000867864
834     0.00028697     0.000920562     0.000920562     0.000920562     0.000633392     0.000480596     0.000735832
838     0.000382627     0.00124282     0.00124282     0.00124282     0.00085361     0.000645073     0.000993074
842     0.00025964     0.000852663     0.000852663     0.000852663     0.000583373     0.000438787     0.000680016
846     0.000300636     0.0009965     0.0009965     0.0009965     0.000680427     0.000510943     0.000793781
850     0.00028697     0.000961698     0.000961698     0.000961698     0.000656045     0.000492346     0.000765612
854     0.000341631     0.00115646     0.00115646     0.00115646     0.000785018     0.000585686     0.000918371
858     0.000355297     0.00121629     0.00121629     0.00121629     0.000826118     0.000615771     0.000966631
862     0.000218644     0.000757545     0.000757545     0.000757545     0.000511171     0.000377742     0.000600171
866     0.000136653     0.000477633     0.000477633     0.000477633     0.00032254     0.000238314     0.00037867
870     0.000245975     0.000869366     0.000869366     0.000869366     0.000583827     0.000428336     0.000687373
874     0.00028697     0.00102449     0.00102449     0.00102449     0.000687041     0.000502801     0.000809651
878     0.000273305     0.00098544     0.00098544     0.00098544     0.000660663     0.000482924     0.000778852
882     0.000232309     0.00084653     0.00084653     0.00084653     0.000563974     0.000409181     0.000666885
886     0.000232309     0.000854915     0.000854915     0.000854915     0.000568748     0.000411879     0.000673036
890     0.000245975     0.000914407     0.000914407     0.000914407     0.000607044     0.000438144     0.000719245
894     0.00025964     0.000976245     0.000976245     0.000976245     0.000644105     0.000460562     0.000765804
898     0.000218644     0.000831287     0.000831287     0.000831287     0.000549465     0.00039279     0.000653147
902     0.000191314     0.000734214     0.000734214     0.000734214     0.000483351     0.000343567     0.000575789
906     0.000122987     0.000477121     0.000477121     0.000477121     0.000313746     0.000222719     0.000373953
910     0.000163983     0.000644386     0.000644386     0.000644386     0.000421946     0.000297996     0.000503953
914     0.000204979     0.000812668     0.000812668     0.000812668     0.000531015     0.00037366     0.000635028
918     0.000232309     0.000930992     0.000930992     0.000930992     0.000605158     0.000422364     0.000725828
922     0.000177648     0.000718168     0.000718168     0.000718168     0.00046644     0.000324711     0.000559878
926     0.000122987     0.000503105     0.000503105     0.000503105     0.000326476     0.000226712     0.000392193
930     0.000136653     0.000564196     0.000564196     0.000564196     0.00036425     0.000251047     0.000438758
934     0.000232309     0.000969054     0.000969054     0.000969054     0.000622837     0.000426315     0.00075207
938     0.000163983     0.000690918     0.000690918     0.000690918     0.000443507     0.000302774     0.000535995
942     0.000136653     0.000582685     0.000582685     0.000582685     0.000372962     0.000253478     0.000451464
946     0.000122987     0.000528692     0.000528692     0.000528692     0.000339204     0.000231128     0.000410191
950     0.000109322     0.000474769     0.000474769     0.000474769     0.000303027     0.00020486     0.000367454
954     0.000150318     0.000660545     0.000660545     0.000660545     0.00041963     0.000281309     0.000510276
958     6.83263e-05     0.000303627     0.000303627     0.000303627     0.000191818     0.000127335     0.000234018
962     0.000150318     0.000674016     0.000674016     0.000674016     0.000426003     0.000282288     0.000519884
966     5.4661e-05     0.000247301     0.000247301     0.000247301     0.000155908     0.0001028     0.000190574
970     0.000150318     0.000687901     0.000687901     0.000687901     0.00043298     0.000284274     0.000529909
974     9.56568e-05     0.000441886     0.000441886     0.000441886     0.000278125     0.000182336     0.0003405
978     0.000150318     0.000703072     0.000703072     0.000703072     0.000440378     0.00028617     0.000540679
982     0.000109322     0.000516932     0.000516932     0.000516932     0.000322672     0.000208333     0.000396986
986     4.09958e-05     0.00019529     0.00019529     0.00019529     0.00012178     7.84234e-05     0.000149938
990     0.000109322     0.000526124     0.000526124     0.000526124     0.000326541     0.000208594     0.000403106
994     0.000177648     0.000864293     0.000864293     0.000864293     0.000535649     0.000341008     0.000661916
998     0.000163983     0.000805845     0.000805845     0.000805845     0.00049712     0.000314011     0.000615834
1002     8.19915e-05     0.00040692     0.00040692     0.00040692     0.000417464     0.000422957     0.000413749
1006     9.56568e-05     0.000481461     0.000481461     0.000481461     0.000493937     0.000500436     0.000489541
1010     6.83263e-05     0.00034649     0.00034649     0.00034649     0.000355468     0.000360145     0.000352304
1014     0.000122987     0.000628818     0.000628818     0.000628818     0.000645112     0.0006536     0.00063937
1018     5.4661e-05     0.000282999     0.000282999     0.000282999     0.000290332     0.000294153     0.000287749
1022     5.4661e-05     0.000286543     0.000286543     0.000286543     0.000293967     0.000297835     0.000291351
1026     0.000122987     0.000650765     0.000650765     0.000650765     0.000667627     0.000676411     0.000661685
1030     5.4661e-05     0.000292147     0.000292147     0.000292147     0.000299717     0.000303661     0.00029705
1034     9.56568e-05     0.000517129     0.000517129     0.000517129     0.000530529     0.000537509     0.000525807
1038     6.83263e-05     0.000372669     0.000372669     0.000372669     0.000382326     0.000387356     0.000378923
1042     0.000109322     0.000603473     0.000603473     0.000603473     0.00061911     0.000627256     0.0006136
1046     5.4661e-05     0.000303715     0.000303715     0.000303715     0.000311585     0.000315685     0.000308812
1050     0     0     0     0     0     0     0
1054     0     0     0     0     0     0     0
1058     0     0     0     0     0     0     0
1062     0     0     0     0     0     0     0
1066     0     0     0     0     0     0     0
1070     0     0     0     0     0     0     0
1074     0     0     0     0     0     0     0
1078     0     0     0     0     0     0     0
1082     0     0     0     0     0     0     0
1086     0     0     0     0     0     0     0
1090     0     0     0     0     0     0     0
1094     0     0     0     0     0     0     0
1098     0     0     0     0     0     0     0
1102     0     0     0     0     0     0     0
1106     0     0     0     0     0     0     0
1110     0     0     0     0     0     0     0
1114     0     0     0     0     0     0     0
1118     0     0     0     0     0     0     0
1122     0     0     0     0     0     0     0
1126     0     0     0     0     0     0     0
1130     0     0     0     0     0     0     0
1134     0     0     0     0     0     0     0
1138     0     0     0     0     0     0     0
1142     0     0     0     0     0     0     0
1146     0     0     0     0     0     0     0
1150     0     0     0     0     0     0     0
1154     0     0     0     0     0     0     0
1158     0     0     0     0     0     0     0
1162     0     0     0     0     0     0     0
1166     0     0     0     0     0     0     0
1170     0     0     0     0     0     0     0
1174     0     0     0     0     0     0     0
1178     0     0     0     0     0     0     0
1182     0     0     0     0     0     0     0
1186     0     0     0     0     0     0     0
1190     0     0     0     0     0     0     0
1194     0     0     0     0     0     0     0
1198     0     0     0     0     0     0     0
1202     0     0     0     0     0     0     0
1206     0     0     0     0     0     0     0
1210     0     0     0     0     0     0     0
1214     0     0     0     0     0     0     0
1218     0     0     0     0     0     0     0
1222     0     0     0     0     0     0     0
1226     0     0     0     0     0     0     0
1230     0     0     0     0     0     0     0
1234     0     0     0     0     0     0     0
1238     0     0     0     0     0     0     0
1242     0     0     0     0     0     0     0
1246     0     0     0     0     0     0     0
1250     0     0     0     0     0     0     0
1254     0     0     0     0     0     0     0
1258     0     0     0     0     0     0     0
1262     0     0     0     0     0     0     0
1266     0     0     0     0     0     0     0
1270     0     0     0     0     0     0     0
1274     0     0     0     0     0     0     0
1278     0     0     0     0     0     0     0
1282     0     0     0     0     0     0     0
1286     0     0     0     0     0     0     0
1290     0     0     0     0     0     0     0
1294     0     0     0     0     0     0     0
1298     0     0     0     0     0     0     0
1302     0     0     0     0     0     0     0
1306     0     0     0     0     0     0     0
1310     0     0     0     0     0     0     0
1314     0     0     0     0     0     0     0
1318     0     0     0     0     0     0     0
1322     0     0     0     0     0     0     0
1326     0     0     0     0     0     0     0
1330     0     0     0     0     0     0     0
1334     0     0     0     0     0     0     0
1338     0     0     0     0     0     0     0
1342     0     0     0     0     0     0     0
1346     0     0     0     0     0     0     0
1350     0     0     0     0     0     0     0
1354     0     0     0     0     0     0     0
1358     0     0     0     0     0     0     0
1362     0     0     0     0     0     0     0
1366     0     0     0     0     0     0     0
1370     0     0     0     0     0     0     0
1374     0     0     0     0     0     0     0
1378     0     0     0     0     0     0     0
1382     0     0     0     0     0     0     0
1386     0     0     0     0     0     0     0
1390     0     0     0     0     0     0     0
1394     0     0     0     0     0     0     0
1398     0     0     0     0     0     0     0
1402     0     0     0     0     0     0     0
1406     0     0     0     0     0     0     0
1410     0     0     0     0     0     0     0
1414     0     0     0     0     0     0     0
1418     0     0     0     0     0     0     0
1422     0     0     0     0     0     0     0
1426     0     0     0     0     0     0     0
1430     0     0     0     0     0     0     0
1434     0     0     0     0     0     0     0
1438     0     0     0     0     0     0     0
1442     0     0     0     0     0     0     0
1446     0     0     0     0     0     0     0
1450     0     0     0     0     0     0     0
1454     0     0     0     0     0     0     0
1458     0     0     0     0     0     0     0
1462     0     0     0     0     0     0     0
1466     0     0     0     0     0     0     0
1470     0     0     0     0     0     0     0
1474     0     0     0     0     0     0     0
1478     0     0     0     0     0     0     0
1482     0     0     0     0     0     0     0
1486     0     0     0     0     0     0     0
1490     0     0     0     0     0     0     0
1494     0     0     0     0     0     0     0
1498     0     0     0     0     0     0     0
1502     0     0     0     0     0     0     0
1506     0     0     0     0     0     0     0
1510     0     0     0     0     0     0     0
1514     0     0     0     0     0     0     0
1518     0     0     0     0     0     0     0
1522     0     0     0     0     0     0     0
1526     0     0     0     0     0     0     0
1530     0     0     0     0     0     0     0
1534     0     0     0     0     0     0     0
1538     0     0     0     0     0     0     0
1542     0     0     0     0     0     0     0
1546     0     0     0     0     0     0     0
1550     0     0     0     0     0     0     0
1554     0     0     0     0     0     0     0
1558     0     0     0     0     0     0     0
1562     0     0     0     0     0     0     0
1566     0     0     0     0     0     0     0
1570     0     0     0     0     0     0     0
1574     0     0     0     0     0     0     0
1578     0     0     0     0     0     0     0
1582     0     0     0     0     0     0     0
1586     0     0     0     0     0     0     0
1590     0     0     0     0     0     0     0
1594     0     0     0     0     0     0     0
1598     0     0     0     0     0     0     0
1602     0     0     0     0     0     0     0
1606     0     0     0     0     0     0     0
1610     0     0     0     0     0     0     0
1614     0     0     0     0     0     0     0
1618     0     0     0     0     0     0     0
1622     0     0     0     0     0     0     0
1626     0     0     0     0     0     0     0
1630     0     0     0     0     0     0     0
1634     0     0     0     0     0     0     0
1638     0     0     0     0     0     0     0
1642     0     0     0     0     0     0     0
1646     0     0     0     0     0     0     0
1650     0     0     0     0     0     0     0
1654     0     0     0     0     0     0     0
1658     0     0     0     0     0     0     0
1662     0     0     0     0     0     0     0
1666     0     0     0     0     0     0     0
1670     0     0     0     0     0     0     0
1674     0     0     0     0     0     0     0
1678     0     0     0     0     0     0     0
1682     0     0     0     0     0     0     0
1686     0     0     0     0     0     0     0
1690     0     0     0     0     0     0     0
1694     0     0     0     0     0     0     0
1698     0     0     0     0     0     0     0
1702     0     0     0     0     0     0     0
1706     0     0     0     0     0     0     0
1710     0     0     0     0     0     0     0
1714     0     0     0     0     0     0     0
1718     0     0     0     0     0     0     0
1722     0     0     0     0     0     0     0
1726     0     0     0     0     0     0     0
1730     0     0     0     0     0     0     0
1734     0     0     0     0     0     0     0
1738     0     0     0     0     0     0     0
1742     0     0     0     0     0     0     0
1746     0     0     0     0     0     0     0
1750     0     0     0     0     0     0     0
1754     0     0     0     0     0     0     0
1758     0     0     0     0     0     0     0
1762     0     0     0     0     0     0     0
1766     0     0     0     0     0     0     0
1770     0     0     0     0     0     0     0
1774     0     0     0     0     0     0     0
1778     0     0     0     0     0     0     0
1782     0     0     0     0     0     0     0
1786     0     0     0     0     0     0     0
1790     0     0     0     0     0     0     0
1794     0     0     0     0     0     0     0
1798     0     0     0     0     0     0     0
1802     0     0     0     0     0     0     0
1806     0     0     0     0     0     0     0
1810     0     0     0     0     0     0     0
1814     0     0     0     0     0     0     0
1818     0     0     0     0     0     0     0
1822     0     0     0     0     0     0     0
1826     0     0     0     0     0     0     0
1830     0     0     0     0     0     0     0
1834     0     0     0     0     0     0     0
1838     0     0     0     0     0     0     0
1842     0     0     0     0     0     0     0
1846     0     0     0     0     0     0     0
1850     0     0     0     0     0     0     0
1854     0     0     0     0     0     0     0
1858     0     0     0     0     0     0     0
1862     0     0     0     0     0     0     0
1866     0     0     0     0     0     0     0
1870     0     0     0     0     0     0     0
1874     0     0     0     0     0     0     0
1878     0     0     0     0     0     0     0
1882     0     0     0     0     0     0     0
1886     0     0     0     0     0     0     0
1890     0     0     0     0     0     0     0
1894     0     0     0     0     0     0     0
1898     0     0     0     0     0     0     0
1902     0     0     0     0     0     0     0
1906     0     0     0     0     0     0     0
1910     0     0     0     0     0     0     0
1914     0     0     0     0     0     0     0
1918     0     0     0     0     0     0     0
1922     0     0     0     0     0     0     0
1926     0     0     0     0     0     0     0
1930     0     0     0     0     0     0     0
1934     0     0     0     0     0     0     0
1938     0     0     0     0     0     0     0
1942     0     0     0     0     0     0     0
1946     0     0     0     0     0     0     0
1950     0     0     0     0     0     0     0
1954     0     0     0     0     0     0     0
1958     0     0     0     0     0     0     0
1962     0     0     0     0     0     0     0
1966     0     0     0     0     0     0     0
1970     0     0     0     0     0     0     0
1974     0     0     0     0     0     0     0
1978     0     0     0     0     0     0     0
1982     0     0     0     0     0     0     0
1986     0     0     0     0     0     0     0
1990     0     0     0     0     0     0     0
1994     0     0     0     0     0     0     0
1998     0     0     0     0     0     0     0
2002     0     0     0     0     0     0     0
2006     0     0     0     0     0     0     0
2010     0     0     0     0     0     0     0
2014     0     0     0     0     0     0     0
2018     0     0     0     0     0     0     0
2022     0     0     0     0     0     0     0
2026     0     0     0     0     0     0     0
2030     0     0     0     0     0     0     0
2034     0     0     0     0     0     0     0
2038     0     0     0     0     0     0     0
2042     0     0     0     0     0     0     0
2046     0     0     0     0     0     0     0
2050     0     0     0     0     0     0     0
2054     0     0     0     0     0     0     0
2058     0     0     0     0     0     0     0
2062     0     0     0     0     0     0     0
2066     0     0     0     0     0     0     0
2070     0     0     0     0     0     0     0
2074     0     0     0     0     0     0     0
2078     0     0     0     0     0     0     0
2082     0     0     0     0     0     0     0
2086     0     0     0     0     0     0     0
2090     0     0     0     0     0     0     0
2094     0     0     0     0     0     0     0
2098     0     0     0     0     0     0     0
2102     0     0     0     0     0     0     0
2106     0     0     0     0     0     0     0
2110     0     0     0     0     0     0     0
2114     0     0     0     0     0     0     0
2118     0     0     0     0     0     0     0
2122     0     0     0     0     0     0     0
2126     0     0     0     0     0     0     0
2130     0     0     0     0     0     0     0
2134     0     0     0     0     0     0     0
2138     0     0     0     0     0     0     0
2142     0     0     0     0     0     0     0
2146     0     0     0     0     0     0     0
2150     0     0     0     0     0     0     0
2154     0     0     0     0     0     0     0
2158     0     0     0     0     0     0     0
2162     0     0     0     0     0     0     0
2166     0     0     0     0     0     0     0
2170     0     0     0     0     0     0     0
2174     0     0     0     0     0     0     0
2178     0     0     0     0     0     0     0
2182     0     0     0     0     0     0     0
2186     0     0     0     0     0     0     0
2190     0     0     0     0     0     0     0
2194     0     0     0     0     0     0     0
2198     0     0     0     0     0     0     0
2202     0     0     0     0     0     0     0
2206     0     0     0     0     0     0     0
2210     0     0     0     0     0     0     0
2214     0     0     0     0     0     0     0
2218     0     0     0     0     0     0     0
2222     0     0     0     0     0     0     0
2226     0     0     0     0     0     0     0
2230     0     0     0     0     0     0     0
2234     0     0     0     0     0     0     0
2238     0     0     0     0     0     0     0
2242     0     0     0     0     0     0     0
2246     0     0     0     0     0     0     0
2250     0     0     0     0     0     0     0
2254     0     0     0     0     0     0     0
2258     0     0     0     0     0     0     0
2262     0     0     0     0     0     0     0
2266     0     0     0     0     0     0     0
2270     0     0     0     0     0     0     0
2274     0     0     0     0     0     0     0
2278     0     0     0     0     0     0     0
2282     0     0     0     0     0     0     0
2286     0     0     0     0     0     0     0
2290     0     0     0     0     0     0     0
2294     0     0     0     0     0     0     0
2298     0     0     0     0     0     0     0
2302     0     0     0     0     0     0     0
2306     0     0     0     0     0     0     0
2310     0     0     0     0     0     0     0
2314     0     0     0     0     0     0     0
2318     0     0     0     0     0     0     0
2322     0     0     0     0     0     0     0
2326     0     0     0     0     0     0     0
2330     0     0     0     0     0     0     0
2334     0     0     0     0     0     0     0
2338     0     0     0     0     0     0     0
2342     0     0     0     0     0     0     0
2346     0     0     0     0     0     0     0
2350     0     0     0     0     0     0     0
2354     0     0     0     0     0     0     0
2358     0     0     0     0     0     0     0
2362     0     0     0     0     0     0     0
2366     0     0     0     0     0     0     0
2370     0     0     0     0     0     0     0
2374     0     0     0     0     0     0     0
2378     0     0     0     0     0     0     0
2382     0     0     0     0     0     0     0
2386     0     0     0     0     0     0     0
2390     0     0     0     0     0     0     0
2394     0     0     0     0     0     0     0
2398     0     0     0     0     0     0     0
2402     0     0     0     0     0     0     0
2406     0     0     0     0     0     0     0
2410     0     0     0     0     0     0     0
2414     0     0     0     0     0     0     0
2418     0     0     0     0     0     0     0
2422     0     0     0     0     0     0     0
2426     0     0     0     0     0     0     0
2430     0     0     0     0     0     0     0
2434     0     0     0     0     0     0     0
2438     0     0     0     0     0     0     0
2442     0     0     0     0     0     0     0
2446     0     0     0     0     0     0     0
2450     0     0     0     0     0     0     0
2454     0     0     0     0     0     0     0
2458     0     0     0     0     0     0     0
2462     0     0     0     0     0     0     0
2466     0     0     0     0     0     0     0
2470     0     0     0     0     0     0     0
2474     0     0     0     0     0     0     0
2478     0     0     0     0     0     0     0
2482     0     0     0     0     0     0     0
2486     0     0     0     0     0     0     0
2490     0     0     0     0     0     0     0
2494     0     0     0     0     0     0     0
2498     0     0     0     0     0     0     0
2502     0     0     0     0     0     0     0
2506     0     0     0     0     0     0     0
2510     0     0     0     0     0     0     0
2514     0     0     0     0     0     0     0
2518     0     0     0     0     0     0     0
2522     0     0     0     0     0     0     0
2526     0     0     0     0     0     0     0
2530     0     0     0     0     0     0     0
2534     0     0     0     0     0     0     0
2538     0     0     0     0     0     0     0
2542     0     0     0     0     0     0     0
2546     0     0     0     0     0     0     0
2550     0     0     0     0     0     0     0
2554     0     0     0     0     0     0     0
2558     0     0     0     0     0     0     0
2562     0     0     0     0     0     0     0
2566     0     0     0     0     0     0     0
2570     0     0     0     0     0     0     0
2574     0     0     0     0     0     0     0
2578     0     0     0     0     0     0     0
2582     0     0     0     0     0     0     0
2586     0     0     0     0     0     0     0
2590     0     0     0     0     0     0     0
2594     0     0     0     0     0     0     0
2598     0     0     0     0     0     0     0
2602     0     0     0     0     0     0     0
2606     0     0     0     0     0     0     0
2610     0     0     0     0     0     0     0
2614     0     0     0     0     0     0     0
2618     0     0     0     0     0     0     0
2622     0     0     0     0     0     0     0
2626     0     0     0     0     0     0     0
2630     0     0     0     0     0     0     0
2634     0     0     0     0     0     0     0
2638     0     0     0     0     0     0     0
2642     0     0     0     0     0     0     0
2646     0     0     0     0     0     0     0
2650     0     0     0     0     0     0     0
2654     0     0     0     0     0     0     0
2658     0     0     0     0     0     0     0
2662     0     0     0     0     0     0     0
2666     0     0     0     0     0     0     0
2670     0     0     0     0     0     0     0
2674     0     0     0     0     0     0     0
2678     0     0     0     0     0     0     0
2682     0     0     0     0     0     0     0
2686     0     0     0     0     0     0     0
2690     0     0     0     0     0     0     0
2694     0     0     0     0     0     0     0
2698     0     0     0     0     0     0     0
2702     0     0     0     0     0     0     0
2706     0     0     0     0     0     0     0
2710     0     0     0     0     0     0     0
2714     0     0     0     0     0     0     0
2718     0     0     0     0     0     0     0
2722     0     0     0     0     0     0     0
2726     0     0     0     0     0     0     0
2730     0     0     0     0     0     0     0
2734     0     0     0     0     0     0     0
2738     0     0     0     0     0     0     0
2742     0     0     0     0     0     0     0
2746     0     0     0     0     0     0     0
2750     0     0     0     0     0     0     0
2754     0     0     0     0     0     0     0
2758     0     0     0     0     0     0     0
2762     0     0     0     0     0     0     0
2766     0     0     0     0     0     0     0
2770     0     0     0     0     0     0     0
2774     0     0     0     0     0     0     0
2778     0     0     0     0     0     0     0
2782     0     0     0     0     0     0     0
2786     0     0     0     0     0     0     0
2790     0     0     0     0     0     0     0
2794     0     0     0     0     0     0     0
2798     0     0     0     0     0     0     0
2802     0     0     0     0     0     0     0
2806     0     0     0     0     0     0     0
2810     0     0     0     0     0     0     0
2814     0     0     0     0     0     0     0
2818     0     0     0     0     0     0     0
2822     0     0     0     0     0     0     0
2826     0     0     0     0     0     0     0
2830     0     0     0     0     0     0     0
2834     0     0     0     0     0     0     0
2838     0     0     0     0     0     0     0
2842     0     0     0     0     0     0     0
2846     0     0     0     0     0     0     0
2850     0     0     0     0     0     0     0
2854     0     0     0     0     0     0     0
2858     0     0     0     0     0     0     0
2862     0     0     0     0     0     0     0
2866     0     0     0     0     0     0     0
2870     0     0     0     0     0     0     0
2874     0     0     0     0     0     0     0
2878     0     0     0     0     0     0     0
2882     0     0     0     0     0     0     0
2886     0     0     0     0     0     0     0
2890     0     0     0     0     0     0     0
2894     0     0     0     0     0     0     0
2898     0     0     0     0     0     0     0
2902     0     0     0     0     0     0     0
2906     0     0     0     0     0     0     0
2910     0     0     0     0     0     0     0
2914     0     0     0     0     0     0     0
2918     0     0     0     0     0     0     0
2922     0     0     0     0     0     0     0
2926     0     0     0     0     0     0     0
2930     0     0     0     0     0     0     0
2934     0     0     0     0     0     0     0
2938     0     0     0     0     0     0     0
2942     0     0     0     0     0     0     0
2946     0     0     0     0     0     0     0
2950     0     0     0     0     0     0     0
2954     0     0     0     0     0     0     0
2958     0     0     0     0     0     0     0
2962     0     0     0     0     0     0     0
2966     0     0     0     0     0     0     0
2970     0     0     0     0     0     0     0
2974     0     0     0     0     0     0     0
2978     0     0     0     0     0     0     0
2982     0     0     0     0     0     0     0
2986     0     0     0     0     0     0     0
2990     0     0     0     0     0     0     0
2994     0     0     0     0     0     0     0
2998     0     0     0     0     0     0     0
3002     0     0     0     0     0     0     0
3006     0     0     0     0     0     0     0
3010     0     0     0     0     0     0     0
3014     0     0     0     0     0     0     0
3018     0     0     0     0     0     0     0
3022     0     0     0     0     0     0     0
3026     0     0     0     0     0     0     0
3030     0     0     0     0     0     0     0
3034     0     0     0     0     0     0     0
3038     0     0     0     0     0     0     0
3042     0     0     0     0     0     0     0
3046     0     0     0     0     0     0     0
3050     0     0     0     0     0     0     0
3054     0     0     0     0     0     0     0
3058     0     0     0     0     0     0     0
3062     0     0     0     0     0     0     0
3066     0     0     0     0     0     0     0
3070     0     0     0     0     0     0     0
3074     0     0     0     0     0     0     0
3078     0     0     0     0     0     0     0
3082     0     0     0     0     0     0     0
3086     0     0     0     0     0     0     0
3090     0     0     0     0     0     0     0
3094     0     0     0     0     0     0     0
3098     0     0     0     0     0     0     0
3102     0     0     0     0     0     0     0
3106     0     0     0     0     0     0     0
3110     0     0     0     0     0     0     0
3114     0     0     0     0     0     0     0
3118     0     0     0     0     0     0     0
3122     0     0     0     0     0     0     0
3126     0     0     0     0     0     0     0
3130     0     0     0     0     0     0     0
3134     0     0     0     0     0     0     0
3138     0     0     0     0     0     0     0
3142     0     0     0     0     0     0     0
3146     0     0     0     0     0     0     0
3150     0     0     0     0     0     0     0
3154     0     0     0     0     0     0     0
3158     0     0     0     0     0     0     0
3162     0     0     0     0     0     0     0
3166     0     0     0     0     0     0     0
3170     0     0     0     0     0     0     0
3174     0     0     0     0     0     0     0
3178     0     0     0     0     0     0     0
3182     0     0     0     0     0     0     0
3186     0     0     0     0     0     0     0
3190     0     0     0     0     0     0     0
3194     0     0     0     0     0     0     0
3198     0     0     0     0     0     0     0
3202     0     0     0     0     0     0     0
3206     0     0     0     0     0     0     0
3210     0     0     0     0     0     0     0
3214     0     0     0     0     0     0     0
3218     0     0     0     0     0     0     0
3222     0     0     0     0     0     0     0
3226     0     0     0     0     0     0     0
3230     0     0     0     0     0     0     0
3234     0     0     0     0     0     0     0
3238     0     0     0     0     0     0     0
3242     0     0     0     0     0     0     0
3246     0     0     0     0     0     0     0
3250     0     0     0     0     0     0     0
3254     0     0     0     0     0     0     0
3258     0     0     0     0     0     0     0
3262     0     0     0     0     0     0     0
3266     0     0     0     0     0     0     0
3270     0     0     0     0     0     0     0
3274     0     0     0     0     0     0     0
3278     0     0     0     0     0     0     0
3282     0     0     0     0     0     0     0
3286     0     0     0     0     0     0     0
3290     0     0     0     0     0     0     0
3294     0     0     0     0     0     0     0
3298     0     0     0     0     0     0     0
3302     0     0     0     0     0     0     0
3306     0     0     0     0     0     0     0
3310     0     0     0     0     0     0     0
3314     0     0     0     0     0     0     0
3318     0     0     0     0     0     0     0
3322     0     0     0     0     0     0     0
3326     0     0     0     0     0     0     0
3330     0     0     0     0     0     0     0
3334     0     0     0     0     0     0     0
3338     0     0     0     0     0     0     0
3342     0     0     0     0     0     0     0
3346     0     0     0     0     0     0     0
3350     0     0     0     0     0     0     0
3354     0     0     0     0     0     0     0
3358     0     0     0     0     0     0     0
3362     0     0     0     0     0     0     0
3366     0     0     0     0     0     0     0
3370     0     0     0     0     0     0     0
3374     0     0     0     0     0     0     0
3378     0     0     0     0     0     0     0
3382     0     0     0     0     0     0     0
3386     0     0     0     0     0     0     0
3390     0     0     0     0     0     0     0
3394     0     0     0     0     0     0     0
3398     0     0     0     0     0     0     0
3402     0     0     0     0     0     0     0
3406     0     0     0     0     0     0     0
3410     0     0     0     0     0     0     0
3414     0     0     0     0     0     0     0
3418     0     0     0     0     0     0     0
3422     0     0     0     0     0     0     0
3426     0     0     0     0     0     0     0
3430     0     0     0     0     0     0     0
3434     0     0     0     0     0     0     0
3438     0     0     0     0     0     0     0
3442     0     0     0     0     0     0     0
3446     0     0     0     0     0     0     0
3450     0     0     0     0     0     0     0
3454     0     0     0     0     0     0     0
3458     0     0     0     0     0     0     0
3462     0     0     0     0     0     0     0
3466     0     0     0     0     0     0     0
3470     0     0     0     0     0     0     0
3474     0     0     0     0     0     0     0
3478     0     0     0     0     0     0     0
3482     0     0     0     0     0     0     0
3486     0     0     0     0     0     0     0
3490     0     0     0     0     0     0     0
3494     0     0     0     0     0     0     0
3498     0     0     0     0     0     0     0
3502     0     0     0     0     0     0     0
3506     0     0     0     0     0     0     0
3510     0     0     0     0     0     0     0
3514     0     0     0     0     0     0     0
3518     0     0     0     0     0     0     0
3522     0     0     0     0     0     0     0
3526     0     0     0     0     0     0     0
3530     0     0     0     0     0     0     0
3534     0     0     0     0     0     0     0
3538     0     0     0     0     0     0     0
3542     0     0     0     0     0     0     0
3546     0     0     0     0     0     0     0
3550     0     0     0     0     0     0     0
3554     0     0     0     0     0     0     0
3558     0     0     0     0     0     0     0
3562     0     0     0     0     0     0     0
3566     0     0     0     0     0     0     0
3570     0     0     0     0     0     0     0
3574     0     0     0     0     0     0     0
3578     0     0     0     0     0     0     0
3582     0     0     0     0     0     0     0
3586     0     0     0     0     0     0     0
3590     0     0     0     0     0     0     0
3594     0     0     0     0     0     0     0
3598     0     0     0     0     0     0     0
3602     0     0     0     0     0     0     0
3606     0     0     0     0     0     0     0
3610     0     0     0     0     0     0     0
3614     0     0     0     0     0     0     0
3618     0     0     0     0     0     0     0
3622     0     0     0     0     0     0     0
3626     0     0     0     0     0     0     0
3630     0     0     0     0     0     0     0
3634     0     0     0     0     0     0     0
3638     0     0     0     0     0     0     0
3642     0     0     0     0     0     0     0
3646     0     0     0     0     0     0     0
3650     0     0     0     0     0     0     0
3654     0     0     0     0     0     0     0
3658     0     0     0     0     0     0     0
3662     0     0     0     0     0     0     0
3666     0     0     0     0     0     0     0
3670     0     0     0     0     0     0     0
3674     0     0     0     0     0     0     0
3678     0     0     0     0     0     0     0
3682     0     0     0     0     0     0     0
3686     0     0     0     0     0     0     0
3690     0     0     0     0     0     0     0
3694     0     0     0     0     0     0     0
3698     0     0     0     0     0     0     0
3702     0     0     0     0     0     0     0
3706     0     0     0     0     0     0     0
3710     0     0     0     0     0     0     0
3714     0     0     0     0     0     0     0
3718     0     0     0     0     0     0     0
3722     0     0     0     0     0     0     0
3726     0     0     0     0     0     0     0
3730     0     0     0     0     0     0     0
3734     0     0     0     0     0     0     0
3738     0     0     0     0     0     0     0
3742     0     0     0     0     0     0     0
3746     0     0     0     0     0     0     0
3750     0     0     0     0     0     0     0
3754     0     0     0     0     0     0     0
3758     0     0     0     0     0     0     0
3762     0     0     0     0     0     0     0
3766     0     0     0     0     0     0     0
3770     0     0     0     0     0     0     0
3774     0     0     0     0     0     0     0
3778     0     0     0     0     0     0     0
3782     0     0     0     0     0     0     0
3786     0     0     0     0     0     0     0
3790     0     0     0     0     0     0     0
3794     0     0     0     0     0     0     0
3798     0     0     0     0     0     0     0
3802     0     0     0     0     0     0     0
3806     0     0     0     0     0     0     0
3810     0     0     0     0     0     0     0
3814     0     0     0     0     0     0     0
3818     0     0     0     0     0     0     0
3822     0     0     0     0     0     0     0
3826     0     0     0     0     0     0     0
3830     0     0     0     0     0     0     0
3834     0     0     0     0     0     0     0
3838     0     0     0     0     0     0     0
3842     0     0     0     0     0     0     0
3846     0     0     0     0     0     0     0
3850     0     0     0     0     0     0     0
3854     0     0     0     0     0     0     0
3858     0     0     0     0     0     0     0
3862     0     0     0     0     0     0     0
3866     0     0     0     0     0     0     0
3870     0     0     0     0     0     0     0
3874     0     0     0     0     0     0     0
3878     0     0     0     0     0     0     0
3882     0     0     0     0     0     0     0
3886     0     0     0     0     0     0     0
3890     0     0     0     0     0     0     0
3894     0     0     0     0     0     0     0
3898     0     0     0     0     0     0     0
3902     0     0     0     0     0     0     0
3906     0     0     0     0     0     0     0
3910     0     0     0     0     0     0     0
3914     0     0     0     0     0     0     0
3918     0     0     0     0     0     0     0
3922     0     0     0     0     0     0     0
3926     0     0     0     0     0     0     0
3930     0     0     0     0     0     0     0
3934     0     0     0     0     0     0     0
3938     0     0     0     0     0     0     0
3942     0     0     0     0     0     0     0
3946     0     0     0     0     0     0     0
3950     0     0     0     0     0     0     0
3954     0     0     0     0     0     0     0
3958     0     0     0     0     0     0     0
3962     0     0     0     0     0     0     0
3966     0     0     0     0     0     0     0
3970     0     0     0     0     0     0     0
3974     0     0     0     0     0     0     0
3978     0     0     0     0     0     0     0
3982     0     0     0     0     0     0     0
3986     0     0     0     0     0     0     0
3990     0     0     0     0     0     0     0
3994     0     0     0     0     0     0     0
3998     0     0     0     0     0     0     0
