2     0     0     0     0     0     0     0
6     0     0     0     0     0     0     0
10     0     0     0     0     0     0     0
14     0     0     0     0     0     0     0
18     0     0     0     0     0     0     0
22     0     0     0     0     0     0     0
26     2.62594e-05     7.72309e-09     7.7224e-09     7.72348e-09     8.03365e-09     8.34798e-09     7.86605e-09
30     7.05722e-05     1.72833e-08     1.72818e-08     1.72842e-08     1.79783e-08     1.86817e-08     1.76033e-08
34     7.54959e-05     1.56406e-08     1.56392e-08     1.56414e-08     1.62696e-08     1.69061e-08     1.59301e-08
38     4.43128e-05     8.00215e-09     8.00144e-09     8.00255e-09     8.32394e-09     8.64962e-09     8.15028e-09
42     0.000113244     1.76106e-08     1.7609e-08     1.76115e-08     1.83187e-08     1.90355e-08     1.79366e-08
46     0.000118167     1.61524e-08     1.6151e-08     1.61532e-08     1.6802e-08     1.74594e-08     1.64514e-08
50     0.000129656     1.6092e-08     1.60906e-08     1.60928e-08     1.67391e-08     1.7394e-08     1.63899e-08
54     0.000137862     1.54173e-08     1.54159e-08     1.54181e-08     1.60373e-08     1.66647e-08     1.57027e-08
58     0.000157557     1.61123e-08     1.61109e-08     1.61131e-08     1.67602e-08     1.7416e-08     1.64106e-08
62     0.000160839     1.5279e-08     1.52776e-08     1.52798e-08     1.58934e-08     1.65152e-08     1.55618e-08
66     0.000152633     1.36437e-08     1.36425e-08     1.36444e-08     1.41923e-08     1.47476e-08     1.38963e-08
70     0.000178892     1.51939e-08     1.51926e-08     1.51947e-08     1.58049e-08     1.64233e-08     1.54752e-08
74     0.000208434     1.69719e-08     1.69704e-08     1.69727e-08     1.76544e-08     1.83451e-08     1.7286e-08
78     0.000211717     1.66594e-08     1.6658e-08     1.66603e-08     1.73294e-08     1.80074e-08     1.69678e-08
82     0.000192022     1.47622e-08     1.47609e-08     1.47629e-08     1.53558e-08     1.59566e-08     1.50355e-08
86     0.000219923     1.66571e-08     1.66556e-08     1.66579e-08     1.73269e-08     1.80049e-08     1.69655e-08
90     0.000252747     1.89845e-08     1.89828e-08     1.89855e-08     1.97479e-08     2.05206e-08     1.93359e-08
94     0.000267518     2.00605e-08     2.00587e-08     2.00615e-08     2.08672e-08     2.16837e-08     2.04319e-08
98     0.000306907     2.31024e-08     2.31003e-08     2.31035e-08     2.40314e-08     2.49716e-08     2.353e-08
102     0.0002429     1.8439e-08     1.84374e-08     1.84399e-08     1.91805e-08     1.99309e-08     1.87803e-08
106     0.000285571     2.1965e-08     2.19631e-08     2.19661e-08     2.28483e-08     2.37423e-08     2.23716e-08
110     0.000293778     2.31116e-08     2.31096e-08     2.31128e-08     2.4041e-08     2.49816e-08     2.35395e-08
114     0.000316755     2.57967e-08     2.57944e-08     2.5798e-08     2.6834e-08     2.78839e-08     2.62742e-08
118     0.000333167     2.85777e-08     2.85752e-08     2.85792e-08     2.97269e-08     3.089e-08     2.91067e-08
122     0.000328243     3.03116e-08     3.03089e-08     3.03131e-08     3.15305e-08     3.27642e-08     3.08727e-08
126     0.000339732     3.45564e-08     3.45533e-08     3.45581e-08     3.5946e-08     3.73524e-08     3.5196e-08
130     0.00039225     4.52358e-08     4.52318e-08     4.52381e-08     4.70548e-08     4.88959e-08     4.60731e-08
134     0.000354502     4.79306e-08     4.79263e-08     4.7933e-08     4.9858e-08     5.18088e-08     4.88178e-08
138     0.000407021     6.51467e-08     6.51409e-08     6.51499e-08     6.77664e-08     7.04178e-08     6.63526e-08
142     0.000344655     6.92607e-08     6.92546e-08     6.92642e-08     7.20459e-08     7.48648e-08     7.05428e-08
146     0.000410304     1.06427e-07     1.06417e-07     1.06432e-07     1.10707e-07     1.15038e-07     1.08397e-07
150     0.000451334     1.61783e-07     1.61768e-07     1.61791e-07     1.68288e-07     1.74873e-07     1.64777e-07
154     0.00043164     2.33701e-07     2.3368e-07     2.33713e-07     2.43099e-07     2.5261e-07     2.38027e-07
158     0.000387327     3.89167e-07     3.89132e-07     3.89186e-07     4.04816e-07     4.20655e-07     3.96371e-07
162     0.000479235     1.30564e-06     1.30552e-06     1.30571e-06     1.35814e-06     1.41128e-06     1.32981e-06
166     0.000402098     2.03826e-06     2.03807e-06     2.03836e-06     2.12022e-06     2.20317e-06     2.07599e-06
170     0.000487441     3.33489e-06     3.3346e-06     3.33506e-06     3.469e-06     3.60473e-06     3.39663e-06
174     0.000520265     4.36001e-06     4.35963e-06     4.36023e-06     4.53534e-06     4.71279e-06     4.44072e-06
178     0.000518624     5.10289e-06     5.10244e-06     5.10315e-06     5.30809e-06     5.51577e-06     5.19735e-06
182     0.000490723     5.84411e-06     5.84359e-06     5.8444e-06     6.07912e-06     6.31697e-06     5.95229e-06
186     0.000508777     7.27869e-06     7.27805e-06     7.27906e-06     7.57139e-06     7.86763e-06     7.41343e-06
190     0.000543242     9.07937e-06     9.07856e-06     9.07982e-06     9.44447e-06     9.814e-06     9.24744e-06
194     0.000553089     1.04426e-05     1.04417e-05     1.04431e-05     1.08625e-05     1.12875e-05     1.06359e-05
198     0.000554731     1.15752e-05     1.15742e-05     1.15758e-05     1.20407e-05     1.25118e-05     1.17895e-05
202     0.000595761     1.3586e-05     1.35848e-05     1.35867e-05     1.41324e-05     1.46853e-05     1.38375e-05
206     0.000548166     1.36001e-05     1.35989e-05     1.36008e-05     1.4147e-05     1.47006e-05     1.38518e-05
210     0.000554731     1.49123e-05     1.4911e-05     1.4913e-05     1.5531e-05     1.61469e-05     1.52015e-05
214     0.000623662     1.80275e-05     1.8026e-05     1.80284e-05     1.87969e-05     1.95515e-05     1.83921e-05
218     0.000654845     2.02837e-05     2.02819e-05     2.02846e-05     2.11547e-05     2.20064e-05     2.06976e-05
222     0.00066141     2.17956e-05     2.17937e-05     2.17966e-05     2.2736e-05     2.36534e-05     2.22434e-05
226     0.00066141     2.32301e-05     2.32281e-05     2.32312e-05     2.42362e-05     2.52157e-05     2.371e-05
230     0.000644998     2.40632e-05     2.40611e-05     2.40643e-05     2.5107e-05     2.61225e-05     2.45614e-05
234     0.000671257     2.65651e-05     2.65628e-05     2.65663e-05     2.77182e-05     2.88396e-05     2.71156e-05
238     0.000649921     2.72206e-05     2.72183e-05     2.72219e-05     2.84035e-05     2.95533e-05     2.77856e-05
242     0.000610532     2.698e-05     2.69777e-05     2.69813e-05     2.81611e-05     2.93048e-05     2.7546e-05
246     0.000682746     3.18426e-05     3.18399e-05     3.18441e-05     3.32418e-05     3.45943e-05     3.25142e-05
250     0.000674539     3.30724e-05     3.30696e-05     3.3074e-05     3.4531e-05     3.59383e-05     3.37736e-05
254     0.000717211     3.70071e-05     3.70039e-05     3.70088e-05     3.86435e-05     4.02201e-05     3.77947e-05
258     0.000682746     3.69348e-05     3.69317e-05     3.69365e-05     3.85684e-05     4.01419e-05     3.77212e-05
262     0.000692593     3.93266e-05     3.93233e-05     3.93285e-05     4.10876e-05     4.27731e-05     4.01789e-05
266     0.000799272     4.75251e-05     4.7521e-05     4.75272e-05     4.96544e-05     5.1692e-05     4.85558e-05
270     0.000776295     4.83331e-05     4.8329e-05     4.83353e-05     5.05091e-05     5.25864e-05     4.93885e-05
274     0.000786142     5.10834e-05     5.10791e-05     5.10857e-05     5.33966e-05     5.55986e-05     5.2208e-05
278     0.000786142     5.34158e-05     5.34113e-05     5.34183e-05     5.58497e-05     5.81595e-05     5.4602e-05
282     0.000791066     5.61021e-05     5.60973e-05     5.61046e-05     5.86511e-05     6.10737e-05     5.73429e-05
286     0.00082389     6.08136e-05     6.08085e-05     6.08164e-05     6.36078e-05     6.62483e-05     6.21801e-05
290     0.000807478     6.21185e-05     6.21133e-05     6.21213e-05     6.49986e-05     6.77082e-05     6.35323e-05
294     0.000874768     6.99445e-05     6.99387e-05     6.99477e-05     7.32053e-05     7.6265e-05     7.15485e-05
298     0.000896104     7.44222e-05     7.44159e-05     7.44255e-05     7.78986e-05     8.11578e-05     7.61333e-05
302     0.000818966     7.06343e-05     7.06284e-05     7.06374e-05     7.39689e-05     7.70792e-05     7.22823e-05
306     0.000859997     7.69527e-05     7.69464e-05     7.69561e-05     8.06188e-05     8.4023e-05     7.87711e-05
310     0.000948622     8.80888e-05     8.80815e-05     8.80926e-05     9.23291e-05     9.62464e-05     9.02005e-05
314     0.000917439     8.83174e-05     8.83101e-05     8.83213e-05     9.26107e-05     9.65577e-05     9.04635e-05
318     0.000924004     9.20934e-05     9.20858e-05     9.20973e-05     9.66035e-05     0.000100735     9.43542e-05
322     0.000884615     9.11107e-05     9.11033e-05     9.11146e-05     9.55802e-05     9.96707e-05     9.33526e-05
326     0.00094534     0.000100649     0.000100641     0.000100654     0.000105644     0.00011019     0.000103166
330     0.000897745     9.86489e-05     9.86409e-05     9.8653e-05     0.000103597     0.000108075     0.000101152
334     0.00100771     0.000114326     0.000114317     0.00011433     0.000120142     0.000125369     0.000117284
338     0.00102248     0.00011954     0.000119531     0.000119545     0.000125738     0.000131255     0.000122716
342     0.00102576     0.00012385     0.00012384     0.000123855     0.000130392     0.000136156     0.000127226
346     0.00105202     0.000131356     0.000131345     0.000131361     0.000138354     0.000144485     0.000134984
350     0.0010553     0.000136793     0.000136782     0.000136798     0.000144233     0.000150682     0.000140678
354     0.00111767     0.000151779     0.000151767     0.000151785     0.00016027     0.000167536     0.000156254
358     0.00102084     0.000145296     0.000145285     0.000145302     0.000153655     0.000160721     0.000149738
362     0.00111274     0.00016565     0.000165637     0.000165655     0.000175361     0.000183511     0.000170833
366     0.00108484     0.000168886     0.000168874     0.000168892     0.000178939     0.000187324     0.000174273
370     0.001139     0.000184949     0.000184936     0.000184956     0.000196233     0.000205551     0.000191035
374     0.00121122     0.00020506     0.000205045     0.000205067     0.000217896     0.000228385     0.000212028
378     0.00120465     0.000212787     0.000212771     0.000212793     0.000226371     0.000237392     0.000220194
382     0.00122927     0.000226203     0.000226187     0.00022621     0.000241054     0.000252981     0.000234351
386     0.00127194     0.000243005     0.000242988     0.000243012     0.000259337     0.000272341     0.000252011
390     0.00120465     0.00023865     0.000238634     0.000238657     0.000255069     0.000268034     0.000247749
394     0.00126702     0.000259861     0.000259844     0.000259869     0.000278148     0.000292474     0.000270042
398     0.00130641     0.000277018     0.000277     0.000277026     0.000296934     0.000312422     0.000288153
402     0.00132282     0.000289896     0.000289877     0.000289904     0.000311417     0.000327974     0.000302001
406     0.00126538     0.00028624     0.000286222     0.000286247     0.000308006     0.000324624     0.000298536
410     0.00140652     0.000328363     0.000328342     0.000328371     0.000353906     0.000373268     0.000342849
414     0.00139503     0.000335579     0.000335558     0.000335587     0.000362252     0.000382336     0.00035076
418     0.00145248     0.00035973     0.000359708     0.000359738     0.000388987     0.000410862     0.000376443
422     0.00148202     0.000377461     0.000377439     0.000377469     0.000409198     0.000432699     0.000395683
426     0.00141473     0.000369828     0.000369807     0.000369836     0.000401693     0.000425127     0.000388188
430     0.00153782     0.000412927     0.000412903     0.000412935     0.00044948     0.000476156     0.000434071
434     0.0015411     0.000424834     0.00042481     0.000424841     0.000463478     0.000491464     0.000447276
438     0.00162644     0.000459962     0.000459937     0.00045997     0.000502778     0.000533587     0.000484907
442     0.00167404     0.000485249     0.000485223     0.000485256     0.000531987     0.000565336     0.000512592
446     0.00159198     0.000472694     0.000472669     0.0004727     0.000519457     0.000552626     0.000500129
450     0.00169045     0.000513661     0.000513634     0.000513667     0.000565858     0.000602662     0.000544369
454     0.00175774     0.000546071     0.000546044     0.000546077     0.000602969     0.000642858     0.000579636
458     0.00169373     0.000538083     0.000538057     0.000538088     0.000595665     0.000635772     0.000572157
462     0.00176267     0.000572027     0.000572     0.000572031     0.00063525     0.000678915     0.000609588
466     0.00186114     0.000617255     0.000617227     0.000617258     0.000687449     0.000735557     0.000659107
470     0.00187755     0.000635907     0.000635879     0.000635909     0.00071031     0.000760933     0.000680418
474     0.00186442     0.000644437     0.000644409     0.000644438     0.000721898     0.000774265     0.000690913
478     0.00201377     0.000710115     0.000710087     0.000710116     0.000797618     0.000856459     0.000762738
482     0.00200721     0.000722065     0.000722038     0.000722064     0.000814362     0.000876014     0.000777731
486     0.00198587     0.000728619     0.000728593     0.000728616     0.000824629     0.000888432     0.000786654
490     0.00202526     0.000757222     0.000757196     0.000757217     0.000859966     0.000927888     0.000819466
494     0.00219266     0.000834938     0.000834912     0.000834931     0.000951218     0.00102772     0.000905525
498     0.00230427     0.00089384     0.000893814     0.000893831     0.00102119     0.00110462     0.000971287
502     0.00226652     0.000895207     0.000895184     0.000895194     0.00102831     0.00111483     0.000976419
506     0.00239453     0.000962929     0.000962907     0.000962913     0.00110998     0.00120519     0.00105279
510     0.00248972     0.00101969     0.00101967     0.00101967     0.00117962     0.00128282     0.00111755
514     0.00241587     0.00100705     0.00100703     0.00100702     0.00116914     0.00127342     0.00110634
518     0.00250121     0.00106103     0.00106101     0.001061     0.00123673     0.00134938     0.00116879
522     0.00273919     0.00118255     0.00118254     0.00118252     0.00138541     0.00151495     0.00130717
526     0.00279663     0.00122802     0.00122801     0.00122798     0.00144285     0.00157968     0.00136011
530     0.00278514     0.00124325     0.00124324     0.0012432     0.00146658     0.00160828     0.00138079
534     0.00284423     0.00129089     0.00129089     0.00129084     0.00152921     0.00167976     0.00143791
538     0.00300999     0.00138848     0.00138849     0.00138842     0.00164984     0.00181444     0.00154991
542     0.00315442     0.00147975     0.00147977     0.00147968     0.00176711     0.00194724     0.00165755
546     0.00319052     0.00152124     0.00152127     0.00152115     0.00182437     0.00201374     0.00170904
550     0.0032693     0.00158599     0.00158603     0.00158589     0.00190877     0.00210995     0.00178613
554     0.00326438     0.00161157     0.00161162     0.00161146     0.00194578     0.00215374     0.0018189
558     0.00352205     0.001768     0.00176806     0.00176786     0.00214156     0.00237372     0.00199984
562     0.00349086     0.00178048     0.00178057     0.00178034     0.0021664     0.00240591     0.00202009
566     0.00373212     0.00193259     0.0019327     0.00193241     0.00236018     0.00262519     0.00219815
570     0.00368453     0.0019383     0.00193842     0.00193811     0.0023732     0.00264258     0.00220843
574     0.00406201     0.0021746     0.00217476     0.00217437     0.00266894     0.00297491     0.00248169
578     0.00408334     0.00222649     0.00222667     0.00222624     0.00274102     0.00305905     0.00254626
582     0.00409319     0.00227221     0.00227243     0.00227192     0.00280736     0.00313774     0.00260489
586     0.00432296     0.0024422     0.00244246     0.00244186     0.00302114     0.00337869     0.00280197
590     0.00450021     0.00259225     0.00259256     0.00259187     0.00321253     0.00359566     0.00297761
594     0.00478907     0.00281889     0.00281926     0.00281844     0.00349891     0.00391911     0.00324122
598     0.00487605     0.00293512     0.00293554     0.00293462     0.00364604     0.0040858     0.00337638
602     0.00495647     0.00304685     0.00304735     0.00304627     0.00378424     0.00424157     0.00350398
606     0.00516326     0.00323616     0.00323674     0.0032355     0.00402163     0.00450948     0.00372269
610     0.00520922     0.00333288     0.00333354     0.00333216     0.0041394     0.00464131     0.00383195
614     0.00550135     0.00360127     0.00360204     0.00360044     0.00446839     0.00500903     0.00413733
618     0.00573112     0.00384751     0.0038484     0.00384656     0.00477011     0.00534622     0.00441741
622     0.00578036     0.00398241     0.00398344     0.00398133     0.00492414     0.00551411     0.00456322
626     0.00593135     0.00419608     0.00419726     0.00419487     0.00517569     0.00579119     0.00479939
630     0.0061644     0.00448014     0.00448149     0.00447878     0.00550965     0.00615873     0.00511315
634     0.00644177     0.00481454     0.0048161     0.00481299     0.0059005     0.00658787     0.00548104
638     0.00633181     0.00487375     0.00487544     0.0048721     0.00595156     0.00663652     0.00553396
642     0.0065583     0.0052109     0.00521288     0.005209     0.00632463     0.00703736     0.00589092
646     0.00654188     0.00537973     0.0053819     0.00537767     0.00649627     0.00721487     0.00605964
650     0.00685536     0.0058402     0.00584268     0.00583788     0.00701659     0.00777792     0.00655467
654     0.00690295     0.00610037     0.00610309     0.00609785     0.00728709     0.00805992     0.00681901
658     0.00694398     0.00636889     0.00637186     0.00636618     0.0075595     0.00834023     0.00708755
662     0.00689967     0.00657363     0.0065769     0.00657069     0.00773237     0.00850076     0.00726935
666     0.00714749     0.00707805     0.00708168     0.00707483     0.00826611     0.00906171     0.00778806
670     0.00697845     0.00718877     0.00719254     0.00718545     0.0083324     0.00910644     0.00786871
674     0.00698665     0.00748632     0.0074903     0.00748283     0.00861132     0.00938141     0.00815148
678     0.00700471     0.00781076     0.00781496     0.00780712     0.00890971     0.00967203     0.00845629
682     0.00690459     0.00800577     0.00801014     0.00800201     0.00903554     0.00976353     0.00860492
686     0.0066699     0.00803659     0.00804093     0.00803287     0.00899183     0.00967901     0.00858736
690     0.00679627     0.00850776     0.00851227     0.00850391     0.00943592     0.0101173     0.00903721
694     0.00642536     0.00835937     0.00836368     0.00835569     0.00918775     0.00981082     0.00882571
698     0.00623662     0.00842149     0.00842569     0.00841791     0.00917422     0.00975627     0.00883865
702     0.00623662     0.0087243     0.00871955     0.00872966     0.00938795     0.00963838     0.00935262
706     0.00599208     0.00866106     0.00865653     0.00866614     0.00923281     0.00950946     0.00915619
710     0.00576067     0.00859109     0.0085868     0.00859588     0.00907268     0.00937473     0.00895571
714     0.00558177     0.00857753     0.00857344     0.00858204     0.00897418     0.00929592     0.00882363
718     0.00533231     0.0084276     0.00842379     0.00843176     0.00873515     0.00905696     0.0085674
722     0.00540452     0.00874955     0.00874586     0.00875351     0.00895549     0.00922501     0.0088221
726     0.00505494     0.00835641     0.0083531     0.00835991     0.00847306     0.00868458     0.00837455
730     0.00478907     0.0080623     0.0080593     0.00806542     0.00809975     0.00826061     0.00803187
734     0.00447724     0.00766388     0.00766121     0.00766661     0.00763023     0.00774322     0.00759082
738     0.00427865     0.00744276     0.00744035     0.00744519     0.00733836     0.00740664     0.00732614
742     0.00399144     0.00704726     0.00704516     0.00704931     0.00686442     0.00688011     0.00688357
746     0.00401441     0.00718353     0.00718154     0.00718544     0.00693506     0.0069145     0.00697746
750     0.00366483     0.00663223     0.00663051     0.00663384     0.0063469     0.00629492     0.00640669
754     0.00345148     0.00630082     0.0062993     0.00630222     0.00597728     0.0058969     0.00605348
758     0.00333003     0.00612091     0.00611953     0.00612215     0.00575687     0.00564942     0.00584929
762     0.00317739     0.00587621     0.005875     0.00587727     0.00546373     0.0053231     0.00557592
766     0.00315606     0.00587304     0.0058719     0.00587401     0.00541577     0.00524803     0.00554482
770     0.00297224     0.00556543     0.00556442     0.00556628     0.00509147     0.00490791     0.00522909
774     0.00276052     0.00520178     0.00520088     0.0052025     0.00471954     0.00452412     0.00486299
778     0.00260297     0.00493214     0.00493134     0.00493277     0.00443881     0.0042315     0.0045885
782     0.00250614     0.00476869     0.00476797     0.00476924     0.00424546     0.00401646     0.00440785
786     0.0023174     0.00442245     0.00442182     0.00442293     0.00390891     0.00367874     0.00407047
790     0.00230591     0.00441214     0.00441154     0.00441259     0.00387098     0.00362326     0.00404333
794     0.0020827     0.00399737     0.00399684     0.00399774     0.00348094     0.00324013     0.0036472
798     0.00205808     0.00396456     0.00396406     0.00396491     0.00342645     0.00317143     0.00360136
802     0.00191366     0.00370095     0.00370051     0.00370126     0.00317063     0.00291483     0.00334484
806     0.00181518     0.00352562     0.00352521     0.0035259     0.00299933     0.00274213     0.00317357
810     0.00174461     0.00340266     0.00340227     0.00340291     0.00287459     0.00261332     0.00305072
814     0.00162316     0.0031785     0.00317816     0.00317873     0.00266677     0.00241067     0.00283865
818     0.00154438     0.00303565     0.00303532     0.00303585     0.00253005     0.00227438     0.00270092
822     0.00150171     0.00296205     0.00296175     0.00296225     0.00244698     0.00218391     0.00262214
826     0.00134908     0.00267019     0.00266992     0.00267036     0.0021923     0.00194665     0.00235547
830     0.00141637     0.00281389     0.00281361     0.00281406     0.00229651     0.00202832     0.00247411
834     0.00132774     0.00264946     0.0026492     0.00264962     0.00214895     0.00188661     0.00232194
838     0.00125389     0.00251403     0.00251379     0.00251418     0.00202742     0.0017693     0.00219682
842     0.00115377     0.00232369     0.00232347     0.00232382     0.00185833     0.00160907     0.00202132
846     0.00111439     0.00225389     0.00225368     0.00225401     0.00179309     0.00154567     0.00195476
850     0.00107828     0.00219097     0.00219077     0.00219109     0.00173242     0.00148511     0.00189378
854     0.00103561     0.00211534     0.00211514     0.00211545     0.00166283     0.00141719     0.00182272
858     0.00101263     0.0020795     0.00207931     0.00207961     0.00162713     0.00137966     0.00178774
862     0.00095847     0.0019787     0.00197852     0.0019788     0.00153593     0.00129108     0.00169421
866     0.000869844     0.0018055     0.00180534     0.00180559     0.00139442     0.00116574     0.00154193
870     0.000853432     0.00178023     0.00178007     0.00178031     0.00136882     0.00113869     0.00151695
874     0.000725417     0.00152075     0.00152061     0.00152082     0.00116411     0.000963607     0.00129294
878     0.00081076     0.00170808     0.00170793     0.00170817     0.00130005     0.00106947     0.00144795
882     0.000768089     0.00162719     0.00162705     0.00162728     0.00123122     0.00100627     0.00137522
886     0.000738547     0.00157367     0.00157353     0.00157375     0.00118461     0.000962637     0.00132648
890     0.000677822     0.00145305     0.00145292     0.00145313     0.00108882     0.000879842     0.00122211
894     0.000672898     0.00145223     0.0014521     0.00145231     0.0010834     0.000870228     0.001219
898     0.00066141     0.00143685     0.00143672     0.00143693     0.00106834     0.000853805     0.00120444
902     0.000625303     0.00136712     0.00136699     0.00136719     0.00100923     0.000799517     0.00114196
906     0.000541601     0.00119169     0.00119158     0.00119176     0.000876436     0.000691366     0.000993495
910     0.00060725     0.00134491     0.00134478     0.00134498     0.000983989     0.000771424     0.00111829
914     0.000510418     0.00113834     0.00113823     0.0011384     0.000828982     0.000646012     0.000944413
918     0.000461181     0.00103574     0.00103565     0.0010358     0.000751866     0.000583043     0.000858168
922     0.0004858     0.00109852     0.00109842     0.00109858     0.000793258     0.000610295     0.000908112
926     0.000444769     0.00101251     0.00101242     0.00101256     0.000727884     0.000556457     0.000835307
930     0.000439846     0.00100824     0.00100815     0.00100829     0.000721614     0.000548171     0.000830112
934     0.000429998     0.000992774     0.000992683     0.000992826     0.000707721     0.00053454     0.0008159
938     0.000416869     0.000969505     0.000969416     0.000969556     0.000688304     0.000516807     0.000795295
942     0.000413586     0.000968753     0.000968664     0.000968804     0.000684127     0.000509813     0.000792719
946     0.00036435     0.000859581     0.000859502     0.000859626     0.000605021     0.000448638     0.000702332
950     0.000403739     0.000959306     0.000959218     0.000959357     0.000672499     0.000495545     0.000782438
954     0.000361067     0.000864076     0.000863996     0.000864121     0.000603501     0.000441922     0.000703697
958     0.000403739     0.000973568     0.000973479     0.00097362     0.000677952     0.000493553     0.000792029
962     0.000347938     0.000845617     0.00084554     0.000845662     0.000585574     0.000422071     0.000686409
966     0.000343014     0.00084023     0.000840153     0.000840274     0.000580229     0.000416023     0.000681346
970     0.000346296     0.000855028     0.000854949     0.000855073     0.000588225     0.000418868     0.000692314
974     0.00029706     0.000739007     0.00073894     0.000739046     0.000506465     0.000358169     0.000597442
978     0.000305266     0.00076512     0.00076505     0.000765161     0.000522418     0.000366981     0.000617622
982     0.000264236     0.000667301     0.00066724     0.000667337     0.000453485     0.00031586     0.000537633
986     0.000282289     0.000718835     0.000718769     0.000718873     0.000487321     0.000337763     0.000578635
990     0.000251106     0.000644546     0.000644487     0.00064458     0.000435421     0.00029986     0.00051809
994     0.000264236     0.000683784     0.000683722     0.000683821     0.000460228     0.00031482     0.000548796
998     0.000265877     0.000693621     0.000693558     0.000693658     0.000465136     0.00031595     0.000555867
1002     0.000247823     0.00065207     0.00065201     0.000652104     0.000435729     0.000293766     0.000521908
1006     0.000196946     0.000522567     0.000522519     0.000522595     0.000348178     0.00023327     0.000417817
1010     0.00022977     0.00061477     0.000614714     0.000614803     0.000408312     0.000271791     0.000490943
1014     0.000223205     0.000602451     0.000602396     0.000602483     0.000398756     0.00026349     0.0004805
1018     0.000214999     0.000585392     0.000585338     0.000585422     0.000386793     0.000254399     0.000466677
1022     0.000201869     0.00055448     0.00055443     0.000554509     0.000364852     0.000237748     0.000441386
1026     0.000211717     0.000586548     0.000586495     0.000586579     0.000383857     0.000247402     0.000465886
1030     0.000182175     0.000509123     0.000509076     0.00050915     0.00033251     0.000213128     0.00040416
1034     0.000196946     0.000555481     0.00055543     0.00055551     0.000362226     0.000231053     0.000440822
1038     0.000154274     0.000438827     0.000438787     0.00043885     0.000284929     0.000180005     0.000347687
1042     0.000190381     0.000546673     0.000546624     0.000546702     0.00035304     0.000220244     0.000432285
1046     0.000147709     0.000427644     0.000427605     0.000427666     0.000275653     0.000170961     0.000338023
1050     0.000170686     0.00049885     0.000498804     0.000498876     0.000321092     0.000198136     0.000394221
1054     0.000149351     0.000440573     0.000440533     0.000440596     0.000283035     0.000173588     0.000348016
1058     0.000154274     0.000459127     0.000459085     0.000459151     0.000294099     0.000178956     0.000362345
1062     0.000154274     0.000463205     0.000463163     0.000463229     0.000294783     0.000176544     0.000364696
1066     0.000177251     0.000537351     0.000537302     0.000537379     0.000341693     0.000203707     0.000423133
1070     0.00013458     0.00041138     0.000411342     0.000411401     0.000261012     0.000154597     0.000323729
1074     0.000131297     0.000405104     0.000405068     0.000405126     0.000255955     0.000149862     0.000318353
1078     0.00012145     0.000378261     0.000378227     0.000378281     0.00023838     0.000138379     0.000297073
1082     0.000124732     0.000392148     0.000392112     0.000392168     0.000246144     0.000141124     0.000307631
1086     0.000129656     0.000411393     0.000411356     0.000411414     0.000257489     0.000146258     0.000322488
1090     0.000109961     0.000351924     0.000351892     0.000351942     0.000219596     0.00012354     0.000275629
1094     0.000111603     0.000360956     0.000360923     0.000360975     0.000224538     0.000124959     0.00028249
1098     0.000114885     0.000374732     0.000374698     0.000374751     0.000232839     0.00012885     0.000293251
1102     0.000116526     0.000383257     0.000383222     0.000383277     0.000237457     0.000129933     0.000299759
1106     9.68317e-05     0.00032176     0.000321731     0.000321777     0.000198708     0.000107516     0.000251447
1110     0.000100114     0.000335634     0.000335603     0.000335651     0.000206548     0.000110471     0.000262015
1114     0.000111603     0.000377435     0.000377401     0.000377454     0.000231425     0.00012222     0.000294341
1118     9.68317e-05     0.000330577     0.000330548     0.000330595     0.000202242     0.000105786     0.000257694
1122     0.000101755     0.000350822     0.00035079     0.00035084     0.000214386     0.000111215     0.000273551
1126     0.000114885     0.000399638     0.000399602     0.000399658     0.000243364     0.000124581     0.000311331
1130     9.51905e-05     0.000333998     0.000333967     0.000334015     0.000202487     0.000102041     0.000259849
1134     8.53432e-05     0.000302306     0.000302279     0.000302322     0.000182774     9.10518e-05     0.000235054
1138     8.20608e-05     0.000293163     0.000293137     0.000293178     0.000177325     8.80427e-05     0.000228116
1142     8.04195e-05     0.000289888     0.000289862     0.000289903     0.000175019     8.59276e-05     0.000225566
1146     7.87783e-05     0.000286528     0.000286502     0.000286543     0.000172592     8.38004e-05     0.000222862
1150     7.71371e-05     0.000283257     0.000283232     0.000283272     0.000170179     8.16128e-05     0.000220212
1154     5.58013e-05     0.000206678     0.00020666     0.000206689     0.000123908     5.88178e-05     0.000160615
1158     7.05722e-05     0.000263944     0.00026392     0.000263958     0.000157822     7.392e-05     0.000205032
1162     8.3702e-05     0.000315853     0.000315825     0.00031587     0.000188025     8.63092e-05     0.0002451
1166     7.22135e-05     0.000274677     0.000274652     0.000274691     0.000163273     7.42214e-05     0.000213144
1170     7.38547e-05     0.000283585     0.000283559     0.0002836     0.000168241     7.55793e-05     0.000220021
1174     6.56486e-05     0.000254397     0.000254374     0.00025441     0.000150614     6.68613e-05     0.000197324
1178     7.54959e-05     0.000295266     0.00029524     0.000295282     0.000174375     7.63365e-05     0.000228936
1182     7.54959e-05     0.000297684     0.000297657     0.000297699     0.0001754     7.56069e-05     0.000230785
1186     7.05722e-05     0.000280875     0.00028085     0.00028089     0.000164524     6.90176e-05     0.00021739
1190     4.75952e-05     0.000190773     0.000190756     0.000190783     0.000111669     4.65917e-05     0.000147656
1194     7.71371e-05     0.000312479     0.000312451     0.000312495     0.00018275     7.53425e-05     0.000241982
1198     5.90837e-05     0.000241268     0.000241247     0.000241281     0.000140688     5.70326e-05     0.000186729
1202     4.75952e-05     0.000196117     0.000196099     0.000196127     0.000114074     4.54052e-05     0.000151759
1206     3.44655e-05     0.000143156     0.000143144     0.000143164     8.31681e-05     3.27483e-05     0.000110788
1210     3.28243e-05     0.000137587     0.000137575     0.000137594     7.98239e-05     3.10357e-05     0.000106491
1214     5.41601e-05     0.000229121     0.000229101     0.000229133     0.000132533     5.04843e-05     0.000177264
1218     5.08777e-05     0.000216964     0.000216944     0.000216975     0.000125049     4.66616e-05     0.00016771
1222     5.41601e-05     0.000232932     0.000232911     0.000232944     0.000134378     4.98021e-05     0.000180273
1226     4.5954e-05     0.000199328     0.00019931     0.000199339     0.000114683     4.17205e-05     0.000154199
1230     4.26716e-05     0.000186648     0.000186631     0.000186657     0.000107082     3.81742e-05     0.000144323
1234     4.10304e-05     0.000181094     0.000181078     0.000181104     0.000103629     3.62431e-05     0.000139973
1238     4.43128e-05     0.000197222     0.000197205     0.000197232     0.000112558     3.85193e-05     0.000152393
1242     4.5954e-05     0.000206299     0.000206281     0.00020631     0.000117533     3.94345e-05     0.00015944
1246     6.0725e-05     0.00027471     0.000274685     0.000274724     0.000156404     5.18675e-05     0.000212384
1250     3.61067e-05     0.000164722     0.000164708     0.000164731     9.36057e-05     3.04945e-05     0.000127335
1254     2.95419e-05     0.000135943     0.00013593     0.00013595     7.70163e-05     2.44443e-05     0.000105046
1258     2.95419e-05     0.000136984     0.000136971     0.000136991     7.75284e-05     2.42262e-05     0.000105882
1262     4.26716e-05     0.000199752     0.000199735     0.000199763     0.000112515     3.38103e-05     0.000154258
1266     4.26716e-05     0.000201439     0.000201421     0.000201449     0.000113322     3.34155e-05     0.000155607
1270     2.46182e-05     0.000117003     0.000116992     0.000117009     6.57042e-05     1.9023e-05     9.03667e-05
1274     4.26716e-05     0.000204643     0.000204625     0.000204654     0.000114635     3.22778e-05     0.000158034
1278     2.2977e-05     0.000111142     0.000111132     0.000111148     6.22335e-05     1.72758e-05     8.58732e-05
1282     3.28243e-05     0.000159905     0.00015989     0.000159913     8.94428e-05     2.42642e-05     0.000123612
1286     3.28243e-05     0.000161222     0.000161207     0.00016123     8.98755e-05     2.35471e-05     0.000124567
1290     3.11831e-05     0.000154609     0.000154596     0.000154617     8.60799e-05     2.19835e-05     0.000119512
1294     2.46182e-05     0.000122974     0.000122963     0.000122981     6.83218e-05     1.69852e-05     9.5044e-05
1298     2.95419e-05     0.000148539     0.000148525     0.000148546     8.23359e-05     1.99383e-05     0.000114763
1302     3.77479e-05     0.000191533     0.000191516     0.000191542     0.000105951     2.47778e-05     0.000148007
1306     3.44655e-05     0.00017604     0.000176024     0.000176049     9.73747e-05     2.24861e-05     0.000136106
1310     3.28243e-05     0.000169336     0.000169321     0.000169344     9.33986e-05     2.05903e-05     0.000130927
1314     2.95419e-05     0.000153356     0.000153342     0.000153364     8.43443e-05     1.79101e-05     0.000118522
1318     2.79007e-05     0.000146061     0.000146048     0.000146068     8.00683e-05     1.62706e-05     0.000112821
1322     3.28243e-05     0.000173106     0.00017309     0.000173115     9.49363e-05     1.88884e-05     0.00013386
1326     2.46182e-05     0.000130923     0.000130911     0.000130929     7.17146e-05     1.38195e-05     0.000101274
1330     2.46182e-05     0.000131855     0.000131843     0.000131862     7.20192e-05     1.32367e-05     0.000101964
1334     1.96946e-05     0.000106255     0.000106245     0.00010626     5.79089e-05     1.02492e-05     8.2147e-05
1338     2.2977e-05     0.000124983     0.000124972     0.000124989     6.81443e-05     1.17814e-05     9.67253e-05
1342     2.79007e-05     0.0001529     0.000152887     0.000152908     8.30875e-05     1.34216e-05     0.000118309
1346     1.47709e-05     8.16864e-05     8.16791e-05     8.16905e-05     4.43716e-05     6.92331e-06     6.32517e-05
1350     2.62594e-05     0.000146164     0.000146151     0.000146172     7.9265e-05     1.18085e-05     0.000113195
1354     2.46182e-05     0.000138115     0.000138102     0.000138122     7.47767e-05     1.06207e-05     0.000106973
1358     2.13358e-05     0.000120459     0.000120449     0.000120466     6.51284e-05     8.84442e-06     9.33147e-05
1362     2.62594e-05     0.000149381     0.000149367     0.000149388     8.0513e-05     1.00115e-05     0.00011571
1366     3.11831e-05     0.000178615     0.000178599     0.000178624     9.63525e-05     1.1766e-05     0.000138487
1370     2.46182e-05     0.000142161     0.000142148     0.000142168     7.66824e-05     8.93126e-06     0.000110327
1374     2.2977e-05     0.000133613     0.000133601     0.000133619     7.19909e-05     8.03752e-06     0.000103702
1378     1.64122e-05     9.60264e-05     9.60178e-05     9.60313e-05     5.14663e-05     4.96492e-06     7.44602e-05
1382     3.11831e-05     0.000184069     0.000184053     0.000184079     9.84747e-05     8.57636e-06     0.000142784
1386     2.95419e-05     0.00017563     0.000175614     0.000175639     9.40825e-05     8.03764e-06     0.000136395
1390     2.95419e-05     0.00017673     0.000176715     0.000176739     9.45267e-05     7.44848e-06     0.000137262
1394     1.96946e-05     0.000118636     0.000118625     0.000118642     6.32044e-05     4.20516e-06     9.20896e-05
1398     2.2977e-05     0.000139503     0.000139491     0.000139511     7.44305e-05     4.76204e-06     0.000108439
1402     9.84729e-06     6.02769e-05     6.02715e-05     6.02799e-05     3.20477e-05     1.63142e-06     4.68477e-05
1406     8.20608e-06     5.05202e-05     5.05156e-05     5.05227e-05     2.68755e-05     1.29861e-06     3.92953e-05
1410     2.13358e-05     0.000132354     0.000132342     0.00013236     7.0356e-05     2.91816e-06     0.00010301
1414     2.2977e-05     0.00014358     0.000143567     0.000143587     7.61679e-05     2.48623e-06     0.000111757
1418     2.95419e-05     0.000185967     0.000185951     0.000185977     9.83892e-05     2.17808e-06     0.000144738
1422     2.46182e-05     0.000156021     0.000156007     0.000156029     8.2345e-05     8.95074e-07     0.000121459
1426     1.47709e-05     9.42896e-05     9.42812e-05     9.42944e-05     4.97276e-05     2.16004e-07     7.34416e-05
1430     1.64122e-05     0.000105448     0.000105439     0.000105453     5.56162e-05     -4.59476e-08     8.2203e-05
1434     1.47709e-05     9.56542e-05     9.56456e-05     9.5659e-05     5.04149e-05     -3.93121e-07     7.46151e-05
1438     2.2977e-05     0.000149717     0.000149704     0.000149725     7.88209e-05     -1.08468e-06     0.000116811
1442     9.84729e-06     6.46015e-05     6.45957e-05     6.46047e-05     3.40412e-05     -6.24652e-07     5.04679e-05
1446     1.47709e-05     9.74005e-05     9.73918e-05     9.74054e-05     5.1201e-05     -1.35705e-06     7.60682e-05
1450     1.14885e-05     7.63669e-05     7.636e-05     7.63707e-05     4.0029e-05     -1.6482e-06     5.96639e-05
1454     9.84729e-06     6.58067e-05     6.58009e-05     6.58101e-05     3.44956e-05     -1.48156e-06     5.1429e-05
1458     1.47709e-05     9.94714e-05     9.94626e-05     9.94765e-05     5.2142e-05     -2.59655e-06     7.78176e-05
1462     1.64122e-05     0.000111227     0.000111217     0.000111232     5.81211e-05     -3.69316e-06     8.70161e-05
1466     1.64122e-05     0.000111985     0.000111975     0.00011199     5.84645e-05     -4.07553e-06     8.76392e-05
1470     6.56486e-06     4.51394e-05     4.51354e-05     4.51417e-05     2.35481e-05     -1.82904e-06     3.53503e-05
1474     1.47709e-05     0.000102242     0.000102232     0.000102247     5.33177e-05     -4.45327e-06     8.01189e-05
1478     1.14885e-05     7.99009e-05     7.98937e-05     7.99049e-05     4.16398e-05     -3.76973e-06     6.26489e-05
1482     6.56486e-06     4.59698e-05     4.59657e-05     4.59721e-05     2.39379e-05     -2.38014e-06     3.60723e-05
1486     2.2977e-05     0.000162108     0.000162094     0.000162117     8.4374e-05     -8.95476e-06     0.00012729
1490     8.20608e-06     5.82181e-05     5.82129e-05     5.8221e-05     3.02894e-05     -3.33202e-06     4.57276e-05
1494     9.84729e-06     7.03299e-05     7.03237e-05     7.03335e-05     3.65095e-05     -4.50596e-06     5.52682e-05
1498     1.64122e-05     0.000118051     0.000118041     0.000118057     6.11359e-05     -8.18515e-06     9.27666e-05
1502     6.56486e-06     4.74976e-05     4.74933e-05     4.75e-05     2.46478e-05     -3.3652e-06     3.73846e-05
1506     1.31297e-05     9.56376e-05     9.56291e-05     9.56424e-05     4.95782e-05     -7.11746e-06     7.53007e-05
1510     9.84729e-06     7.21675e-05     7.21611e-05     7.21711e-05     3.73859e-05     -5.6717e-06     5.68608e-05
1514     1.14885e-05     8.47651e-05     8.47575e-05     8.47694e-05     4.38554e-05     -7.09597e-06     6.68244e-05
1518     9.84729e-06     7.31669e-05     7.31604e-05     7.31706e-05     3.77934e-05     -6.42577e-06     5.76872e-05
1522     1.80534e-05     0.000134816     0.000134804     0.000134823     6.97525e-05     -1.21192e-05     0.000106452
1526     4.92365e-06     3.70402e-05     3.70369e-05     3.70421e-05     1.91194e-05     -3.57818e-06     2.92576e-05
1530     8.20608e-06     6.19903e-05     6.19848e-05     6.19935e-05     3.19786e-05     -6.08205e-06     4.89669e-05
1534     9.84729e-06     7.49294e-05     7.49227e-05     7.49332e-05     3.85602e-05     -7.90158e-06     5.92154e-05
1538     4.92365e-06     3.7714e-05     3.77107e-05     3.77159e-05     1.9409e-05     -4.07673e-06     2.98253e-05
1542     4.92365e-06     3.79719e-05     3.79685e-05     3.79738e-05     1.95323e-05     -4.28113e-06     3.00556e-05
1546     8.20608e-06     6.36513e-05     6.36456e-05     6.36545e-05     3.26801e-05     -7.57761e-06     5.04065e-05
1550     4.92365e-06     3.83528e-05     3.83494e-05     3.83548e-05     1.96971e-05     -4.60547e-06     3.0385e-05
1554     4.92365e-06     3.8574e-05     3.85706e-05     3.8576e-05     1.98223e-05     -4.71161e-06     3.05859e-05
1558     1.64122e-06     1.29589e-05     1.29578e-05     1.29596e-05     6.64852e-06     -1.66123e-06     1.02811e-05
1562     1.47709e-05     0.000117127     0.000117117     0.000117133     6.01284e-05     -1.54244e-05     9.30345e-05
1566     1.47709e-05     0.000117954     0.000117943     0.00011796     6.04091e-05     -1.62503e-05     9.37041e-05
1570     3.28243e-06     2.63018e-05     2.62994e-05     2.63031e-05     1.34611e-05     -3.66909e-06     2.08953e-05
1574     3.28243e-06     2.65824e-05     2.658e-05     2.65837e-05     1.36029e-05     -3.93965e-06     2.116e-05
1578     1.64122e-06     1.33102e-05     1.3309e-05     1.33109e-05     6.81121e-06     -1.97265e-06     1.05952e-05
1582     6.56486e-06     5.36506e-05     5.36459e-05     5.36533e-05     2.74761e-05     -8.12905e-06     4.27593e-05
1586     0     0     0     0     0     0     0
1590     4.92365e-06     4.0682e-05     4.06784e-05     4.0684e-05     2.08109e-05     -6.45464e-06     3.24566e-05
1594     0     0     0     0     0     0     0
1598     4.92365e-06     4.11529e-05     4.11492e-05     4.1155e-05     2.10115e-05     -6.92419e-06     3.28701e-05
1602     6.56486e-06     5.52482e-05     5.52433e-05     5.5251e-05     2.82376e-05     -9.46862e-06     4.41848e-05
1606     4.92365e-06     4.16033e-05     4.15996e-05     4.16054e-05     2.12608e-05     -7.19759e-06     3.32822e-05
1610     4.92365e-06     4.18472e-05     4.18435e-05     4.18493e-05     2.1396e-05     -7.39934e-06     3.35151e-05
1614     1.64122e-06     1.40551e-05     1.40539e-05     1.40558e-05     7.19697e-06     -2.50124e-06     1.12685e-05
1618     1.14885e-05     9.88175e-05     9.88087e-05     9.88225e-05     5.0449e-05     -1.83868e-05     7.92417e-05
1622     9.84729e-06     8.5197e-05     8.51894e-05     8.52012e-05     4.34057e-05     -1.64557e-05     6.83497e-05
1626     6.56486e-06     5.71079e-05     5.71028e-05     5.71108e-05     2.91152e-05     -1.111e-05     4.58461e-05
1630     8.20608e-06     7.1799e-05     7.17926e-05     7.18026e-05     3.66396e-05     -1.41759e-05     5.77054e-05
1634     6.56486e-06     5.77528e-05     5.77477e-05     5.77557e-05     2.94827e-05     -1.15327e-05     4.64482e-05
1638     1.31297e-05     0.000116207     0.000116197     0.000116213     5.91602e-05     -2.41409e-05     9.34858e-05
1642     4.92365e-06     4.38169e-05     4.3813e-05     4.38191e-05     2.23275e-05     -9.25255e-06     3.52926e-05
1646     4.92365e-06     4.40265e-05     4.40226e-05     4.40287e-05     2.24185e-05     -9.4731e-06     3.54781e-05
1650     4.92365e-06     4.42985e-05     4.42946e-05     4.43008e-05     2.25892e-05     -9.65924e-06     3.57449e-05
1654     4.92365e-06     4.45647e-05     4.45608e-05     4.4567e-05     2.27269e-05     -9.85126e-06     3.59839e-05
1658     8.20608e-06     7.45712e-05     7.45645e-05     7.45749e-05     3.79688e-05     -1.68663e-05     6.02278e-05
1662     3.28243e-06     3.00456e-05     3.0043e-05     3.00472e-05     1.53555e-05     -6.7966e-06     2.43128e-05
1666     1.64122e-06     1.51146e-05     1.51132e-05     1.51153e-05     7.70836e-06     -3.52999e-06     1.22361e-05
1670     4.92365e-06     4.55628e-05     4.55588e-05     4.55651e-05     2.32195e-05     -1.09058e-05     3.69142e-05
1674     1.64122e-06     1.52145e-05     1.52131e-05     1.52153e-05     7.75353e-06     -3.6417e-06     1.23265e-05
1678     1.31297e-05     0.000122693     0.000122682     0.000122699     6.25566e-05     -2.98838e-05     9.95119e-05
1682     1.64122e-06     1.54471e-05     1.54458e-05     1.54479e-05     7.86878e-06     -3.85546e-06     1.25378e-05
1686     1.64122e-06     1.55009e-05     1.54995e-05     1.55017e-05     7.89797e-06     -3.94051e-06     1.25942e-05
1690     3.28243e-06     3.11345e-05     3.11317e-05     3.11361e-05     1.58669e-05     -7.98203e-06     2.53097e-05
1694     8.20608e-06     7.83269e-05     7.83199e-05     7.83308e-05     3.99337e-05     -2.03064e-05     6.37224e-05
1698     4.92365e-06     4.72351e-05     4.72309e-05     4.72374e-05     2.41019e-05     -1.23825e-05     3.8465e-05
1702     1.64122e-06     1.58121e-05     1.58107e-05     1.58129e-05     8.04966e-06     -4.27017e-06     1.28814e-05
1706     3.28243e-06     3.17843e-05     3.17815e-05     3.17859e-05     1.61877e-05     -8.64658e-06     2.59083e-05
1710     1.64122e-06     1.59917e-05     1.59903e-05     1.59925e-05     8.15433e-06     -4.44664e-06     1.30577e-05
1714     4.92365e-06     4.82015e-05     4.81972e-05     4.82039e-05     2.45919e-05     -1.34491e-05     3.93753e-05
1718     1.64122e-06     1.61822e-05     1.61807e-05     1.6183e-05     8.26496e-06     -4.54611e-06     1.32307e-05
1722     3.28243e-06     3.24483e-05     3.24454e-05     3.245e-05     1.65935e-05     -9.22862e-06     2.65629e-05
1726     1.64122e-06     1.63471e-05     1.63457e-05     1.6348e-05     8.35133e-06     -4.75437e-06     1.33917e-05
1730     3.28243e-06     3.2794e-05     3.27911e-05     3.27957e-05     1.6759e-05     -9.60873e-06     2.68796e-05
1734     0     0     0     0     0     0     0
1738     3.28243e-06     3.3096e-05     3.30931e-05     3.30977e-05     1.69256e-05     -9.92046e-06     2.71699e-05
1742     6.56486e-06     6.65566e-05     6.65507e-05     6.656e-05     3.4168e-05     -1.99601e-05     5.47386e-05
1746     1.64122e-06     1.67548e-05     1.67533e-05     1.67556e-05     8.57322e-06     -5.18647e-06     1.3782e-05
1750     3.28243e-06     3.36259e-05     3.36229e-05     3.36276e-05     1.72268e-05     -1.04421e-05     2.76803e-05
1754     1.64122e-06     1.68669e-05     1.68654e-05     1.68678e-05     8.65148e-06     -5.25438e-06     1.38949e-05
1758     1.64122e-06     1.69573e-05     1.69558e-05     1.69581e-05     8.69259e-06     -5.38586e-06     1.39802e-05
1762     3.28243e-06     3.41808e-05     3.41778e-05     3.41825e-05     1.75367e-05     -1.09988e-05     2.82115e-05
1766     4.92365e-06     5.14193e-05     5.14147e-05     5.14219e-05     2.63228e-05     -1.69764e-05     4.24571e-05
1770     0     0     0     0     0     0     0
1774     4.92365e-06     5.19686e-05     5.1964e-05     5.19712e-05     2.6659e-05     -1.73831e-05     4.29827e-05
1778     1.64122e-06     1.73766e-05     1.7375e-05     1.73774e-05     8.914e-06     -5.87538e-06     1.43807e-05
1782     3.28243e-06     3.49726e-05     3.49695e-05     3.49743e-05     1.7994e-05     -1.18676e-05     2.89887e-05
1786     3.28243e-06     3.51079e-05     3.51048e-05     3.51097e-05     1.80424e-05     -1.20672e-05     2.91063e-05
1790     1.64122e-06     1.76775e-05     1.76759e-05     1.76784e-05     9.10796e-06     -6.15854e-06     1.46836e-05
1794     1.64122e-06     1.77595e-05     1.77579e-05     1.77604e-05     9.16e-06     -6.2586e-06     1.47685e-05
1798     0     0     0     0     0     0     0
1802     1.64122e-06     1.79396e-05     1.7938e-05     1.79405e-05     9.23586e-06     -6.46769e-06     1.49254e-05
1806     0     0     0     0     0     0     0
1810     1.64122e-06     1.80961e-05     1.80945e-05     1.8097e-05     9.32715e-06     -6.69747e-06     1.50861e-05
1814     1.64122e-06     1.81757e-05     1.81741e-05     1.81767e-05     9.36818e-06     -6.72694e-06     1.51524e-05
1818     3.28243e-06     3.65356e-05     3.65323e-05     3.65374e-05     1.8832e-05     -1.37281e-05     3.04855e-05
1822     4.92365e-06     5.49744e-05     5.49695e-05     5.49771e-05     2.83833e-05     -2.08322e-05     4.59271e-05
1826     3.28243e-06     3.67953e-05     3.6792e-05     3.67971e-05     1.90135e-05     -1.40024e-05     3.07588e-05
1830     1.64122e-06     1.85278e-05     1.85262e-05     1.85287e-05     9.58852e-06     -7.16816e-06     1.55135e-05
1834     0     0     0     0     0     0     0
1838     3.28243e-06     3.73148e-05     3.73115e-05     3.73166e-05     1.93536e-05     -1.45276e-05     3.12858e-05
1842     0     0     0     0     0     0     0
1846     1.64122e-06     1.8806e-05     1.88044e-05     1.8807e-05     9.73968e-06     -7.46877e-06     1.57761e-05
1850     3.28243e-06     3.78521e-05     3.78487e-05     3.7854e-05     1.96481e-05     -1.53416e-05     3.1823e-05
1854     0     0     0     0     0     0     0
1858     3.28243e-06     3.8188e-05     3.81846e-05     3.81899e-05     1.9879e-05     -1.55413e-05     3.21514e-05
1862     1.64122e-06     1.91525e-05     1.91508e-05     1.91535e-05     9.98779e-06     -7.85452e-06     1.61446e-05
1866     1.64122e-06     1.92541e-05     1.92523e-05     1.9255e-05     1.00277e-05     -8.0456e-06     1.62393e-05
1870     3.28243e-06     3.87691e-05     3.87656e-05     3.8771e-05     2.02285e-05     -1.63172e-05     3.27381e-05
1874     0     0     0     0     0     0     0
1878     0     0     0     0     0     0     0
1882     0     0     0     0     0     0     0
1886     4.92365e-06     5.91677e-05     5.91625e-05     5.91707e-05     3.09159e-05     -2.58191e-05     5.0101e-05
1890     1.64122e-06     1.97955e-05     1.97937e-05     1.97965e-05     1.03623e-05     -8.70022e-06     1.6782e-05
1894     0     0     0     0     0     0     0
1898     0     0     0     0     0     0     0
1902     1.64122e-06     2.00075e-05     2.00058e-05     2.00085e-05     1.05065e-05     -8.9323e-06     1.69997e-05
1906     1.64122e-06     2.01008e-05     2.0099e-05     2.01018e-05     1.05554e-05     -8.97393e-06     1.7079e-05
1910     3.28243e-06     4.04577e-05     4.04541e-05     4.04597e-05     2.13065e-05     -1.83614e-05     3.44498e-05
1914     0     0     0     0     0     0     0
1918     0     0     0     0     0     0     0
1922     1.64122e-06     2.04704e-05     2.04686e-05     2.04714e-05     1.08087e-05     -9.45025e-06     1.7467e-05
1926     3.28243e-06     4.11689e-05     4.11653e-05     4.1171e-05     2.18026e-05     -1.90573e-05     3.51764e-05
1930     4.92365e-06     6.18579e-05     6.18524e-05     6.1861e-05     3.27567e-05     -2.87658e-05     5.28666e-05
1934     4.92365e-06     6.21294e-05     6.21239e-05     6.21325e-05     3.28952e-05     -2.91557e-05     5.31241e-05
1938     1.64122e-06     2.07976e-05     2.07958e-05     2.07987e-05     1.10306e-05     -9.82707e-06     1.78027e-05
1942     3.28243e-06     4.17427e-05     4.1739e-05     4.17448e-05     2.21566e-05     -1.99239e-05     3.57639e-05
1946     1.64122e-06     2.09864e-05     2.09845e-05     2.09875e-05     1.1167e-05     -1.00589e-05     1.80027e-05
1950     1.64122e-06     2.11166e-05     2.11147e-05     2.11176e-05     1.1227e-05     -1.0277e-05     1.8125e-05
1954     1.64122e-06     2.12103e-05     2.12084e-05     2.12113e-05     1.13066e-05     -1.03601e-05     1.82282e-05
1958     1.64122e-06     2.12549e-05     2.1253e-05     2.1256e-05     1.13304e-05     -1.03819e-05     1.82665e-05
1962     1.64122e-06     2.13569e-05     2.1355e-05     2.1358e-05     1.1411e-05     -1.04795e-05     1.83759e-05
1966     0     0     0     0     0     0     0
1970     1.64122e-06     2.14824e-05     2.14805e-05     2.14835e-05     1.14591e-05     -1.07302e-05     1.84914e-05
1974     0     0     0     0     0     0     0
1978     0     0     0     0     0     0     0
1982     1.64122e-06     2.17664e-05     2.17644e-05     2.17675e-05     1.16844e-05     -1.10393e-05     1.8799e-05
1986     1.64122e-06     2.18732e-05     2.18713e-05     2.18743e-05     1.17474e-05     -1.12089e-05     1.89064e-05
1990     0     0     0     0     0     0     0
1994     0     0     0     0     0     0     0
1998     0     0     0     0     0     0     0
2002     3.28243e-06     4.44388e-05     4.44348e-05     4.4441e-05     4.62258e-05     4.80344e-05     4.52614e-05
2006     0     0     0     0     0     0     0
2010     0     0     0     0     0     0     0
2014     1.64122e-06     2.24699e-05     2.24679e-05     2.2471e-05     2.33735e-05     2.4288e-05     2.28858e-05
2018     3.28243e-06     4.51982e-05     4.51942e-05     4.52004e-05     4.70157e-05     4.88552e-05     4.60348e-05
2022     1.64122e-06     2.26876e-05     2.26855e-05     2.26887e-05     2.35999e-05     2.45233e-05     2.31075e-05
2026     1.64122e-06     2.27811e-05     2.27791e-05     2.27822e-05     2.36972e-05     2.46244e-05     2.32028e-05
2030     1.64122e-06     2.27996e-05     2.27975e-05     2.28007e-05     2.37164e-05     2.46443e-05     2.32216e-05
2034     0     0     0     0     0     0     0
2038     0     0     0     0     0     0     0
2042     0     0     0     0     0     0     0
2046     1.64122e-06     2.31831e-05     2.31811e-05     2.31843e-05     2.41154e-05     2.50589e-05     2.36123e-05
2050     1.64122e-06     2.33054e-05     2.33034e-05     2.33066e-05     2.42426e-05     2.51911e-05     2.37368e-05
2054     1.64122e-06     2.33834e-05     2.33813e-05     2.33845e-05     2.43237e-05     2.52754e-05     2.38162e-05
2058     0     0     0     0     0     0     0
2062     0     0     0     0     0     0     0
2066     1.64122e-06     2.36057e-05     2.36036e-05     2.36069e-05     2.4555e-05     2.55157e-05     2.40427e-05
2070     0     0     0     0     0     0     0
2074     1.64122e-06     2.38455e-05     2.38434e-05     2.38467e-05     2.48044e-05     2.57749e-05     2.42869e-05
2078     0     0     0     0     0     0     0
2082     1.64122e-06     2.40061e-05     2.40039e-05     2.40073e-05     2.49714e-05     2.59485e-05     2.44505e-05
2086     0     0     0     0     0     0     0
2090     1.64122e-06     2.42056e-05     2.42034e-05     2.42068e-05     2.51789e-05     2.61641e-05     2.46536e-05
2094     0     0     0     0     0     0     0
2098     0     0     0     0     0     0     0
2102     0     0     0     0     0     0     0
2106     0     0     0     0     0     0     0
2110     0     0     0     0     0     0     0
2114     0     0     0     0     0     0     0
2118     1.64122e-06     2.47829e-05     2.47807e-05     2.47841e-05     2.57795e-05     2.67881e-05     2.52416e-05
2122     1.64122e-06     2.49083e-05     2.49061e-05     2.49096e-05     2.591e-05     2.69237e-05     2.53694e-05
2126     0     0     0     0     0     0     0
2130     0     0     0     0     0     0     0
2134     0     0     0     0     0     0     0
2138     1.64122e-06     2.52597e-05     2.52574e-05     2.52609e-05     2.62754e-05     2.73035e-05     2.57272e-05
2142     0     0     0     0     0     0     0
2146     0     0     0     0     0     0     0
2150     0     0     0     0     0     0     0
2154     0     0     0     0     0     0     0
2158     0     0     0     0     0     0     0
2162     0     0     0     0     0     0     0
2166     1.64122e-06     2.58821e-05     2.58798e-05     2.58834e-05     2.69228e-05     2.79762e-05     2.63612e-05
2170     0     0     0     0     0     0     0
2174     0     0     0     0     0     0     0
2178     1.64122e-06     2.61754e-05     2.61731e-05     2.61767e-05     2.7228e-05     2.82933e-05     2.66599e-05
2182     1.64122e-06     2.62909e-05     2.62886e-05     2.62922e-05     2.73481e-05     2.84181e-05     2.67776e-05
2186     0     0     0     0     0     0     0
2190     0     0     0     0     0     0     0
2194     0     0     0     0     0     0     0
2198     0     0     0     0     0     0     0
2202     1.64122e-06     2.67438e-05     2.67414e-05     2.67451e-05     2.78192e-05     2.89077e-05     2.72388e-05
2206     1.64122e-06     2.67908e-05     2.67885e-05     2.67922e-05     2.78682e-05     2.89585e-05     2.72868e-05
2210     1.64122e-06     2.69209e-05     2.69185e-05     2.69222e-05     2.80034e-05     2.90991e-05     2.74192e-05
2214     0     0     0     0     0     0     0
2218     0     0     0     0     0     0     0
2222     1.64122e-06     2.71788e-05     2.71764e-05     2.71801e-05     2.82717e-05     2.93779e-05     2.76819e-05
2226     0     0     0     0     0     0     0
2230     0     0     0     0     0     0     0
2234     1.64122e-06     2.74288e-05     2.74264e-05     2.74302e-05     2.85318e-05     2.96482e-05     2.79366e-05
2238     0     0     0     0     0     0     0
2242     1.64122e-06     2.76362e-05     2.76337e-05     2.76376e-05     2.87475e-05     2.98723e-05     2.81478e-05
2246     0     0     0     0     0     0     0
2250     1.64122e-06     2.78316e-05     2.78291e-05     2.7833e-05     2.89508e-05     3.00835e-05     2.83468e-05
2254     0     0     0     0     0     0     0
2258     0     0     0     0     0     0     0
2262     0     0     0     0     0     0     0
2266     0     0     0     0     0     0     0
2270     0     0     0     0     0     0     0
2274     1.64122e-06     2.83907e-05     2.83882e-05     2.83922e-05     2.95324e-05     3.06879e-05     2.89163e-05
2278     0     0     0     0     0     0     0
2282     0     0     0     0     0     0     0
2286     0     0     0     0     0     0     0
2290     0     0     0     0     0     0     0
2294     1.64122e-06     2.8805e-05     2.88025e-05     2.88065e-05     2.99633e-05     3.11357e-05     2.93382e-05
2298     0     0     0     0     0     0     0
2302     0     0     0     0     0     0     0
2306     0     0     0     0     0     0     0
2310     0     0     0     0     0     0     0
2314     0     0     0     0     0     0     0
2318     0     0     0     0     0     0     0
2322     0     0     0     0     0     0     0
2326     3.28243e-06     5.90504e-05     5.90452e-05     5.90534e-05     6.1425e-05     6.38283e-05     6.01435e-05
2330     0     0     0     0     0     0     0
2334     0     0     0     0     0     0     0
2338     0     0     0     0     0     0     0
2342     1.64122e-06     2.99345e-05     2.99318e-05     2.9936e-05     3.11382e-05     3.23565e-05     3.04886e-05
2346     0     0     0     0     0     0     0
2350     0     0     0     0     0     0     0
2354     0     0     0     0     0     0     0
2358     0     0     0     0     0     0     0
2362     0     0     0     0     0     0     0
2366     0     0     0     0     0     0     0
2370     0     0     0     0     0     0     0
2374     0     0     0     0     0     0     0
2378     0     0     0     0     0     0     0
2382     0     0     0     0     0     0     0
2386     1.64122e-06     3.09438e-05     3.0941e-05     3.09453e-05     3.21881e-05     3.34475e-05     3.15166e-05
2390     0     0     0     0     0     0     0
2394     0     0     0     0     0     0     0
2398     0     0     0     0     0     0     0
2402     0     0     0     0     0     0     0
2406     0     0     0     0     0     0     0
2410     0     0     0     0     0     0     0
2414     0     0     0     0     0     0     0
2418     0     0     0     0     0     0     0
2422     0     0     0     0     0     0     0
2426     0     0     0     0     0     0     0
2430     0     0     0     0     0     0     0
2434     0     0     0     0     0     0     0
2438     0     0     0     0     0     0     0
2442     0     0     0     0     0     0     0
2446     0     0     0     0     0     0     0
2450     0     0     0     0     0     0     0
2454     0     0     0     0     0     0     0
2458     1.64122e-06     3.26157e-05     3.26128e-05     3.26174e-05     3.39273e-05     3.52547e-05     3.32195e-05
2462     0     0     0     0     0     0     0
2466     1.64122e-06     3.27631e-05     3.27602e-05     3.27648e-05     3.40806e-05     3.54141e-05     3.33696e-05
2470     0     0     0     0     0     0     0
2474     0     0     0     0     0     0     0
2478     0     0     0     0     0     0     0
2482     0     0     0     0     0     0     0
2486     0     0     0     0     0     0     0
2490     0     0     0     0     0     0     0
2494     0     0     0     0     0     0     0
2498     0     0     0     0     0     0     0
2502     0     0     0     0     0     0     0
2506     0     0     0     0     0     0     0
2510     0     0     0     0     0     0     0
2514     0     0     0     0     0     0     0
2518     0     0     0     0     0     0     0
2522     0     0     0     0     0     0     0
2526     0     0     0     0     0     0     0
2530     0     0     0     0     0     0     0
2534     0     0     0     0     0     0     0
2538     0     0     0     0     0     0     0
2542     0     0     0     0     0     0     0
2546     0     0     0     0     0     0     0
2550     0     0     0     0     0     0     0
2554     0     0     0     0     0     0     0
2558     0     0     0     0     0     0     0
2562     0     0     0     0     0     0     0
2566     0     0     0     0     0     0     0
2570     0     0     0     0     0     0     0
2574     1.64122e-06     3.53887e-05     3.53855e-05     3.53905e-05     3.68118e-05     3.8252e-05     3.60438e-05
2578     0     0     0     0     0     0     0
2582     0     0     0     0     0     0     0
2586     0     0     0     0     0     0     0
2590     0     0     0     0     0     0     0
2594     0     0     0     0     0     0     0
2598     0     0     0     0     0     0     0
2602     1.64122e-06     3.605e-05     3.60468e-05     3.60518e-05     3.74996e-05     3.89669e-05     3.67173e-05
2606     0     0     0     0     0     0     0
2610     0     0     0     0     0     0     0
2614     0     0     0     0     0     0     0
2618     0     0     0     0     0     0     0
2622     0     0     0     0     0     0     0
2626     0     0     0     0     0     0     0
2630     0     0     0     0     0     0     0
2634     0     0     0     0     0     0     0
2638     0     0     0     0     0     0     0
2642     0     0     0     0     0     0     0
2646     0     0     0     0     0     0     0
2650     0     0     0     0     0     0     0
2654     0     0     0     0     0     0     0
2658     0     0     0     0     0     0     0
2662     1.64122e-06     3.74115e-05     3.74082e-05     3.74134e-05     3.89159e-05     4.04385e-05     3.8104e-05
2666     0     0     0     0     0     0     0
2670     0     0     0     0     0     0     0
2674     0     0     0     0     0     0     0
2678     0     0     0     0     0     0     0
2682     0     0     0     0     0     0     0
2686     0     0     0     0     0     0     0
2690     0     0     0     0     0     0     0
2694     0     0     0     0     0     0     0
2698     0     0     0     0     0     0     0
2702     0     0     0     0     0     0     0
2706     0     0     0     0     0     0     0
2710     0     0     0     0     0     0     0
2714     0     0     0     0     0     0     0
2718     0     0     0     0     0     0     0
2722     0     0     0     0     0     0     0
2726     0     0     0     0     0     0     0
2730     0     0     0     0     0     0     0
2734     0     0     0     0     0     0     0
2738     0     0     0     0     0     0     0
2742     0     0     0     0     0     0     0
2746     0     0     0     0     0     0     0
2750     0     0     0     0     0     0     0
2754     0     0     0     0     0     0     0
2758     0     0     0     0     0     0     0
2762     0     0     0     0     0     0     0
2766     0     0     0     0     0     0     0
2770     0     0     0     0     0     0     0
2774     0     0     0     0     0     0     0
2778     0     0     0     0     0     0     0
2782     0     0     0     0     0     0     0
2786     0     0     0     0     0     0     0
2790     0     0     0     0     0     0     0
2794     0     0     0     0     0     0     0
2798     0     0     0     0     0     0     0
2802     0     0     0     0     0     0     0
2806     0     0     0     0     0     0     0
2810     0     0     0     0     0     0     0
2814     0     0     0     0     0     0     0
2818     0     0     0     0     0     0     0
2822     0     0     0     0     0     0     0
2826     0     0     0     0     0     0     0
2830     0     0     0     0     0     0     0
2834     0     0     0     0     0     0     0
2838     0     0     0     0     0     0     0
2842     0     0     0     0     0     0     0
2846     0     0     0     0     0     0     0
2850     0     0     0     0     0     0     0
2854     0     0     0     0     0     0     0
2858     0     0     0     0     0     0     0
2862     0     0     0     0     0     0     0
2866     0     0     0     0     0     0     0
2870     0     0     0     0     0     0     0
2874     0     0     0     0     0     0     0
2878     0     0     0     0     0     0     0
2882     0     0     0     0     0     0     0
2886     0     0     0     0     0     0     0
2890     0     0     0     0     0     0     0
2894     0     0     0     0     0     0     0
2898     0     0     0     0     0     0     0
2902     0     0     0     0     0     0     0
2906     0     0     0     0     0     0     0
2910     0     0     0     0     0     0     0
2914     0     0     0     0     0     0     0
2918     0     0     0     0     0     0     0
2922     0     0     0     0     0     0     0
2926     0     0     0     0     0     0     0
2930     0     0     0     0     0     0     0
2934     0     0     0     0     0     0     0
2938     0     0     0     0     0     0     0
2942     0     0     0     0     0     0     0
2946     0     0     0     0     0     0     0
2950     0     0     0     0     0     0     0
2954     0     0     0     0     0     0     0
2958     0     0     0     0     0     0     0
2962     0     0     0     0     0     0     0
2966     0     0     0     0     0     0     0
2970     0     0     0     0     0     0     0
2974     0     0     0     0     0     0     0
2978     0     0     0     0     0     0     0
2982     0     0     0     0     0     0     0
2986     0     0     0     0     0     0     0
2990     0     0     0     0     0     0     0
2994     0     0     0     0     0     0     0
2998     0     0     0     0     0     0     0
3002     0     0     0     0     0     0     0
3006     0     0     0     0     0     0     0
3010     0     0     0     0     0     0     0
3014     0     0     0     0     0     0     0
3018     0     0     0     0     0     0     0
3022     0     0     0     0     0     0     0
3026     0     0     0     0     0     0     0
3030     0     0     0     0     0     0     0
3034     0     0     0     0     0     0     0
3038     0     0     0     0     0     0     0
3042     0     0     0     0     0     0     0
3046     0     0     0     0     0     0     0
3050     0     0     0     0     0     0     0
3054     0     0     0     0     0     0     0
3058     0     0     0     0     0     0     0
3062     0     0     0     0     0     0     0
3066     0     0     0     0     0     0     0
3070     0     0     0     0     0     0     0
3074     0     0     0     0     0     0     0
3078     0     0     0     0     0     0     0
3082     0     0     0     0     0     0     0
3086     0     0     0     0     0     0     0
3090     0     0     0     0     0     0     0
3094     0     0     0     0     0     0     0
3098     0     0     0     0     0     0     0
3102     0     0     0     0     0     0     0
3106     0     0     0     0     0     0     0
3110     0     0     0     0     0     0     0
3114     0     0     0     0     0     0     0
3118     0     0     0     0     0     0     0
3122     0     0     0     0     0     0     0
3126     0     0     0     0     0     0     0
3130     0     0     0     0     0     0     0
3134     0     0     0     0     0     0     0
3138     0     0     0     0     0     0     0
3142     0     0     0     0     0     0     0
3146     0     0     0     0     0     0     0
3150     0     0     0     0     0     0     0
3154     0     0     0     0     0     0     0
3158     0     0     0     0     0     0     0
3162     0     0     0     0     0     0     0
3166     0     0     0     0     0     0     0
3170     0     0     0     0     0     0     0
3174     0     0     0     0     0     0     0
3178     0     0     0     0     0     0     0
3182     0     0     0     0     0     0     0
3186     0     0     0     0     0     0     0
3190     0     0     0     0     0     0     0
3194     0     0     0     0     0     0     0
3198     0     0     0     0     0     0     0
3202     0     0     0     0     0     0     0
3206     0     0     0     0     0     0     0
3210     0     0     0     0     0     0     0
3214     0     0     0     0     0     0     0
3218     0     0     0     0     0     0     0
3222     0     0     0     0     0     0     0
3226     0     0     0     0     0     0     0
3230     0     0     0     0     0     0     0
3234     0     0     0     0     0     0     0
3238     0     0     0     0     0     0     0
3242     0     0     0     0     0     0     0
3246     0     0     0     0     0     0     0
3250     0     0     0     0     0     0     0
3254     0     0     0     0     0     0     0
3258     0     0     0     0     0     0     0
3262     0     0     0     0     0     0     0
3266     0     0     0     0     0     0     0
3270     0     0     0     0     0     0     0
3274     0     0     0     0     0     0     0
3278     0     0     0     0     0     0     0
3282     0     0     0     0     0     0     0
3286     0     0     0     0     0     0     0
3290     0     0     0     0     0     0     0
3294     0     0     0     0     0     0     0
3298     0     0     0     0     0     0     0
3302     0     0     0     0     0     0     0
3306     0     0     0     0     0     0     0
3310     0     0     0     0     0     0     0
3314     0     0     0     0     0     0     0
3318     0     0     0     0     0     0     0
3322     0     0     0     0     0     0     0
3326     0     0     0     0     0     0     0
3330     0     0     0     0     0     0     0
3334     0     0     0     0     0     0     0
3338     0     0     0     0     0     0     0
3342     0     0     0     0     0     0     0
3346     0     0     0     0     0     0     0
3350     0     0     0     0     0     0     0
3354     0     0     0     0     0     0     0
3358     0     0     0     0     0     0     0
3362     0     0     0     0     0     0     0
3366     0     0     0     0     0     0     0
3370     0     0     0     0     0     0     0
3374     0     0     0     0     0     0     0
3378     0     0     0     0     0     0     0
3382     0     0     0     0     0     0     0
3386     0     0     0     0     0     0     0
3390     0     0     0     0     0     0     0
3394     0     0     0     0     0     0     0
3398     0     0     0     0     0     0     0
3402     0     0     0     0     0     0     0
3406     0     0     0     0     0     0     0
3410     0     0     0     0     0     0     0
3414     0     0     0     0     0     0     0
3418     0     0     0     0     0     0     0
3422     0     0     0     0     0     0     0
3426     0     0     0     0     0     0     0
3430     0     0     0     0     0     0     0
3434     0     0     0     0     0     0     0
3438     0     0     0     0     0     0     0
3442     0     0     0     0     0     0     0
3446     0     0     0     0     0     0     0
3450     0     0     0     0     0     0     0
3454     0     0     0     0     0     0     0
3458     0     0     0     0     0     0     0
3462     0     0     0     0     0     0     0
3466     0     0     0     0     0     0     0
3470     0     0     0     0     0     0     0
3474     0     0     0     0     0     0     0
3478     0     0     0     0     0     0     0
3482     0     0     0     0     0     0     0
3486     0     0     0     0     0     0     0
3490     0     0     0     0     0     0     0
3494     0     0     0     0     0     0     0
3498     0     0     0     0     0     0     0
3502     0     0     0     0     0     0     0
3506     0     0     0     0     0     0     0
3510     0     0     0     0     0     0     0
3514     0     0     0     0     0     0     0
3518     0     0     0     0     0     0     0
3522     0     0     0     0     0     0     0
3526     0     0     0     0     0     0     0
3530     0     0     0     0     0     0     0
3534     0     0     0     0     0     0     0
3538     0     0     0     0     0     0     0
3542     0     0     0     0     0     0     0
3546     0     0     0     0     0     0     0
3550     0     0     0     0     0     0     0
3554     0     0     0     0     0     0     0
3558     0     0     0     0     0     0     0
3562     0     0     0     0     0     0     0
3566     0     0     0     0     0     0     0
3570     0     0     0     0     0     0     0
3574     0     0     0     0     0     0     0
3578     0     0     0     0     0     0     0
3582     0     0     0     0     0     0     0
3586     0     0     0     0     0     0     0
3590     0     0     0     0     0     0     0
3594     0     0     0     0     0     0     0
3598     0     0     0     0     0     0     0
3602     0     0     0     0     0     0     0
3606     0     0     0     0     0     0     0
3610     0     0     0     0     0     0     0
3614     0     0     0     0     0     0     0
3618     0     0     0     0     0     0     0
3622     0     0     0     0     0     0     0
3626     0     0     0     0     0     0     0
3630     0     0     0     0     0     0     0
3634     0     0     0     0     0     0     0
3638     0     0     0     0     0     0     0
3642     0     0     0     0     0     0     0
3646     0     0     0     0     0     0     0
3650     0     0     0     0     0     0     0
3654     0     0     0     0     0     0     0
3658     0     0     0     0     0     0     0
3662     0     0     0     0     0     0     0
3666     0     0     0     0     0     0     0
3670     0     0     0     0     0     0     0
3674     0     0     0     0     0     0     0
3678     0     0     0     0     0     0     0
3682     0     0     0     0     0     0     0
3686     0     0     0     0     0     0     0
3690     0     0     0     0     0     0     0
3694     0     0     0     0     0     0     0
3698     0     0     0     0     0     0     0
3702     0     0     0     0     0     0     0
3706     0     0     0     0     0     0     0
3710     0     0     0     0     0     0     0
3714     0     0     0     0     0     0     0
3718     0     0     0     0     0     0     0
3722     0     0     0     0     0     0     0
3726     0     0     0     0     0     0     0
3730     0     0     0     0     0     0     0
3734     0     0     0     0     0     0     0
3738     0     0     0     0     0     0     0
3742     0     0     0     0     0     0     0
3746     0     0     0     0     0     0     0
3750     0     0     0     0     0     0     0
3754     0     0     0     0     0     0     0
3758     0     0     0     0     0     0     0
3762     0     0     0     0     0     0     0
3766     0     0     0     0     0     0     0
3770     0     0     0     0     0     0     0
3774     0     0     0     0     0     0     0
3778     0     0     0     0     0     0     0
3782     0     0     0     0     0     0     0
3786     0     0     0     0     0     0     0
3790     0     0     0     0     0     0     0
3794     0     0     0     0     0     0     0
3798     0     0     0     0     0     0     0
3802     0     0     0     0     0     0     0
3806     0     0     0     0     0     0     0
3810     0     0     0     0     0     0     0
3814     0     0     0     0     0     0     0
3818     0     0     0     0     0     0     0
3822     0     0     0     0     0     0     0
3826     0     0     0     0     0     0     0
3830     0     0     0     0     0     0     0
3834     0     0     0     0     0     0     0
3838     0     0     0     0     0     0     0
3842     0     0     0     0     0     0     0
3846     0     0     0     0     0     0     0
3850     0     0     0     0     0     0     0
3854     0     0     0     0     0     0     0
3858     0     0     0     0     0     0     0
3862     0     0     0     0     0     0     0
3866     0     0     0     0     0     0     0
3870     0     0     0     0     0     0     0
3874     0     0     0     0     0     0     0
3878     0     0     0     0     0     0     0
3882     0     0     0     0     0     0     0
3886     0     0     0     0     0     0     0
3890     0     0     0     0     0     0     0
3894     0     0     0     0     0     0     0
3898     0     0     0     0     0     0     0
3902     0     0     0     0     0     0     0
3906     0     0     0     0     0     0     0
3910     0     0     0     0     0     0     0
3914     0     0     0     0     0     0     0
3918     0     0     0     0     0     0     0
3922     0     0     0     0     0     0     0
3926     0     0     0     0     0     0     0
3930     0     0     0     0     0     0     0
3934     0     0     0     0     0     0     0
3938     0     0     0     0     0     0     0
3942     0     0     0     0     0     0     0
3946     0     0     0     0     0     0     0
3950     0     0     0     0     0     0     0
3954     0     0     0     0     0     0     0
3958     0     0     0     0     0     0     0
3962     0     0     0     0     0     0     0
3966     0     0     0     0     0     0     0
3970     0     0     0     0     0     0     0
3974     0     0     0     0     0     0     0
3978     0     0     0     0     0     0     0
3982     0     0     0     0     0     0     0
3986     0     0     0     0     0     0     0
3990     0     0     0     0     0     0     0
3994     0     0     0     0     0     0     0
3998     0     0     0     0     0     0     0
