2     0     0     0     0     0     0     0
6     0     0     0     0     0     0     0
10     0     0     0     0     0     0     0
14     0     0     0     0     0     0     0
18     0     0     0     0     0     0     0
22     0     0     0     0     0     0     0
26     0     0     0     0     0     0     0
30     0     0     0     0     0     0     0
34     0     0     0     0     0     0     0
38     0     0     0     0     0     0     0
42     0     0     0     0     0     0     0
46     0     0     0     0     0     0     0
50     0     0     0     0     0     0     0
54     0     0     0     0     0     0     0
58     0     0     0     0     0     0     0
62     0     0     0     0     0     0     0
66     0     0     0     0     0     0     0
70     0     0     0     0     0     0     0
74     0     0     0     0     0     0     0
78     0     0     0     0     0     0     0
82     0     0     0     0     0     0     0
86     0     0     0     0     0     0     0
90     0     0     0     0     0     0     0
94     0     0     0     0     0     0     0
98     0     0     0     0     0     0     0
102     0     0     0     0     0     0     0
106     0     0     0     0     0     0     0
110     0.00214189     6.86784e-07     6.86784e-07     6.86784e-07     6.97345e-07     7.02824e-07     6.9356e-07
114     0.00233661     7.75398e-07     7.75398e-07     7.75398e-07     7.87322e-07     7.93507e-07     7.83048e-07
118     0.00223925     7.78675e-07     7.78675e-07     7.78675e-07     7.90649e-07     7.96861e-07     7.86358e-07
122     0.00243397     9.16707e-07     9.16707e-07     9.16707e-07     9.30804e-07     9.38116e-07     9.25752e-07
126     0.00214189     8.85027e-07     8.85027e-07     8.85027e-07     8.98637e-07     9.05697e-07     8.93759e-07
130     0.00262869     1.23697e-06     1.23697e-06     1.23697e-06     1.256e-06     1.26586e-06     1.24918e-06
134     0.00243397     1.33647e-06     1.33647e-06     1.33647e-06     1.35702e-06     1.36769e-06     1.34966e-06
138     0.00282341     1.85257e-06     1.85257e-06     1.85257e-06     1.88106e-06     1.89584e-06     1.87085e-06
142     0.00243397     1.9907e-06     1.9907e-06     1.9907e-06     2.02131e-06     2.03719e-06     2.01034e-06
146     0.00350492     3.73252e-06     3.73252e-06     3.73252e-06     3.78992e-06     3.8197e-06     3.76935e-06
150     0.00379699     5.37842e-06     5.37842e-06     5.37842e-06     5.46113e-06     5.50404e-06     5.43149e-06
154     0.0033102     7.07615e-06     7.07615e-06     7.07615e-06     7.18497e-06     7.24142e-06     7.14597e-06
158     0.00272605     1.14849e-05     1.14849e-05     1.14849e-05     1.16615e-05     1.17531e-05     1.15982e-05
162     0.00360228     4.00105e-05     4.00105e-05     4.00105e-05     4.06257e-05     4.09449e-05     4.04052e-05
166     0.00369963     7.65251e-05     7.65251e-05     7.65251e-05     7.77019e-05     7.83124e-05     7.72802e-05
170     0.00311548     8.70888e-05     8.70888e-05     8.70888e-05     8.84281e-05     8.91228e-05     8.79481e-05
174     0.00389435     0.000133203     0.000133203     0.000133203     0.000135251     0.000136314     0.000134517
178     0.00408907     0.000165073     0.000165073     0.000165073     0.000167611     0.000168928     0.000166701
182     0.0049653     0.000238028     0.000238028     0.000238028     0.000241688     0.000243587     0.000240376
186     0.00447851     0.0002595     0.0002595     0.0002595     0.00026349     0.000265561     0.00026206
190     0.00389435     0.000265764     0.000265764     0.000265764     0.000269851     0.000271971     0.000268386
194     0.00574417     0.000442709     0.000442709     0.000442709     0.000449517     0.000453048     0.000447077
198     0.0049653     0.000422707     0.000422707     0.000422707     0.000429208     0.00043258     0.000426878
202     0.0049653     0.000463042     0.000463042     0.000463042     0.000470162     0.000473856     0.00046761
206     0.00593889     0.000602944     0.000602944     0.000602944     0.000612217     0.000617026     0.000608893
210     0.00623096     0.000682967     0.000682967     0.000682967     0.000696488     0.000703274     0.000691815
214     0.00652304     0.000767527     0.000767527     0.000767527     0.000786087     0.000795214     0.000779817
218     0.00613361     0.000774646     0.000774646     0.000774646     0.000793818     0.000803235     0.00078735
222     0.00691248     0.000933619     0.000933619     0.000933619     0.000957296     0.000968909     0.000949323
226     0.00700983     0.00100643     0.00100643     0.00100643     0.00103261     0.00104543     0.00102382
230     0.00749663     0.00113963     0.00113963     0.00113963     0.00117007     0.00118494     0.00115987
234     0.00778871     0.00125974     0.00125974     0.00125974     0.0012944     0.00131129     0.00128281
238     0.0082755     0.00141184     0.00141184     0.00141184     0.00145174     0.00147114     0.00143842
242     0.00954116     0.00172475     0.00172475     0.00172475     0.00177488     0.00179921     0.00175818
246     0.00866493     0.00165083     0.00165083     0.00165083     0.00170029     0.00172425     0.00168385
250     0.00778871     0.00156302     0.00156302     0.00156302     0.00161139     0.00163475     0.00159535
254     0.00788606     0.00165857     0.00165857     0.00165857     0.00171168     0.00173724     0.00169412
258     0.0101253     0.00223879     0.00223879     0.00223879     0.00231271     0.00234815     0.00228835
262     0.0108068     0.00251273     0.00251273     0.00251273     0.0025991     0.00264035     0.00257075
266     0.0123646     0.00300542     0.00300542     0.00300542     0.00311221     0.00316307     0.00307723
270     0.010028     0.00254574     0.00254574     0.00254574     0.00263954     0.00268412     0.00260888
274     0.0130461     0.00346789     0.00346789     0.00346789     0.00360164     0.00366509     0.00355802
278     0.0155774     0.00432417     0.00432417     0.00432417     0.00449856     0.0045811     0.00444181
282     0.0158695     0.00459975     0.00459975     0.00459975     0.00479222     0.00488307     0.00472974
286     0.0172325     0.00520742     0.00520742     0.00520742     0.00543596     0.00554339     0.00536202
290     0.0177193     0.00558231     0.00558231     0.00558231     0.00583939     0.00595984     0.00575645
294     0.0158695     0.00520749     0.00520749     0.00520749     0.0054596     0.00557751     0.00537842
298     0.0195691     0.00666663     0.00666663     0.00666663     0.00700851     0.00716813     0.00689863
302     0.0205427     0.00725662     0.00725662     0.00725662     0.00764947     0.00783252     0.00752347
306     0.0216137     0.00792865     0.00792865     0.00792865     0.00838374     0.00859508     0.00823819
310     0.0232688     0.00885547     0.00885547     0.00885547     0.00939324     0.00964208     0.00922175
314     0.0263842     0.0104176     0.0104176     0.0104176     0.0110915     0.0114022     0.0108772
318     0.0267737     0.0109355     0.0109355     0.0109355     0.0116913     0.0120387     0.0114516
322     0.0313495     0.013233     0.013233     0.013233     0.0142161     0.0146666     0.0139052
326     0.0364122     0.0158872     0.0158872     0.0158872     0.0171554     0.0177348     0.0167553
330     0.0390409     0.0175898     0.0175898     0.0175898     0.0191033     0.0197921     0.0186272
334     0.0405013     0.0188334     0.0188334     0.0188334     0.0205997     0.0213994     0.0200464
338     0.0471217     0.0225858     0.0225858     0.0225858     0.0248821     0.0259158     0.0241658
342     0.0530606     0.0262572     0.0262572     0.0262572     0.0291687     0.0304722     0.0282641
346     0.0614334     0.0314187     0.0314187     0.0314187     0.0352517     0.0369683     0.034061
350     0.0709746     0.0377764     0.0377764     0.0377764     0.042876     0.0451605     0.0412917
354     0.0769135     0.042841     0.042841     0.042841     0.0491398     0.0519669     0.0471807
358     0.089278     0.0521367     0.0521367     0.0521367     0.0603896     0.0641054     0.0578172
362     0.115175     0.0705309     0.0705309     0.0705309     0.0823924     0.0877433     0.0786899
366     0.13455     0.086164     0.086164     0.086164     0.101225     0.108028     0.0965182
370     0.166386     0.111481     0.111481     0.111481     0.131302     0.140274     0.125097
374     0.206109     0.144705     0.144705     0.144705     0.170087     0.18161     0.162122
378     0.25693     0.189674     0.189674     0.189674     0.221261     0.235652     0.211319
382     0.345526     0.268952     0.268952     0.268952     0.309597     0.328187     0.296759
386     0.435681     0.359972     0.359972     0.359972     0.406731     0.428218     0.391898
390     0.570912     0.506899     0.506899     0.506899     0.559144     0.583301     0.542469
394     0.707896     0.684593     0.684593     0.684593     0.735221     0.758865     0.718904
398     0.777605     0.821848     0.821848     0.821848     0.857803     0.874953     0.845967
402     0.737688     0.837431     0.837431     0.837431     0.849635     0.853979     0.847233
406     0.631567     0.745924     0.745924     0.745924     0.736161     0.732417     0.738731
410     0.481926     0.577801     0.577801     0.577801     0.555964     0.546521     0.562462
414     0.37269     0.44938     0.44938     0.44938     0.422746     0.410966     0.430855
418     0.288085     0.349263     0.349263     0.349263     0.32205     0.309886     0.330422
422     0.222368     0.271901     0.271901     0.271901     0.246355     0.234856     0.254268
426     0.168918     0.208911     0.208911     0.208911     0.186652     0.176575     0.193581
430     0.138444     0.173658     0.173658     0.173658     0.153245     0.14397     0.159622
434     0.104563     0.133393     0.133393     0.133393     0.116525     0.108845     0.121807
438     0.0908358     0.117947     0.117947     0.117947     0.102186     0.0949958     0.107131
442     0.0759399     0.100522     0.100522     0.100522     0.0864519     0.0800109     0.0908801
446     0.061044     0.0823761     0.0823761     0.0823761     0.0704306     0.0649357     0.0742043
450     0.0562734     0.0774123     0.0774123     0.0774123     0.065856     0.0605171     0.0695189
454     0.0466349     0.065389     0.065389     0.065389     0.0554023     0.0507769     0.0585742
458     0.045856     0.0655718     0.0655718     0.0655718     0.055371     0.050644     0.0586136
462     0.0316416     0.0461324     0.0461324     0.0461324     0.0388345     0.0354559     0.041154
466     0.0307654     0.0457565     0.0457565     0.0457565     0.0384071     0.035011     0.0407415
470     0.0259948     0.0394509     0.0394509     0.0394509     0.0330306     0.0300673     0.0350685
474     0.0266763     0.0412924     0.0412924     0.0412924     0.0345062     0.0313748     0.036661
478     0.023074     0.0363965     0.0363965     0.0363965     0.0303568     0.0275661     0.032277
482     0.0197638     0.0317769     0.0317769     0.0317769     0.0264541     0.0239881     0.0281499
486     0.0184008     0.0301486     0.0301486     0.0301486     0.025046     0.022675     0.0266756
490     0.0158695     0.0265094     0.0265094     0.0265094     0.0219989     0.0198985     0.0234421
494     0.0144091     0.0245023     0.0245023     0.0245023     0.020298     0.018339     0.0216442
498     0.0130461     0.0226035     0.0226035     0.0226035     0.0186965     0.016876     0.019948
502     0.0126566     0.0223188     0.0223188     0.0223188     0.0184401     0.0166315     0.0196834
506     0.010028     0.0180002     0.0180002     0.0180002     0.0148473     0.0133748     0.0158594
510     0.0121699     0.0222342     0.0222342     0.0222342     0.0183116     0.0164751     0.0195735
514     0.00876229     0.0162881     0.0162881     0.0162881     0.0133977     0.0120403     0.0143299
518     0.00788606     0.0149267     0.0149267     0.0149267     0.0122627     0.0110075     0.013124
522     0.00876229     0.0168696     0.0168696     0.0168696     0.0138414     0.0124112     0.0148223
526     0.0082755     0.0161946     0.0161946     0.0161946     0.0132655     0.0118804     0.0142153
530     0.00691248     0.0137728     0.0137728     0.0137728     0.0112579     0.0100686     0.0120739
534     0.00545209     0.0110285     0.0110285     0.0110285     0.00900473     0.00804846     0.00966117
538     0.00623096     0.0128051     0.0128051     0.0128051     0.0104375     0.00931997     0.0112052
542     0.00593889     0.0123983     0.0123983     0.0123983     0.0100889     0.00899937     0.0108377
546     0.00554945     0.0117849     0.0117849     0.0117849     0.00957377     0.00853018     0.0102911
550     0.0049653     0.0107139     0.0107139     0.0107139     0.00868092     0.00772084     0.00934104
554     0.00467322     0.0102484     0.0102484     0.0102484     0.00830338     0.00738414     0.00893541
558     0.00457586     0.0101882     0.0101882     0.0101882     0.00823501     0.0073106     0.00887046
562     0.00457586     0.0103269     0.0103269     0.0103269     0.00833751     0.00739438     0.00898566
566     0.00311548     0.0071272     0.0071272     0.0071272     0.00574728     0.00509153     0.00619769
570     0.00360228     0.00836477     0.00836477     0.00836477     0.00673221     0.0059549     0.00726602
574     0.0049653     0.0116913     0.0116913     0.0116913     0.00938549     0.008287     0.01014
578     0.00408907     0.00978786     0.00978786     0.00978786     0.00784956     0.00692606     0.00848399
582     0.00379699     0.00921156     0.00921156     0.00921156     0.00737204     0.0064954     0.00797448
586     0.00253133     0.00622615     0.00622615     0.00622615     0.00497226     0.00437412     0.00538331
590     0.00360228     0.00899591     0.00899591     0.00899591     0.0071733     0.00630286     0.00777149
594     0.00243397     0.0061794     0.0061794     0.0061794     0.00491692     0.00431302     0.00533176
598     0.00223925     0.00578312     0.00578312     0.00578312     0.00459044     0.00401896     0.00498296
602     0.00155774     0.00407687     0.00407687     0.00407687     0.00322936     0.00282247     0.00350869
606     0.00253133     0.00672012     0.00672012     0.00672012     0.00531516     0.00463896     0.00577916
610     0.00272605     0.00731232     0.00731232     0.00731232     0.00577106     0.00502814     0.00628067
614     0.00253133     0.00687517     0.00687517     0.00687517     0.0054177     0.00471461     0.00590004
618     0.00204454     0.00565277     0.00565277     0.00565277     0.00444507     0.0038622     0.00484497
622     0.00184982     0.0051832     0.0051832     0.0051832     0.00406405     0.00352363     0.00443492
626     0.00223925     0.00636886     0.00636886     0.00636886     0.00498889     0.00432181     0.00544663
630     0.00233661     0.00672753     0.00672753     0.00672753     0.00525358     0.00454027     0.00574299
634     0.00184982     0.00538489     0.00538489     0.00538489     0.00420153     0.00362819     0.00459483
638     0.00175246     0.00517306     0.00517306     0.00517306     0.0040245     0.00346715     0.00440675
642     0.0016551     0.00495154     0.00495154     0.00495154     0.00384483     0.00330698     0.00421362
646     0.00107095     0.00324478     0.00324478     0.00324478     0.0025134     0.00215738     0.00275745
650     0.00116831     0.00359486     0.00359486     0.00359486     0.00277711     0.00237857     0.0030503
654     0.00155774     0.00486499     0.00486499     0.00486499     0.00375223     0.00320973     0.00412418
658     0.00107095     0.00338318     0.00338318     0.00338318     0.00260187     0.00222096     0.00286312
662     0.00126566     0.00405323     0.00405323     0.00405323     0.00310669     0.00264461     0.00342348
666     0.00136302     0.00443064     0.00443064     0.00443064     0.00338746     0.00287701     0.00373723
670     0.000876229     0.00288201     0.00288201     0.00288201     0.00220164     0.00186808     0.00243011
674     0.00155774     0.00518786     0.00518786     0.00518786     0.00395317     0.00334717     0.00436821
678     0.000584153     0.00196609     0.00196609     0.00196609     0.00149445     0.00126282     0.0016531
682     0.000876229     0.00298717     0.00298717     0.00298717     0.00226832     0.00191515     0.00251028
686     0.000778871     0.00268167     0.00268167     0.00268167     0.00202973     0.00170917     0.00224935
690     0.00126566     0.00441708     0.00441708     0.00441708     0.00333151     0.00279689     0.0036977
694     0     0     0     0     0     0     0
698     0     0     0     0     0     0     0
702     0     0     0     0     0     0     0
706     0     0     0     0     0     0     0
710     0     0     0     0     0     0     0
714     0     0     0     0     0     0     0
718     0     0     0     0     0     0     0
722     0     0     0     0     0     0     0
726     0     0     0     0     0     0     0
730     0     0     0     0     0     0     0
734     0     0     0     0     0     0     0
738     0     0     0     0     0     0     0
742     0     0     0     0     0     0     0
746     0     0     0     0     0     0     0
750     0     0     0     0     0     0     0
754     0     0     0     0     0     0     0
758     0     0     0     0     0     0     0
762     0     0     0     0     0     0     0
766     0     0     0     0     0     0     0
770     0     0     0     0     0     0     0
774     0     0     0     0     0     0     0
778     0     0     0     0     0     0     0
782     0     0     0     0     0     0     0
786     0     0     0     0     0     0     0
790     0     0     0     0     0     0     0
794     0     0     0     0     0     0     0
798     0     0     0     0     0     0     0
802     0     0     0     0     0     0     0
806     0     0     0     0     0     0     0
810     0     0     0     0     0     0     0
814     0     0     0     0     0     0     0
818     0     0     0     0     0     0     0
822     0     0     0     0     0     0     0
826     0     0     0     0     0     0     0
830     0     0     0     0     0     0     0
834     0     0     0     0     0     0     0
838     0     0     0     0     0     0     0
842     0     0     0     0     0     0     0
846     0     0     0     0     0     0     0
850     0     0     0     0     0     0     0
854     0     0     0     0     0     0     0
858     0     0     0     0     0     0     0
862     0     0     0     0     0     0     0
866     0     0     0     0     0     0     0
870     0     0     0     0     0     0     0
874     0     0     0     0     0     0     0
878     0     0     0     0     0     0     0
882     0     0     0     0     0     0     0
886     0     0     0     0     0     0     0
890     0     0     0     0     0     0     0
894     0     0     0     0     0     0     0
898     0     0     0     0     0     0     0
902     0     0     0     0     0     0     0
906     0     0     0     0     0     0     0
910     0     0     0     0     0     0     0
914     0     0     0     0     0     0     0
918     0     0     0     0     0     0     0
922     0     0     0     0     0     0     0
926     0     0     0     0     0     0     0
930     0     0     0     0     0     0     0
934     0     0     0     0     0     0     0
938     0     0     0     0     0     0     0
942     0     0     0     0     0     0     0
946     0     0     0     0     0     0     0
950     0     0     0     0     0     0     0
954     0     0     0     0     0     0     0
958     0     0     0     0     0     0     0
962     0     0     0     0     0     0     0
966     0     0     0     0     0     0     0
970     0     0     0     0     0     0     0
974     0     0     0     0     0     0     0
978     0     0     0     0     0     0     0
982     0     0     0     0     0     0     0
986     0     0     0     0     0     0     0
990     0     0     0     0     0     0     0
994     0     0     0     0     0     0     0
998     0     0     0     0     0     0     0
1002     0     0     0     0     0     0     0
1006     0     0     0     0     0     0     0
1010     0     0     0     0     0     0     0
1014     0     0     0     0     0     0     0
1018     0     0     0     0     0     0     0
1022     0     0     0     0     0     0     0
1026     0     0     0     0     0     0     0
1030     0     0     0     0     0     0     0
1034     0     0     0     0     0     0     0
1038     0     0     0     0     0     0     0
1042     0     0     0     0     0     0     0
1046     0     0     0     0     0     0     0
1050     0     0     0     0     0     0     0
1054     0     0     0     0     0     0     0
1058     0     0     0     0     0     0     0
1062     0     0     0     0     0     0     0
1066     0     0     0     0     0     0     0
1070     0     0     0     0     0     0     0
1074     0     0     0     0     0     0     0
1078     0     0     0     0     0     0     0
1082     0     0     0     0     0     0     0
1086     0     0     0     0     0     0     0
1090     0     0     0     0     0     0     0
1094     0     0     0     0     0     0     0
1098     0     0     0     0     0     0     0
1102     0     0     0     0     0     0     0
1106     0     0     0     0     0     0     0
1110     0     0     0     0     0     0     0
1114     0     0     0     0     0     0     0
1118     0     0     0     0     0     0     0
1122     0     0     0     0     0     0     0
1126     0     0     0     0     0     0     0
1130     0     0     0     0     0     0     0
1134     0     0     0     0     0     0     0
1138     0     0     0     0     0     0     0
1142     0     0     0     0     0     0     0
1146     0     0     0     0     0     0     0
1150     0     0     0     0     0     0     0
1154     0     0     0     0     0     0     0
1158     0     0     0     0     0     0     0
1162     0     0     0     0     0     0     0
1166     0     0     0     0     0     0     0
1170     0     0     0     0     0     0     0
1174     0     0     0     0     0     0     0
1178     0     0     0     0     0     0     0
1182     0     0     0     0     0     0     0
1186     0     0     0     0     0     0     0
1190     0     0     0     0     0     0     0
1194     0     0     0     0     0     0     0
1198     0     0     0     0     0     0     0
1202     0     0     0     0     0     0     0
1206     0     0     0     0     0     0     0
1210     0     0     0     0     0     0     0
1214     0     0     0     0     0     0     0
1218     0     0     0     0     0     0     0
1222     0     0     0     0     0     0     0
1226     0     0     0     0     0     0     0
1230     0     0     0     0     0     0     0
1234     0     0     0     0     0     0     0
1238     0     0     0     0     0     0     0
1242     0     0     0     0     0     0     0
1246     0     0     0     0     0     0     0
1250     0     0     0     0     0     0     0
1254     0     0     0     0     0     0     0
1258     0     0     0     0     0     0     0
1262     0     0     0     0     0     0     0
1266     0     0     0     0     0     0     0
1270     0     0     0     0     0     0     0
1274     0     0     0     0     0     0     0
1278     0     0     0     0     0     0     0
1282     0     0     0     0     0     0     0
1286     0     0     0     0     0     0     0
1290     0     0     0     0     0     0     0
1294     0     0     0     0     0     0     0
1298     0     0     0     0     0     0     0
1302     0     0     0     0     0     0     0
1306     0     0     0     0     0     0     0
1310     0     0     0     0     0     0     0
1314     0     0     0     0     0     0     0
1318     0     0     0     0     0     0     0
1322     0     0     0     0     0     0     0
1326     0     0     0     0     0     0     0
1330     0     0     0     0     0     0     0
1334     0     0     0     0     0     0     0
1338     0     0     0     0     0     0     0
1342     0     0     0     0     0     0     0
1346     0     0     0     0     0     0     0
1350     0     0     0     0     0     0     0
1354     0     0     0     0     0     0     0
1358     0     0     0     0     0     0     0
1362     0     0     0     0     0     0     0
1366     0     0     0     0     0     0     0
1370     0     0     0     0     0     0     0
1374     0     0     0     0     0     0     0
1378     0     0     0     0     0     0     0
1382     0     0     0     0     0     0     0
1386     0     0     0     0     0     0     0
1390     0     0     0     0     0     0     0
1394     0     0     0     0     0     0     0
1398     0     0     0     0     0     0     0
1402     0     0     0     0     0     0     0
1406     0     0     0     0     0     0     0
1410     0     0     0     0     0     0     0
1414     0     0     0     0     0     0     0
1418     0     0     0     0     0     0     0
1422     0     0     0     0     0     0     0
1426     0     0     0     0     0     0     0
1430     0     0     0     0     0     0     0
1434     0     0     0     0     0     0     0
1438     0     0     0     0     0     0     0
1442     0     0     0     0     0     0     0
1446     0     0     0     0     0     0     0
1450     0     0     0     0     0     0     0
1454     0     0     0     0     0     0     0
1458     0     0     0     0     0     0     0
1462     0     0     0     0     0     0     0
1466     0     0     0     0     0     0     0
1470     0     0     0     0     0     0     0
1474     0     0     0     0     0     0     0
1478     0     0     0     0     0     0     0
1482     0     0     0     0     0     0     0
1486     0     0     0     0     0     0     0
1490     0     0     0     0     0     0     0
1494     0     0     0     0     0     0     0
1498     0     0     0     0     0     0     0
1502     0     0     0     0     0     0     0
1506     0     0     0     0     0     0     0
1510     0     0     0     0     0     0     0
1514     0     0     0     0     0     0     0
1518     0     0     0     0     0     0     0
1522     0     0     0     0     0     0     0
1526     0     0     0     0     0     0     0
1530     0     0     0     0     0     0     0
1534     0     0     0     0     0     0     0
1538     0     0     0     0     0     0     0
1542     0     0     0     0     0     0     0
1546     0     0     0     0     0     0     0
1550     0     0     0     0     0     0     0
1554     0     0     0     0     0     0     0
1558     0     0     0     0     0     0     0
1562     0     0     0     0     0     0     0
1566     0     0     0     0     0     0     0
1570     0     0     0     0     0     0     0
1574     0     0     0     0     0     0     0
1578     0     0     0     0     0     0     0
1582     0     0     0     0     0     0     0
1586     0     0     0     0     0     0     0
1590     0     0     0     0     0     0     0
1594     0     0     0     0     0     0     0
1598     0     0     0     0     0     0     0
1602     0     0     0     0     0     0     0
1606     0     0     0     0     0     0     0
1610     0     0     0     0     0     0     0
1614     0     0     0     0     0     0     0
1618     0     0     0     0     0     0     0
1622     0     0     0     0     0     0     0
1626     0     0     0     0     0     0     0
1630     0     0     0     0     0     0     0
1634     0     0     0     0     0     0     0
1638     0     0     0     0     0     0     0
1642     0     0     0     0     0     0     0
1646     0     0     0     0     0     0     0
1650     0     0     0     0     0     0     0
1654     0     0     0     0     0     0     0
1658     0     0     0     0     0     0     0
1662     0     0     0     0     0     0     0
1666     0     0     0     0     0     0     0
1670     0     0     0     0     0     0     0
1674     0     0     0     0     0     0     0
1678     0     0     0     0     0     0     0
1682     0     0     0     0     0     0     0
1686     0     0     0     0     0     0     0
1690     0     0     0     0     0     0     0
1694     0     0     0     0     0     0     0
1698     0     0     0     0     0     0     0
1702     0     0     0     0     0     0     0
1706     0     0     0     0     0     0     0
1710     0     0     0     0     0     0     0
1714     0     0     0     0     0     0     0
1718     0     0     0     0     0     0     0
1722     0     0     0     0     0     0     0
1726     0     0     0     0     0     0     0
1730     0     0     0     0     0     0     0
1734     0     0     0     0     0     0     0
1738     0     0     0     0     0     0     0
1742     0     0     0     0     0     0     0
1746     0     0     0     0     0     0     0
1750     0     0     0     0     0     0     0
1754     0     0     0     0     0     0     0
1758     0     0     0     0     0     0     0
1762     0     0     0     0     0     0     0
1766     0     0     0     0     0     0     0
1770     0     0     0     0     0     0     0
1774     0     0     0     0     0     0     0
1778     0     0     0     0     0     0     0
1782     0     0     0     0     0     0     0
1786     0     0     0     0     0     0     0
1790     0     0     0     0     0     0     0
1794     0     0     0     0     0     0     0
1798     0     0     0     0     0     0     0
1802     0     0     0     0     0     0     0
1806     0     0     0     0     0     0     0
1810     0     0     0     0     0     0     0
1814     0     0     0     0     0     0     0
1818     0     0     0     0     0     0     0
1822     0     0     0     0     0     0     0
1826     0     0     0     0     0     0     0
1830     0     0     0     0     0     0     0
1834     0     0     0     0     0     0     0
1838     0     0     0     0     0     0     0
1842     0     0     0     0     0     0     0
1846     0     0     0     0     0     0     0
1850     0     0     0     0     0     0     0
1854     0     0     0     0     0     0     0
1858     0     0     0     0     0     0     0
1862     0     0     0     0     0     0     0
1866     0     0     0     0     0     0     0
1870     0     0     0     0     0     0     0
1874     0     0     0     0     0     0     0
1878     0     0     0     0     0     0     0
1882     0     0     0     0     0     0     0
1886     0     0     0     0     0     0     0
1890     0     0     0     0     0     0     0
1894     0     0     0     0     0     0     0
1898     0     0     0     0     0     0     0
1902     0     0     0     0     0     0     0
1906     0     0     0     0     0     0     0
1910     0     0     0     0     0     0     0
1914     0     0     0     0     0     0     0
1918     0     0     0     0     0     0     0
1922     0     0     0     0     0     0     0
1926     0     0     0     0     0     0     0
1930     0     0     0     0     0     0     0
1934     0     0     0     0     0     0     0
1938     0     0     0     0     0     0     0
1942     0     0     0     0     0     0     0
1946     0     0     0     0     0     0     0
1950     0     0     0     0     0     0     0
1954     0     0     0     0     0     0     0
1958     0     0     0     0     0     0     0
1962     0     0     0     0     0     0     0
1966     0     0     0     0     0     0     0
1970     0     0     0     0     0     0     0
1974     0     0     0     0     0     0     0
1978     0     0     0     0     0     0     0
1982     0     0     0     0     0     0     0
1986     0     0     0     0     0     0     0
1990     0     0     0     0     0     0     0
1994     0     0     0     0     0     0     0
1998     0     0     0     0     0     0     0
2002     0     0     0     0     0     0     0
2006     0     0     0     0     0     0     0
2010     0     0     0     0     0     0     0
2014     0     0     0     0     0     0     0
2018     0     0     0     0     0     0     0
2022     0     0     0     0     0     0     0
2026     0     0     0     0     0     0     0
2030     0     0     0     0     0     0     0
2034     0     0     0     0     0     0     0
2038     0     0     0     0     0     0     0
2042     0     0     0     0     0     0     0
2046     0     0     0     0     0     0     0
2050     0     0     0     0     0     0     0
2054     0     0     0     0     0     0     0
2058     0     0     0     0     0     0     0
2062     0     0     0     0     0     0     0
2066     0     0     0     0     0     0     0
2070     0     0     0     0     0     0     0
2074     0     0     0     0     0     0     0
2078     0     0     0     0     0     0     0
2082     0     0     0     0     0     0     0
2086     0     0     0     0     0     0     0
2090     0     0     0     0     0     0     0
2094     0     0     0     0     0     0     0
2098     0     0     0     0     0     0     0
2102     0     0     0     0     0     0     0
2106     0     0     0     0     0     0     0
2110     0     0     0     0     0     0     0
2114     0     0     0     0     0     0     0
2118     0     0     0     0     0     0     0
2122     0     0     0     0     0     0     0
2126     0     0     0     0     0     0     0
2130     0     0     0     0     0     0     0
2134     0     0     0     0     0     0     0
2138     0     0     0     0     0     0     0
2142     0     0     0     0     0     0     0
2146     0     0     0     0     0     0     0
2150     0     0     0     0     0     0     0
2154     0     0     0     0     0     0     0
2158     0     0     0     0     0     0     0
2162     0     0     0     0     0     0     0
2166     0     0     0     0     0     0     0
2170     0     0     0     0     0     0     0
2174     0     0     0     0     0     0     0
2178     0     0     0     0     0     0     0
2182     0     0     0     0     0     0     0
2186     0     0     0     0     0     0     0
2190     0     0     0     0     0     0     0
2194     0     0     0     0     0     0     0
2198     0     0     0     0     0     0     0
2202     0     0     0     0     0     0     0
2206     0     0     0     0     0     0     0
2210     0     0     0     0     0     0     0
2214     0     0     0     0     0     0     0
2218     0     0     0     0     0     0     0
2222     0     0     0     0     0     0     0
2226     0     0     0     0     0     0     0
2230     0     0     0     0     0     0     0
2234     0     0     0     0     0     0     0
2238     0     0     0     0     0     0     0
2242     0     0     0     0     0     0     0
2246     0     0     0     0     0     0     0
2250     0     0     0     0     0     0     0
2254     0     0     0     0     0     0     0
2258     0     0     0     0     0     0     0
2262     0     0     0     0     0     0     0
2266     0     0     0     0     0     0     0
2270     0     0     0     0     0     0     0
2274     0     0     0     0     0     0     0
2278     0     0     0     0     0     0     0
2282     0     0     0     0     0     0     0
2286     0     0     0     0     0     0     0
2290     0     0     0     0     0     0     0
2294     0     0     0     0     0     0     0
2298     0     0     0     0     0     0     0
2302     0     0     0     0     0     0     0
2306     0     0     0     0     0     0     0
2310     0     0     0     0     0     0     0
2314     0     0     0     0     0     0     0
2318     0     0     0     0     0     0     0
2322     0     0     0     0     0     0     0
2326     0     0     0     0     0     0     0
2330     0     0     0     0     0     0     0
2334     0     0     0     0     0     0     0
2338     0     0     0     0     0     0     0
2342     0     0     0     0     0     0     0
2346     0     0     0     0     0     0     0
2350     0     0     0     0     0     0     0
2354     0     0     0     0     0     0     0
2358     0     0     0     0     0     0     0
2362     0     0     0     0     0     0     0
2366     0     0     0     0     0     0     0
2370     0     0     0     0     0     0     0
2374     0     0     0     0     0     0     0
2378     0     0     0     0     0     0     0
2382     0     0     0     0     0     0     0
2386     0     0     0     0     0     0     0
2390     0     0     0     0     0     0     0
2394     0     0     0     0     0     0     0
2398     0     0     0     0     0     0     0
2402     0     0     0     0     0     0     0
2406     0     0     0     0     0     0     0
2410     0     0     0     0     0     0     0
2414     0     0     0     0     0     0     0
2418     0     0     0     0     0     0     0
2422     0     0     0     0     0     0     0
2426     0     0     0     0     0     0     0
2430     0     0     0     0     0     0     0
2434     0     0     0     0     0     0     0
2438     0     0     0     0     0     0     0
2442     0     0     0     0     0     0     0
2446     0     0     0     0     0     0     0
2450     0     0     0     0     0     0     0
2454     0     0     0     0     0     0     0
2458     0     0     0     0     0     0     0
2462     0     0     0     0     0     0     0
2466     0     0     0     0     0     0     0
2470     0     0     0     0     0     0     0
2474     0     0     0     0     0     0     0
2478     0     0     0     0     0     0     0
2482     0     0     0     0     0     0     0
2486     0     0     0     0     0     0     0
2490     0     0     0     0     0     0     0
2494     0     0     0     0     0     0     0
2498     0     0     0     0     0     0     0
2502     0     0     0     0     0     0     0
2506     0     0     0     0     0     0     0
2510     0     0     0     0     0     0     0
2514     0     0     0     0     0     0     0
2518     0     0     0     0     0     0     0
2522     0     0     0     0     0     0     0
2526     0     0     0     0     0     0     0
2530     0     0     0     0     0     0     0
2534     0     0     0     0     0     0     0
2538     0     0     0     0     0     0     0
2542     0     0     0     0     0     0     0
2546     0     0     0     0     0     0     0
2550     0     0     0     0     0     0     0
2554     0     0     0     0     0     0     0
2558     0     0     0     0     0     0     0
2562     0     0     0     0     0     0     0
2566     0     0     0     0     0     0     0
2570     0     0     0     0     0     0     0
2574     0     0     0     0     0     0     0
2578     0     0     0     0     0     0     0
2582     0     0     0     0     0     0     0
2586     0     0     0     0     0     0     0
2590     0     0     0     0     0     0     0
2594     0     0     0     0     0     0     0
2598     0     0     0     0     0     0     0
2602     0     0     0     0     0     0     0
2606     0     0     0     0     0     0     0
2610     0     0     0     0     0     0     0
2614     0     0     0     0     0     0     0
2618     0     0     0     0     0     0     0
2622     0     0     0     0     0     0     0
2626     0     0     0     0     0     0     0
2630     0     0     0     0     0     0     0
2634     0     0     0     0     0     0     0
2638     0     0     0     0     0     0     0
2642     0     0     0     0     0     0     0
2646     0     0     0     0     0     0     0
2650     0     0     0     0     0     0     0
2654     0     0     0     0     0     0     0
2658     0     0     0     0     0     0     0
2662     0     0     0     0     0     0     0
2666     0     0     0     0     0     0     0
2670     0     0     0     0     0     0     0
2674     0     0     0     0     0     0     0
2678     0     0     0     0     0     0     0
2682     0     0     0     0     0     0     0
2686     0     0     0     0     0     0     0
2690     0     0     0     0     0     0     0
2694     0     0     0     0     0     0     0
2698     0     0     0     0     0     0     0
2702     0     0     0     0     0     0     0
2706     0     0     0     0     0     0     0
2710     0     0     0     0     0     0     0
2714     0     0     0     0     0     0     0
2718     0     0     0     0     0     0     0
2722     0     0     0     0     0     0     0
2726     0     0     0     0     0     0     0
2730     0     0     0     0     0     0     0
2734     0     0     0     0     0     0     0
2738     0     0     0     0     0     0     0
2742     0     0     0     0     0     0     0
2746     0     0     0     0     0     0     0
2750     0     0     0     0     0     0     0
2754     0     0     0     0     0     0     0
2758     0     0     0     0     0     0     0
2762     0     0     0     0     0     0     0
2766     0     0     0     0     0     0     0
2770     0     0     0     0     0     0     0
2774     0     0     0     0     0     0     0
2778     0     0     0     0     0     0     0
2782     0     0     0     0     0     0     0
2786     0     0     0     0     0     0     0
2790     0     0     0     0     0     0     0
2794     0     0     0     0     0     0     0
2798     0     0     0     0     0     0     0
2802     0     0     0     0     0     0     0
2806     0     0     0     0     0     0     0
2810     0     0     0     0     0     0     0
2814     0     0     0     0     0     0     0
2818     0     0     0     0     0     0     0
2822     0     0     0     0     0     0     0
2826     0     0     0     0     0     0     0
2830     0     0     0     0     0     0     0
2834     0     0     0     0     0     0     0
2838     0     0     0     0     0     0     0
2842     0     0     0     0     0     0     0
2846     0     0     0     0     0     0     0
2850     0     0     0     0     0     0     0
2854     0     0     0     0     0     0     0
2858     0     0     0     0     0     0     0
2862     0     0     0     0     0     0     0
2866     0     0     0     0     0     0     0
2870     0     0     0     0     0     0     0
2874     0     0     0     0     0     0     0
2878     0     0     0     0     0     0     0
2882     0     0     0     0     0     0     0
2886     0     0     0     0     0     0     0
2890     0     0     0     0     0     0     0
2894     0     0     0     0     0     0     0
2898     0     0     0     0     0     0     0
2902     0     0     0     0     0     0     0
2906     0     0     0     0     0     0     0
2910     0     0     0     0     0     0     0
2914     0     0     0     0     0     0     0
2918     0     0     0     0     0     0     0
2922     0     0     0     0     0     0     0
2926     0     0     0     0     0     0     0
2930     0     0     0     0     0     0     0
2934     0     0     0     0     0     0     0
2938     0     0     0     0     0     0     0
2942     0     0     0     0     0     0     0
2946     0     0     0     0     0     0     0
2950     0     0     0     0     0     0     0
2954     0     0     0     0     0     0     0
2958     0     0     0     0     0     0     0
2962     0     0     0     0     0     0     0
2966     0     0     0     0     0     0     0
2970     0     0     0     0     0     0     0
2974     0     0     0     0     0     0     0
2978     0     0     0     0     0     0     0
2982     0     0     0     0     0     0     0
2986     0     0     0     0     0     0     0
2990     0     0     0     0     0     0     0
2994     0     0     0     0     0     0     0
2998     0     0     0     0     0     0     0
3002     0     0     0     0     0     0     0
3006     0     0     0     0     0     0     0
3010     0     0     0     0     0     0     0
3014     0     0     0     0     0     0     0
3018     0     0     0     0     0     0     0
3022     0     0     0     0     0     0     0
3026     0     0     0     0     0     0     0
3030     0     0     0     0     0     0     0
3034     0     0     0     0     0     0     0
3038     0     0     0     0     0     0     0
3042     0     0     0     0     0     0     0
3046     0     0     0     0     0     0     0
3050     0     0     0     0     0     0     0
3054     0     0     0     0     0     0     0
3058     0     0     0     0     0     0     0
3062     0     0     0     0     0     0     0
3066     0     0     0     0     0     0     0
3070     0     0     0     0     0     0     0
3074     0     0     0     0     0     0     0
3078     0     0     0     0     0     0     0
3082     0     0     0     0     0     0     0
3086     0     0     0     0     0     0     0
3090     0     0     0     0     0     0     0
3094     0     0     0     0     0     0     0
3098     0     0     0     0     0     0     0
3102     0     0     0     0     0     0     0
3106     0     0     0     0     0     0     0
3110     0     0     0     0     0     0     0
3114     0     0     0     0     0     0     0
3118     0     0     0     0     0     0     0
3122     0     0     0     0     0     0     0
3126     0     0     0     0     0     0     0
3130     0     0     0     0     0     0     0
3134     0     0     0     0     0     0     0
3138     0     0     0     0     0     0     0
3142     0     0     0     0     0     0     0
3146     0     0     0     0     0     0     0
3150     0     0     0     0     0     0     0
3154     0     0     0     0     0     0     0
3158     0     0     0     0     0     0     0
3162     0     0     0     0     0     0     0
3166     0     0     0     0     0     0     0
3170     0     0     0     0     0     0     0
3174     0     0     0     0     0     0     0
3178     0     0     0     0     0     0     0
3182     0     0     0     0     0     0     0
3186     0     0     0     0     0     0     0
3190     0     0     0     0     0     0     0
3194     0     0     0     0     0     0     0
3198     0     0     0     0     0     0     0
3202     0     0     0     0     0     0     0
3206     0     0     0     0     0     0     0
3210     0     0     0     0     0     0     0
3214     0     0     0     0     0     0     0
3218     0     0     0     0     0     0     0
3222     0     0     0     0     0     0     0
3226     0     0     0     0     0     0     0
3230     0     0     0     0     0     0     0
3234     0     0     0     0     0     0     0
3238     0     0     0     0     0     0     0
3242     0     0     0     0     0     0     0
3246     0     0     0     0     0     0     0
3250     0     0     0     0     0     0     0
3254     0     0     0     0     0     0     0
3258     0     0     0     0     0     0     0
3262     0     0     0     0     0     0     0
3266     0     0     0     0     0     0     0
3270     0     0     0     0     0     0     0
3274     0     0     0     0     0     0     0
3278     0     0     0     0     0     0     0
3282     0     0     0     0     0     0     0
3286     0     0     0     0     0     0     0
3290     0     0     0     0     0     0     0
3294     0     0     0     0     0     0     0
3298     0     0     0     0     0     0     0
3302     0     0     0     0     0     0     0
3306     0     0     0     0     0     0     0
3310     0     0     0     0     0     0     0
3314     0     0     0     0     0     0     0
3318     0     0     0     0     0     0     0
3322     0     0     0     0     0     0     0
3326     0     0     0     0     0     0     0
3330     0     0     0     0     0     0     0
3334     0     0     0     0     0     0     0
3338     0     0     0     0     0     0     0
3342     0     0     0     0     0     0     0
3346     0     0     0     0     0     0     0
3350     0     0     0     0     0     0     0
3354     0     0     0     0     0     0     0
3358     0     0     0     0     0     0     0
3362     0     0     0     0     0     0     0
3366     0     0     0     0     0     0     0
3370     0     0     0     0     0     0     0
3374     0     0     0     0     0     0     0
3378     0     0     0     0     0     0     0
3382     0     0     0     0     0     0     0
3386     0     0     0     0     0     0     0
3390     0     0     0     0     0     0     0
3394     0     0     0     0     0     0     0
3398     0     0     0     0     0     0     0
3402     0     0     0     0     0     0     0
3406     0     0     0     0     0     0     0
3410     0     0     0     0     0     0     0
3414     0     0     0     0     0     0     0
3418     0     0     0     0     0     0     0
3422     0     0     0     0     0     0     0
3426     0     0     0     0     0     0     0
3430     0     0     0     0     0     0     0
3434     0     0     0     0     0     0     0
3438     0     0     0     0     0     0     0
3442     0     0     0     0     0     0     0
3446     0     0     0     0     0     0     0
3450     0     0     0     0     0     0     0
3454     0     0     0     0     0     0     0
3458     0     0     0     0     0     0     0
3462     0     0     0     0     0     0     0
3466     0     0     0     0     0     0     0
3470     0     0     0     0     0     0     0
3474     0     0     0     0     0     0     0
3478     0     0     0     0     0     0     0
3482     0     0     0     0     0     0     0
3486     0     0     0     0     0     0     0
3490     0     0     0     0     0     0     0
3494     0     0     0     0     0     0     0
3498     0     0     0     0     0     0     0
3502     0     0     0     0     0     0     0
3506     0     0     0     0     0     0     0
3510     0     0     0     0     0     0     0
3514     0     0     0     0     0     0     0
3518     0     0     0     0     0     0     0
3522     0     0     0     0     0     0     0
3526     0     0     0     0     0     0     0
3530     0     0     0     0     0     0     0
3534     0     0     0     0     0     0     0
3538     0     0     0     0     0     0     0
3542     0     0     0     0     0     0     0
3546     0     0     0     0     0     0     0
3550     0     0     0     0     0     0     0
3554     0     0     0     0     0     0     0
3558     0     0     0     0     0     0     0
3562     0     0     0     0     0     0     0
3566     0     0     0     0     0     0     0
3570     0     0     0     0     0     0     0
3574     0     0     0     0     0     0     0
3578     0     0     0     0     0     0     0
3582     0     0     0     0     0     0     0
3586     0     0     0     0     0     0     0
3590     0     0     0     0     0     0     0
3594     0     0     0     0     0     0     0
3598     0     0     0     0     0     0     0
3602     0     0     0     0     0     0     0
3606     0     0     0     0     0     0     0
3610     0     0     0     0     0     0     0
3614     0     0     0     0     0     0     0
3618     0     0     0     0     0     0     0
3622     0     0     0     0     0     0     0
3626     0     0     0     0     0     0     0
3630     0     0     0     0     0     0     0
3634     0     0     0     0     0     0     0
3638     0     0     0     0     0     0     0
3642     0     0     0     0     0     0     0
3646     0     0     0     0     0     0     0
3650     0     0     0     0     0     0     0
3654     0     0     0     0     0     0     0
3658     0     0     0     0     0     0     0
3662     0     0     0     0     0     0     0
3666     0     0     0     0     0     0     0
3670     0     0     0     0     0     0     0
3674     0     0     0     0     0     0     0
3678     0     0     0     0     0     0     0
3682     0     0     0     0     0     0     0
3686     0     0     0     0     0     0     0
3690     0     0     0     0     0     0     0
3694     0     0     0     0     0     0     0
3698     0     0     0     0     0     0     0
3702     0     0     0     0     0     0     0
3706     0     0     0     0     0     0     0
3710     0     0     0     0     0     0     0
3714     0     0     0     0     0     0     0
3718     0     0     0     0     0     0     0
3722     0     0     0     0     0     0     0
3726     0     0     0     0     0     0     0
3730     0     0     0     0     0     0     0
3734     0     0     0     0     0     0     0
3738     0     0     0     0     0     0     0
3742     0     0     0     0     0     0     0
3746     0     0     0     0     0     0     0
3750     0     0     0     0     0     0     0
3754     0     0     0     0     0     0     0
3758     0     0     0     0     0     0     0
3762     0     0     0     0     0     0     0
3766     0     0     0     0     0     0     0
3770     0     0     0     0     0     0     0
3774     0     0     0     0     0     0     0
3778     0     0     0     0     0     0     0
3782     0     0     0     0     0     0     0
3786     0     0     0     0     0     0     0
3790     0     0     0     0     0     0     0
3794     0     0     0     0     0     0     0
3798     0     0     0     0     0     0     0
3802     0     0     0     0     0     0     0
3806     0     0     0     0     0     0     0
3810     0     0     0     0     0     0     0
3814     0     0     0     0     0     0     0
3818     0     0     0     0     0     0     0
3822     0     0     0     0     0     0     0
3826     0     0     0     0     0     0     0
3830     0     0     0     0     0     0     0
3834     0     0     0     0     0     0     0
3838     0     0     0     0     0     0     0
3842     0     0     0     0     0     0     0
3846     0     0     0     0     0     0     0
3850     0     0     0     0     0     0     0
3854     0     0     0     0     0     0     0
3858     0     0     0     0     0     0     0
3862     0     0     0     0     0     0     0
3866     0     0     0     0     0     0     0
3870     0     0     0     0     0     0     0
3874     0     0     0     0     0     0     0
3878     0     0     0     0     0     0     0
3882     0     0     0     0     0     0     0
3886     0     0     0     0     0     0     0
3890     0     0     0     0     0     0     0
3894     0     0     0     0     0     0     0
3898     0     0     0     0     0     0     0
3902     0     0     0     0     0     0     0
3906     0     0     0     0     0     0     0
3910     0     0     0     0     0     0     0
3914     0     0     0     0     0     0     0
3918     0     0     0     0     0     0     0
3922     0     0     0     0     0     0     0
3926     0     0     0     0     0     0     0
3930     0     0     0     0     0     0     0
3934     0     0     0     0     0     0     0
3938     0     0     0     0     0     0     0
3942     0     0     0     0     0     0     0
3946     0     0     0     0     0     0     0
3950     0     0     0     0     0     0     0
3954     0     0     0     0     0     0     0
3958     0     0     0     0     0     0     0
3962     0     0     0     0     0     0     0
3966     0     0     0     0     0     0     0
3970     0     0     0     0     0     0     0
3974     0     0     0     0     0     0     0
3978     0     0     0     0     0     0     0
3982     0     0     0     0     0     0     0
3986     0     0     0     0     0     0     0
3990     0     0     0     0     0     0     0
3994     0     0     0     0     0     0     0
3998     0     0     0     0     0     0     0
