2     0     0     0     0     0     0     0
6     0     0     0     0     0     0     0
10     0     0     0     0     0     0     0
14     0     0     0     0     0     0     0
18     0     0     0     0     0     0     0
22     0     0     0     0     0     0     0
26     2.84254e-05     6.30091e-09     6.30059e-09     6.30111e-09     6.54934e-09     6.87664e-09     6.39003e-09
30     3.89834e-05     7.08748e-09     7.08712e-09     7.08771e-09     7.36692e-09     7.73508e-09     7.18772e-09
34     4.06077e-05     6.23516e-09     6.23484e-09     6.23536e-09     6.481e-09     6.80488e-09     6.32334e-09
38     5.60387e-05     7.39572e-09     7.39534e-09     7.39595e-09     7.68731e-09     8.07148e-09     7.50031e-09
42     5.52265e-05     6.34754e-09     6.34721e-09     6.34774e-09     6.5978e-09     6.92752e-09     6.43731e-09
46     6.25359e-05     6.38255e-09     6.38222e-09     6.38275e-09     6.6342e-09     6.96573e-09     6.47282e-09
50     7.30939e-05     6.67109e-09     6.67074e-09     6.6713e-09     6.93411e-09     7.28063e-09     6.76543e-09
54     7.8779e-05     6.54959e-09     6.54925e-09     6.54979e-09     6.80782e-09     7.14803e-09     6.64221e-09
58     8.20276e-05     6.2395e-09     6.23918e-09     6.2397e-09     6.48551e-09     6.80961e-09     6.32774e-09
62     9.42099e-05     6.68101e-09     6.68066e-09     6.68122e-09     6.94442e-09     7.29146e-09     6.7755e-09
66     0.000102331     6.78328e-09     6.78292e-09     6.78349e-09     7.05072e-09     7.40307e-09     6.87921e-09
70     0.000106392     6.70758e-09     6.70723e-09     6.70779e-09     6.97204e-09     7.32046e-09     6.80244e-09
74     0.000116138     7.03181e-09     7.03145e-09     7.03203e-09     7.30905e-09     7.67432e-09     7.13126e-09
78     0.000125884     7.35512e-09     7.35474e-09     7.35535e-09     7.64511e-09     8.02716e-09     7.45914e-09
82     0.000126696     7.24413e-09     7.24375e-09     7.24435e-09     7.52974e-09     7.90603e-09     7.34658e-09
86     0.000136442     7.68069e-09     7.68029e-09     7.68093e-09     7.98352e-09     8.38249e-09     7.78931e-09
90     0.000142939     7.98288e-09     7.98247e-09     7.98313e-09     8.29762e-09     8.71229e-09     8.09578e-09
94     0.000173801     9.68973e-09     9.68923e-09     9.69004e-09     1.00718e-08     1.05751e-08     9.82677e-09
98     0.000178674     1.00019e-08     1.00014e-08     1.00023e-08     1.03963e-08     1.09158e-08     1.01434e-08
102     0.000164867     9.30399e-09     9.30351e-09     9.30429e-09     9.67082e-09     1.01541e-08     9.43557e-09
106     0.000186796     1.06916e-08     1.0691e-08     1.06919e-08     1.11131e-08     1.16685e-08     1.08428e-08
110     0.000185171     1.08353e-08     1.08347e-08     1.08356e-08     1.12625e-08     1.18253e-08     1.09885e-08
114     0.000193293     1.17205e-08     1.17199e-08     1.17209e-08     1.21826e-08     1.27914e-08     1.18863e-08
118     0.000186796     1.19472e-08     1.19466e-08     1.19476e-08     1.24182e-08     1.30388e-08     1.21162e-08
122     0.000217657     1.49391e-08     1.49383e-08     1.49395e-08     1.55281e-08     1.63041e-08     1.51503e-08
126     0.000214409     1.62401e-08     1.62392e-08     1.62406e-08     1.68803e-08     1.77239e-08     1.64697e-08
130     0.000214409     1.83692e-08     1.83682e-08     1.83698e-08     1.90934e-08     2.00476e-08     1.8629e-08
134     0.000231464     2.29312e-08     2.293e-08     2.29319e-08     2.38353e-08     2.50264e-08     2.32555e-08
138     0.000256641     3.06174e-08     3.06158e-08     3.06184e-08     3.18246e-08     3.3415e-08     3.10504e-08
142     0.00025258     3.74582e-08     3.74563e-08     3.74594e-08     3.89351e-08     4.08809e-08     3.7988e-08
146     0.000253392     4.90257e-08     4.90231e-08     4.90272e-08     5.09586e-08     5.35052e-08     4.9719e-08
150     0.000249331     6.58972e-08     6.58938e-08     6.58993e-08     6.84954e-08     7.19184e-08     6.68292e-08
154     0.000236337     9.45922e-08     9.45873e-08     9.45952e-08     9.83216e-08     1.03235e-07     9.59299e-08
158     0.000254204     1.94678e-07     1.94668e-07     1.94684e-07     2.02354e-07     2.12466e-07     1.97431e-07
162     0.000233088     4.69867e-07     4.69842e-07     4.69882e-07     4.88392e-07     5.12799e-07     4.76512e-07
166     0.000298873     1.12453e-06     1.12447e-06     1.12457e-06     1.16887e-06     1.22728e-06     1.14044e-06
170     0.000289127     1.46563e-06     1.46556e-06     1.46568e-06     1.52342e-06     1.59955e-06     1.48636e-06
174     0.000281005     1.74779e-06     1.7477e-06     1.74785e-06     1.8167e-06     1.90749e-06     1.77251e-06
178     0.000293188     2.15183e-06     2.15171e-06     2.15189e-06     2.23667e-06     2.34844e-06     2.18226e-06
182     0.000310243     2.73757e-06     2.73743e-06     2.73765e-06     2.8455e-06     2.9877e-06     2.77628e-06
186     0.000300497     3.20127e-06     3.2011e-06     3.20137e-06     3.32749e-06     3.49377e-06     3.24654e-06
190     0.000321613     3.99051e-06     3.9903e-06     3.99064e-06     4.14784e-06     4.35513e-06     4.04695e-06
194     0.000324862     4.5536e-06     4.55337e-06     4.55375e-06     4.73314e-06     4.96967e-06     4.618e-06
198     0.000315928     4.89387e-06     4.89361e-06     4.89402e-06     5.08682e-06     5.34102e-06     4.96308e-06
202     0.000327298     5.5418e-06     5.54151e-06     5.54197e-06     5.76029e-06     6.04816e-06     5.62017e-06
206     0.00035816     6.58556e-06     6.58524e-06     6.58575e-06     6.84521e-06     7.18731e-06     6.67868e-06
210     0.000331359     6.6197e-06     6.61937e-06     6.61988e-06     6.88802e-06     7.23547e-06     6.71838e-06
214     0.000350851     7.51689e-06     7.51652e-06     7.5171e-06     7.82834e-06     8.22617e-06     7.63362e-06
218     0.000381713     8.77387e-06     8.77344e-06     8.77411e-06     9.13823e-06     9.603e-06     8.91069e-06
222     0.000386586     9.46519e-06     9.46474e-06     9.46545e-06     9.85922e-06     1.03611e-05     9.61344e-06
226     0.00036547     9.52523e-06     9.52477e-06     9.52549e-06     9.9223e-06     1.04276e-05     9.67479e-06
230     0.000370343     1.02572e-05     1.02567e-05     1.02574e-05     1.06859e-05     1.12307e-05     1.0419e-05
234     0.00034679     1.01724e-05     1.01719e-05     1.01727e-05     1.05988e-05     1.11396e-05     1.03337e-05
238     0.00035816     1.11277e-05     1.11272e-05     1.1128e-05     1.15945e-05     1.21864e-05     1.13044e-05
242     0.000410138     1.34556e-05     1.34549e-05     1.34559e-05     1.40214e-05     1.47378e-05     1.36702e-05
246     0.000407702     1.40987e-05     1.4098e-05     1.40991e-05     1.46934e-05     1.54448e-05     1.43248e-05
250     0.000410138     1.4904e-05     1.49033e-05     1.49044e-05     1.55344e-05     1.63296e-05     1.51442e-05
254     0.000392271     1.50209e-05     1.50202e-05     1.50213e-05     1.56583e-05     1.64607e-05     1.52644e-05
258     0.000398768     1.60157e-05     1.60149e-05     1.60161e-05     1.66973e-05     1.75538e-05     1.62768e-05
262     0.000437751     1.84469e-05     1.84461e-05     1.84474e-05     1.92365e-05     2.02251e-05     1.87507e-05
266     0.000445061     1.96487e-05     1.96478e-05     1.96492e-05     2.04891e-05     2.15419e-05     1.99718e-05
270     0.000438563     2.02516e-05     2.02506e-05     2.02521e-05     2.11204e-05     2.22068e-05     2.05864e-05
274     0.00047511     2.29305e-05     2.29295e-05     2.29311e-05     2.39192e-05     2.51518e-05     2.3313e-05
278     0.000425569     2.14503e-05     2.14493e-05     2.14509e-05     2.23793e-05     2.35344e-05     2.18109e-05
282     0.00042963     2.25915e-05     2.25905e-05     2.25921e-05     2.35713e-05     2.47885e-05     2.29722e-05
286     0.000479983     2.63005e-05     2.62993e-05     2.63012e-05     2.74463e-05     2.88659e-05     2.67473e-05
290     0.000467801     2.67025e-05     2.67013e-05     2.67032e-05     2.7872e-05     2.93163e-05     2.71604e-05
294     0.00048242     2.86e-05     2.85987e-05     2.86007e-05     2.98596e-05     3.14101e-05     2.90952e-05
298     0.000458055     2.82446e-05     2.82433e-05     2.82453e-05     2.94971e-05     3.10326e-05     2.87394e-05
302     0.000464552     2.97085e-05     2.97071e-05     2.97092e-05     3.10238e-05     3.2638e-05     3.02274e-05
306     0.000484856     3.22187e-05     3.22173e-05     3.22195e-05     3.36555e-05     3.54111e-05     3.27886e-05
310     0.000507597     3.4943e-05     3.49415e-05     3.49438e-05     3.65128e-05     3.84224e-05     3.5569e-05
314     0.000525464     3.74921e-05     3.74905e-05     3.7493e-05     3.91888e-05     4.12436e-05     3.81723e-05
318     0.000545768     4.02799e-05     4.02782e-05     4.02808e-05     4.21134e-05     4.43263e-05     4.1018e-05
322     0.000509221     3.89392e-05     3.89376e-05     3.89401e-05     4.07312e-05     4.28798e-05     3.96661e-05
326     0.00047105     3.71732e-05     3.71716e-05     3.7174e-05     3.89002e-05     4.09591e-05     3.78783e-05
330     0.000575005     4.68665e-05     4.68645e-05     4.68675e-05     4.90634e-05     5.16684e-05     4.77691e-05
334     0.000549017     4.61592e-05     4.61573e-05     4.61602e-05     4.83399e-05     5.09133e-05     4.70602e-05
338     0.000514906     4.46447e-05     4.46429e-05     4.46456e-05     4.67691e-05     4.92644e-05     4.5527e-05
342     0.000553889     4.95833e-05     4.95813e-05     4.95842e-05     5.19778e-05     5.47639e-05     5.05882e-05
346     0.000588812     5.44782e-05     5.4476e-05     5.44792e-05     5.71277e-05     6.01947e-05     5.55966e-05
350     0.000550641     5.29684e-05     5.29664e-05     5.29693e-05     5.55704e-05     5.85636e-05     5.40743e-05
354     0.000551453     5.54696e-05     5.54675e-05     5.54705e-05     5.82409e-05     6.13977e-05     5.66596e-05
358     0.000605867     6.39127e-05     6.39103e-05     6.39137e-05     6.71923e-05     7.08721e-05     6.53431e-05
362     0.000596934     6.5945e-05     6.59426e-05     6.59459e-05     6.9382e-05     7.32073e-05     6.7456e-05
366     0.000571757     6.59541e-05     6.59518e-05     6.5955e-05     6.94342e-05     7.32821e-05     6.7494e-05
370     0.000579066     6.97328e-05     6.97304e-05     6.97337e-05     7.35047e-05     7.7619e-05     7.14237e-05
374     0.000596934     7.49355e-05     7.4933e-05     7.49364e-05     7.90643e-05     8.35239e-05     7.68035e-05
378     0.000585563     7.67752e-05     7.67727e-05     7.6776e-05     8.0994e-05     8.55607e-05     7.86797e-05
382     0.000635105     8.66243e-05     8.66216e-05     8.66251e-05     9.15436e-05     9.67781e-05     8.88801e-05
386     0.000653784     9.26355e-05     9.26327e-05     9.26364e-05     9.79985e-05     0.00010365     9.51161e-05
390     0.00062211     9.13555e-05     9.13528e-05     9.13563e-05     9.67321e-05     0.000102352     9.38603e-05
394     0.000654597     9.95393e-05     9.95364e-05     9.954e-05     0.000105498     0.000111674     0.000102335
398     0.000690331     0.000108518     0.000108515     0.000108518     0.000115117     0.000121905     0.000111634
402     0.000633481     0.000102923     0.00010292     0.000102923     0.000109323     0.000115836     0.000105972
406     0.000662718     0.000111207     0.000111204     0.000111208     0.000118268     0.000125384     0.000114599
410     0.000687083     0.00011896     0.000118957     0.000118961     0.00012665     0.000134335     0.000122678
414     0.000677337     0.000120872     0.000120869     0.000120873     0.000128816     0.000136695     0.000124736
418     0.000725254     0.000133228     0.000133224     0.000133228     0.000142126     0.000150887     0.00013758
422     0.000700077     0.0001322     0.000132197     0.0001322     0.000141258     0.000150076     0.000136668
426     0.000683022     0.000132523     0.00013252     0.000132523     0.000141789     0.000150731     0.000137124
430     0.000738249     0.000147008     0.000147005     0.000147009     0.000157501     0.000167536     0.000152253
434     0.000715508     0.000146306     0.000146303     0.000146306     0.000156969     0.000167074     0.000151671
438     0.000770735     0.000161614     0.00016161     0.000161614     0.000173627     0.000184915     0.000167695
442     0.000797536     0.000171444     0.000171441     0.000171444     0.000184535     0.000196704     0.000178122
446     0.000773983     0.000170509     0.000170506     0.000170509     0.0001838     0.000196058     0.000177325
450     0.000782917     0.00017648     0.000176477     0.00017648     0.000190512     0.000203356     0.000183712
454     0.000834083     0.000192266     0.000192262     0.000192265     0.00020788     0.000222057     0.000200358
458     0.000807282     0.000190298     0.000190295     0.000190298     0.000206116     0.000220345     0.000198546
462     0.000775608     0.000186822     0.000186819     0.000186821     0.000202725     0.000216892     0.000195167
466     0.00082921     0.000204046     0.000204043     0.000204045     0.000221835     0.000237526     0.000213442
470     0.000861696     0.000216654     0.000216651     0.000216653     0.000236026     0.000252939     0.000226952
474     0.000916923     0.000235292     0.000235288     0.00023529     0.000256796     0.000275413     0.000246783
478     0.000874691     0.000228908     0.000228904     0.000228906     0.000250219     0.000268545     0.000240343
482     0.000858447     0.00022919     0.000229187     0.000229188     0.000251224     0.000269965     0.000241091
486     0.000886873     0.000241395     0.000241392     0.000241392     0.000265188     0.000285261     0.000254307
490     0.000880376     0.000244248     0.000244245     0.000244245     0.000268949     0.000289611     0.00025772
494     0.000899055     0.00025415     0.000254147     0.000254147     0.000280463     0.000302301     0.000268565
498     0.000933978     0.000268889     0.000268887     0.000268886     0.000297216     0.000320588     0.000284459
502     0.000959155     0.000281155     0.000281152     0.000281151     0.000311919     0.000336988     0.000298185
506     0.000937226     0.000279619     0.000279617     0.000279616     0.000311026     0.000336414     0.000297079
510     0.000959155     0.00029142     0.000291418     0.000291415     0.000325016     0.000351973     0.000310171
514     0.000979458     0.000302899     0.000302897     0.000302894     0.00033868     0.000367201     0.000322939
518     0.000989204     0.000311232     0.00031123     0.000311226     0.000348899     0.000378731     0.000332398
522     0.00102007     0.000326604     0.000326603     0.000326598     0.000367286     0.000399269     0.000349552
526     0.00106311     0.000345964     0.000345963     0.000345957     0.000390162     0.00042466     0.000370985
530     0.00110453     0.000365367     0.000365367     0.000365359     0.00041329     0.000450414     0.000392604
534     0.00110778     0.000372328     0.000372328     0.00037232     0.000422361     0.000460849     0.000400865
538     0.00109966     0.000375451     0.000375452     0.000375443     0.000426812     0.00046612     0.000404822
542     0.00108423     0.000376139     0.000376141     0.00037613     0.000429493     0.000469913     0.000406803
546     0.00113864     0.000401258     0.00040126     0.000401248     0.000459859     0.000503912     0.000435065
550     0.00114757     0.00041103     0.000411032     0.000411019     0.000472498     0.000518438     0.000446589
554     0.00117113     0.000426294     0.000426297     0.000426282     0.000491362     0.000539768     0.000464016
558     0.00122067     0.000451418     0.000451422     0.000451405     0.000521811     0.000573944     0.000492314
562     0.00119793     0.000449448     0.000449453     0.000449434     0.000522474     0.000576081     0.000492049
566     0.0012361     0.000470061     0.000470067     0.000470045     0.000548351     0.000605534     0.000515834
570     0.0012093     0.000466423     0.00046643     0.000466407     0.00054567     0.00060333     0.000512832
574     0.0012296     0.000481644     0.000481652     0.000481626     0.000565149     0.000625661     0.000530635
578     0.00132056     0.000525402     0.000525412     0.000525382     0.000618901     0.000686276     0.000580395
582     0.00136036     0.000549352     0.000549364     0.00054933     0.000650322     0.000722612     0.000608911
586     0.00138554     0.000567641     0.000567654     0.000567616     0.000674133     0.000750092     0.000630551
590     0.00146431     0.000609418     0.000609433     0.00060939     0.000726569     0.000809769     0.00067875
594     0.00140503     0.000594988     0.000595004     0.00059496     0.00071194     0.00079469     0.000664309
598     0.00147568     0.000636188     0.000636207     0.000636157     0.000763677     0.00085362     0.000711841
602     0.00143589     0.000628756     0.000628777     0.000628723     0.000758229     0.000849239     0.000705704
606     0.00148056     0.000657033     0.000657057     0.000656998     0.0007958     0.000892983     0.000739624
610     0.00148543     0.000668375     0.000668401     0.000668337     0.000811786     0.00091203     0.000753789
614     0.00153172     0.000700251     0.00070028     0.000700209     0.000852962     0.000959476     0.000791278
618     0.00153985     0.000715919     0.00071595     0.000715875     0.000875743     0.000986796     0.000811335
622     0.00163406     0.000772653     0.000772691     0.000772602     0.000948905     0.00107101     0.000877998
626     0.00164299     0.000789649     0.00078969     0.000789595     0.000972875     0.00109954     0.000899248
630     0.00164949     0.000805555     0.0008056     0.000805498     0.000995319     0.00112629     0.000919132
634     0.0017575     0.000872107     0.000872158     0.000872042     0.00108051     0.00122415     0.0009969
638     0.00179892     0.000907284     0.00090734     0.000907213     0.00112743     0.00127892     0.00103917
642     0.00171202     0.000878877     0.000878936     0.000878805     0.00109545     0.00124436     0.00100864
646     0.00184278     0.000964341     0.000964411     0.000964259     0.00120508     0.00137045     0.00110861
650     0.00180136     0.000961106     0.000961179     0.000961021     0.00120412     0.00137089     0.00110679
654     0.00189557     0.00103084     0.00103092     0.00103075     0.00129418     0.00147474     0.00118875
658     0.00191019     0.0010593     0.00105939     0.0010592     0.0013315     0.00151809     0.00122252
662     0.00188745     0.00106693     0.00106703     0.00106682     0.00134406     0.00153401     0.00123308
666     0.00202795     0.00116962     0.00116973     0.00116949     0.00147504     0.00168456     0.00135263
670     0.00202551     0.00119213     0.00119225     0.001192     0.0015052     0.00172009     0.00137964
674     0.00208967     0.00125523     0.00125537     0.00125509     0.00158588     0.00181297     0.00145318
678     0.00214977     0.00131831     0.00131846     0.00131816     0.00166509     0.00190354     0.00152579
682     0.00208967     0.0013084     0.00130855     0.00130823     0.00165591     0.00189477     0.00151632
686     0.00214165     0.00137005     0.00137022     0.00136988     0.00173289     0.00198264     0.00158696
690     0.0021717     0.00142084     0.00142102     0.00142065     0.00179635     0.00205528     0.00164512
694     0.00215952     0.0014482     0.0014484     0.001448     0.00183004     0.00209388     0.00167602
698     0.0022253     0.00153099     0.00153121     0.00153078     0.00193318     0.00221175     0.00177065
702     0.0022318     0.00157498     0.00157521     0.00157475     0.00198486     0.00226982     0.00181877
706     0.00225454     0.00163298     0.00163324     0.00163274     0.00205335     0.00234645     0.00188264
710     0.00225373     0.00167815     0.00167842     0.0016779     0.00210538     0.00240414     0.00193151
714     0.00235768     0.00180798     0.00180828     0.0018077     0.00226271     0.00258168     0.00207724
718     0.00234794     0.0018562     0.00185652     0.0018559     0.00231654     0.00264055     0.00212831
722     0.00232926     0.00189666     0.001897     0.00189634     0.00235837     0.00268504     0.00216889
726     0.00243971     0.00204559     0.00204597     0.00204524     0.00253448     0.00288204     0.00233316
730     0.00236175     0.00204024     0.00204063     0.00203989     0.00251759     0.00285868     0.00232031
734     0.00232276     0.00207049     0.0020709     0.00207014     0.00254377     0.00288377     0.00234746
738     0.00238367     0.00219644     0.00219687     0.00219606     0.00268664     0.00304066     0.00248256
742     0.00235931     0.00225053     0.00225099     0.00225013     0.00273586     0.00308921     0.00253267
746     0.0024324     0.00240384     0.00240434     0.00240341     0.00290747     0.0032767     0.0026956
750     0.00235525     0.00241241     0.00241292     0.00241198     0.00290107     0.00326216     0.00269438
754     0.00237718     0.00251945     0.00251998     0.002519     0.00301169     0.00337844     0.00280231
758     0.00233251     0.00255807     0.00255861     0.00255762     0.00303895     0.00340036     0.00283318
762     0.00228865     0.0025982     0.00259876     0.00259774     0.00306365     0.00341746     0.0028629
766     0.00234713     0.00276121     0.0027618     0.00276072     0.0032339     0.00359721     0.00302847
770     0.00228459     0.00278767     0.00278826     0.00278719     0.00324296     0.00359699     0.00304351
774     0.00224561     0.00284213     0.00284272     0.00284165     0.00328411     0.00363206     0.00308885
778     0.00209861     0.00275496     0.00275553     0.00275451     0.00316072     0.00348465     0.00297972
782     0.00212947     0.0028948     0.00289538     0.00289433     0.00329002     0.00361207     0.00311123
786     0.00215871     0.00303392     0.00303451     0.00303344     0.00342139     0.00374305     0.00324383
790     0.0021051     0.00305639     0.00305697     0.00305593     0.00342064     0.00372909     0.0032514
794     0.00196135     0.0029416     0.00294214     0.00294117     0.00326636     0.00354772     0.00311304
798     0.00202714     0.00314022     0.00314077     0.00313978     0.00346049     0.00374488     0.00330665
802     0.00192237     0.00307459     0.00307392     0.00307536     0.00335215     0.00345981     0.00335336
806     0.0018111     0.00298522     0.00298459     0.00298594     0.00322958     0.00334234     0.0032183
810     0.00181273     0.00307804     0.00307741     0.00307875     0.00330376     0.00342863     0.00327907
814     0.0017908     0.00312759     0.00312697     0.00312828     0.00332999     0.00346575     0.00329142
818     0.00165842     0.00297398     0.00297341     0.00297461     0.0031404     0.00327811     0.00309063
822     0.00167141     0.00307156     0.00307101     0.00307218     0.00320878     0.00336253     0.0031398
826     0.00158939     0.00298946     0.00298894     0.00299003     0.00309718     0.00324206     0.00302935
830     0.00162268     0.00312027     0.00311975     0.00312084     0.00320621     0.00334474     0.00314192
834     0.00153416     0.00301402     0.00301353     0.00301453     0.00307111     0.00318859     0.00301891
838     0.00145376     0.00291275     0.0029123     0.00291322     0.00294439     0.00304295     0.00290301
842     0.00138066     0.00281799     0.00281757     0.00281841     0.00281834     0.00289442     0.00278996
846     0.00137823     0.00286027     0.00285987     0.00286067     0.00283671     0.00289888     0.00281707
850     0.00136198     0.00287089     0.0028705     0.00287127     0.00282494     0.00287317     0.00281381
854     0.00132787     0.00284094     0.00284058     0.00284129     0.00277287     0.00280604     0.00277063
858     0.00124097     0.00269306     0.00269273     0.00269338     0.00260658     0.00262364     0.00261309
862     0.00113458     0.00249389     0.0024936     0.00249416     0.00238957     0.00238928     0.00240521
866     0.00106961     0.0023781     0.00237784     0.00237834     0.00226059     0.00224838     0.00228263
870     0.00110534     0.00248302     0.00248276     0.00248326     0.00234259     0.00231808     0.00237265
874     0.00104849     0.00237794     0.0023777     0.00237816     0.00222634     0.00219144     0.00226193
878     0.00101925     0.00233094     0.00233071     0.00233113     0.00216536     0.00211986     0.00220701
882     0.00100057     0.002307     0.00230679     0.00230718     0.00212149     0.00206204     0.00217131
886     0.000928293     0.00215714     0.00215695     0.0021573     0.00196882     0.00190328     0.00202134
890     0.000933978     0.00218644     0.00218625     0.00218659     0.00198092     0.00190436     0.00204012
894     0.000877127     0.00206828     0.00206811     0.00206842     0.00186025     0.00177813     0.00192191
898     0.000847889     0.00201278     0.00201262     0.0020129     0.0017982     0.00170942     0.00186334
902     0.000795912     0.00190101     0.00190087     0.00190113     0.00168129     0.00158554     0.00174981
906     0.00079916     0.00191946     0.00191932     0.00191957     0.00168606     0.00158164     0.00175987
910     0.000717945     0.00173367     0.00173354     0.00173376     0.00151195     0.00141015     0.00158304
914     0.000718757     0.00174484     0.00174471     0.00174493     0.00151134     0.00140158     0.00158718
918     0.000644039     0.00157155     0.00157144     0.00157163     0.00135239     0.00124695     0.00142449
922     0.00069358     0.00170058     0.00170047     0.00170066     0.00145072     0.0013271     0.00153421
926     0.000631856     0.00155595     0.00155585     0.00155602     0.00131867     0.00119916     0.00139875
930     0.000612365     0.00151462     0.00151452     0.00151468     0.00127506     0.00115237     0.00135667
934     0.000593685     0.00147483     0.00147474     0.00147489     0.0012339     0.00110878     0.00131664
938     0.00055795     0.0013924     0.00139231     0.00139245     0.0011573     0.00103353     0.00123868
942     0.000566072     0.00141868     0.00141859     0.00141873     0.00116921     0.00103587     0.00125633
946     0.000509221     0.00128113     0.00128106     0.00128118     0.00104942     0.000924248     0.00113083
950     0.000510033     0.00128803     0.00128796     0.00128808     0.00104887     0.000918274     0.00113344
954     0.00045968     0.00116542     0.00116535     0.00116546     0.000943692     0.000821278     0.00102259
958     0.000490541     0.00124895     0.00124888     0.001249     0.00100544     0.000869306     0.00109272
962     0.000413387     0.00105741     0.00105735     0.00105744     0.000844566     0.000723724     0.000921536
966     0.000419884     0.00107883     0.00107877     0.00107887     0.000856921     0.000729711     0.000937645
970     0.000410138     0.00105862     0.00105856     0.00105866     0.000836021     0.000707185     0.000917454
974     0.000389022     0.00100828     0.00100823     0.00100832     0.000791979     0.000665713     0.000871503
978     0.000389022     0.00101242     0.00101237     0.00101246     0.000790897     0.000660524     0.000872735
982     0.000363845     0.000950962     0.000950912     0.000950993     0.000737556     0.00061074     0.000816864
986     0.000357348     0.000938184     0.000938135     0.000938214     0.000724177     0.000596182     0.000804011
990     0.000349226     0.000921183     0.000921135     0.000921212     0.000707368     0.000578662     0.000787445
994     0.000367906     0.000975244     0.000975192     0.000975275     0.000744743     0.000605064     0.000831424
998     0.000324862     0.000865466     0.00086542     0.000865494     0.000657552     0.000530742     0.000736036
1002     0.000318365     0.000852415     0.00085237     0.000852443     0.000643435     0.000514904     0.000722725
1006     0.000311055     0.000837071     0.000837026     0.000837098     0.000628996     0.000500226     0.000708229
1010     0.000285066     0.000771195     0.000771154     0.00077122     0.000576677     0.000455569     0.00065102
1014     0.000281005     0.000764441     0.0007644     0.000764466     0.000568638     0.000445933     0.000643772
1018     0.000297249     0.000813069     0.000813025     0.000813096     0.000602417     0.000469651     0.000683521
1022     0.000273696     0.000752817     0.000752776     0.000752842     0.00055434     0.000428244     0.000631125
1026     0.000253392     0.000700948     0.00070091     0.000700971     0.000513324     0.000393396     0.000586178
1030     0.000249331     0.000693731     0.000693694     0.000693754     0.000505969     0.00038526     0.000579128
1034     0.000220094     0.000616053     0.000616019     0.000616073     0.000447626     0.000338718     0.000513476
1038     0.000204663     0.000576285     0.000576254     0.000576304     0.000416544     0.000312614     0.000479228
1042     0.000213597     0.000605085     0.000605052     0.000605106     0.000434462     0.000322556     0.000501737
1046     0.000198166     0.000564854     0.000564823     0.000564873     0.000404266     0.000298394     0.000467785
1050     0.000232276     0.000666268     0.000666232     0.000666291     0.000475251     0.000348626     0.000551053
1054     0.000208724     0.000602489     0.000602456     0.000602509     0.000428233     0.000312088     0.000497607
1058     0.00017705     0.000514474     0.000514446     0.000514491     0.000363996     0.000263093     0.000424119
1062     0.000194105     0.000567725     0.000567695     0.000567745     0.000398929     0.000284841     0.000466693
1066     0.000181923     0.000535521     0.000535492     0.000535539     0.000375275     0.000266404     0.000439804
1070     0.000168116     0.000498166     0.000498139     0.000498183     0.000347692     0.000244864     0.000408494
1074     0.000164055     0.000489344     0.000489317     0.000489361     0.000339991     0.000237316     0.000400552
1078     0.00016568     0.000497532     0.000497505     0.000497549     0.000344382     0.000238533     0.000406675
1082     0.000164867     0.000498537     0.00049851     0.000498554     0.000343479     0.000235529     0.000406821
1086     0.000144564     0.000440136     0.000440113     0.000440151     0.000301821     0.000204954     0.000358524
1090     0.000157558     0.000482926     0.000482899     0.000482942     0.000330045     0.00022244     0.000392904
1094     0.000164055     0.000506402     0.000506375     0.000506419     0.000344928     0.000230647     0.000411534
1098     0.000150249     0.000466974     0.000466948     0.000466989     0.000316993     0.000210232     0.000379058
1102     0.000164867     0.00051614     0.000516112     0.000516158     0.000348922     0.000229027     0.00041841
1106     0.000121011     0.000381467     0.000381447     0.00038148     0.000256882     0.000167076     0.000308822
1110     0.000131569     0.000417866     0.000417843     0.00041788     0.000279996     0.000179991     0.000337686
1114     0.000119387     0.000381713     0.000381692     0.000381726     0.000254853     0.000162383     0.000308085
1118     0.000114514     0.000368826     0.000368806     0.000368838     0.000245499     0.000155109     0.000297409
1122     0.000116138     0.000376614     0.000376594     0.000376627     0.000249976     0.000156526     0.000303493
1126     9.66464e-05     0.000315778     0.000315761     0.000315789     0.000208899     0.000129631     0.000254196
1130     9.17735e-05     0.000302004     0.000301987     0.000302014     0.000198856     0.000121917     0.000242718
1134     0.000116138     0.000384908     0.000384887     0.000384921     0.000252419     0.000153058     0.000308939
1138     0.000103144     0.000344407     0.000344389     0.000344419     0.000225574     0.000135977     0.000276421
1142     9.9895e-05     0.000336023     0.000336005     0.000336034     0.000219356     0.000130779     0.000269473
1146     0.000100707     0.000341259     0.000341241     0.00034127     0.000222069     0.000131072     0.00027343
1150     9.50221e-05     0.000324281     0.000324264     0.000324292     0.000210368     0.000122937     0.000259602
1154     0.000114514     0.000393683     0.000393662     0.000393696     0.000254662     0.000147441     0.000314914
1158     0.000108017     0.000374022     0.000374002     0.000374034     0.000241165     0.000138133     0.00029893
1162     8.85249e-05     0.000308824     0.000308807     0.000308834     0.000198156     0.000111718     0.000246469
1166     8.12155e-05     0.00028559     0.000285575     0.0002856     0.000182769     0.000102008     0.000227798
1170     8.44641e-05     0.000299091     0.000299075     0.000299101     0.000190933     0.000105562     0.000238431
1174     9.17735e-05     0.000327305     0.000327287     0.000327316     0.000208425     0.000114157     0.000260768
1178     9.17735e-05     0.000329833     0.000329816     0.000329844     0.000209353     0.000113286     0.000262568
1182     9.25856e-05     0.000335174     0.000335156     0.000335185     0.000212061     0.000113225     0.000266647
1186     8.52762e-05     0.000310954     0.000310937     0.000310964     0.000195801     0.00010284     0.000247013
1190     6.65967e-05     0.000244621     0.000244608     0.000244629     0.000153696     7.99487e-05     0.00019424
1194     7.39061e-05     0.000273489     0.000273475     0.000273499     0.000171525     8.84042e-05     0.000217122
1198     6.49724e-05     0.000242192     0.000242179     0.0002422     0.000151388     7.69731e-05     0.000192114
1202     7.14696e-05     0.000268413     0.000268398     0.000268422     0.000167225     8.37379e-05     0.000212777
1206     6.49724e-05     0.000245823     0.00024581     0.000245831     0.000152829     7.57115e-05     0.000194812
1210     6.49724e-05     0.00024768     0.000247667     0.000247689     0.000153653     7.52617e-05     0.000196226
1214     6.8221e-05     0.000261996     0.000261982     0.000262005     0.000162118     7.84631e-05     0.000207455
1218     5.68508e-05     0.000219957     0.000219946     0.000219965     0.000135533     6.44619e-05     0.000173965
1222     6.09116e-05     0.000237315     0.000237303     0.000237323     0.000146156     6.89174e-05     0.000187798
1226     5.19779e-05     0.000204015     0.000204004     0.000204022     0.000125288     5.82689e-05     0.000161345
1230     5.44144e-05     0.00021519     0.000215178     0.000215197     0.000131704     6.0249e-05     0.000170055
1234     4.2232e-05     0.000168265     0.000168256     0.00016827     0.000102684     4.62787e-05     0.000132889
1238     5.84751e-05     0.000234475     0.000234462     0.000234482     0.000142698     6.33553e-05     0.000185086
1242     4.79171e-05     0.000193648     0.000193637     0.000193654     0.000117571     5.13793e-05     0.000152833
1246     4.62928e-05     0.000188437     0.000188427     0.000188443     0.000114239     4.9386e-05     0.000148714
1250     4.62928e-05     0.000189775     0.000189765     0.000189782     0.000114771     4.89009e-05     0.000149711
1254     4.46685e-05     0.000184552     0.000184542     0.000184558     0.000111259     4.65151e-05     0.000145511
1258     5.44144e-05     0.000226444     0.000226432     0.000226451     0.000136318     5.63359e-05     0.000178539
1262     4.38564e-05     0.000183762     0.000183752     0.000183768     0.000110101     4.42898e-05     0.000144734
1266     5.27901e-05     0.000222793     0.000222781     0.0002228     0.000133263     5.2882e-05     0.000175471
1270     4.7105e-05     0.000200231     0.00020022     0.000200237     0.000119473     4.66174e-05     0.000157644
1274     4.06077e-05     0.00017384     0.00017383     0.000173845     0.000103488     3.97245e-05     0.000136823
1278     3.49227e-05     0.000150554     0.000150546     0.000150559     8.95034e-05     3.38799e-05     0.000118512
1282     3.97956e-05     0.000172833     0.000172824     0.000172839     0.000102567     3.81281e-05     0.000136067
1286     3.6547e-05     0.000159895     0.000159887     0.0001599     9.45655e-05     3.43436e-05     0.0001258
1290     3.08619e-05     0.000135904     0.000135896     0.000135908     8.02575e-05     2.87507e-05     0.000106922
1294     2.84254e-05     0.000126115     0.000126108     0.000126119     7.43593e-05     2.62138e-05     9.92257e-05
1298     4.79171e-05     0.000214116     0.000214104     0.000214123     0.000125799     4.31991e-05     0.000168351
1302     3.24862e-05     0.000146146     0.000146138     0.000146151     8.5661e-05     2.87186e-05     0.000114902
1306     3.89834e-05     0.000176729     0.00017672     0.000176735     0.000103491     3.41509e-05     0.000139002
1310     3.41105e-05     0.000155688     0.00015568     0.000155693     9.09549e-05     2.93868e-05     0.000122419
1314     3.81713e-05     0.000175379     0.000175369     0.000175384     0.000102174     3.2243e-05     0.000137838
1318     3.08619e-05     0.000142768     0.000142761     0.000142773     8.288e-05     2.5367e-05     0.000112135
1322     3.57348e-05     0.000166576     0.000166567     0.000166581     9.66573e-05     2.90766e-05     0.000130927
1326     2.92376e-05     0.000137218     0.000137211     0.000137223     7.95003e-05     2.34361e-05     0.000107862
1330     2.84254e-05     0.000134285     0.000134278     0.00013429     7.76094e-05     2.22987e-05     0.000105527
1334     3.89834e-05     0.000185474     0.000185465     0.000185481     0.000106931     2.98774e-05     0.000145725
1338     2.92376e-05     0.000139967     0.000139959     0.000139971     8.06629e-05     2.21969e-05     0.000110027
1342     2.59889e-05     0.000125356     0.000125349     0.00012536     7.19705e-05     1.89928e-05     9.84953e-05
1346     2.84254e-05     0.000137925     0.000137917     0.000137929     7.91287e-05     2.05399e-05     0.000108403
1350     3.81713e-05     0.000186687     0.000186678     0.000186694     0.000106862     2.67739e-05     0.000146745
1354     2.1116e-05     0.000103955     0.000103949     0.000103958     5.94126e-05     1.45324e-05     8.1715e-05
1358     3.08619e-05     0.000152873     0.000152865     0.000152878     8.72521e-05     2.08318e-05     0.000120184
1362     2.84254e-05     0.000141814     0.000141806     0.000141818     8.06694e-05     1.83698e-05     0.000111459
1366     1.94917e-05     9.78746e-05     9.78694e-05     9.78777e-05     5.56908e-05     1.24626e-05     7.69926e-05
1370     2.19282e-05     0.000110891     0.000110885     0.000110895     6.30597e-05     1.38267e-05     8.72679e-05
1374     1.94917e-05     9.92089e-05     9.92037e-05     9.92121e-05     5.62946e-05     1.19079e-05     7.80679e-05
1378     1.94917e-05     9.98697e-05     9.98644e-05     9.98729e-05     5.6442e-05     1.13103e-05     7.85283e-05
1382     2.19282e-05     0.000113007     0.000113001     0.000113011     6.37604e-05     1.22435e-05     8.88883e-05
1386     2.27403e-05     0.000118116     0.00011811     0.00011812     6.66554e-05     1.24964e-05     9.29922e-05
1390     2.27403e-05     0.000118861     0.000118855     0.000118865     6.68785e-05     1.19346e-05     9.35392e-05
1394     1.86796e-05     9.82382e-05     9.8233e-05     9.82414e-05     5.51547e-05     9.43597e-06     7.72948e-05
1398     1.86796e-05     9.8878e-05     9.88728e-05     9.88812e-05     5.55275e-05     9.27834e-06     7.78643e-05
1402     2.1116e-05     0.000112474     0.000112468     0.000112478     6.29857e-05     9.83938e-06     8.85689e-05
1406     1.94917e-05     0.000104531     0.000104526     0.000104535     5.85172e-05     8.8545e-06     8.23612e-05
1410     2.03039e-05     0.000109585     0.000109579     0.000109588     6.12834e-05     8.92845e-06     8.6365e-05
1414     1.94917e-05     0.000105774     0.000105769     0.000105778     5.90505e-05     8.16391e-06     8.337e-05
1418     1.54309e-05     8.44047e-05     8.44002e-05     8.44074e-05     4.6998e-05     6.02022e-06     6.6523e-05
1422     9.74586e-06     5.36432e-05     5.36404e-05     5.36449e-05     2.97842e-05     3.47739e-06     4.22782e-05
1426     1.38066e-05     7.64821e-05     7.64781e-05     7.64846e-05     4.24196e-05     4.64424e-06     6.0306e-05
1430     1.70552e-05     9.50309e-05     9.50259e-05     9.5034e-05     5.26952e-05     5.60476e-06     7.49579e-05
1434     1.62431e-05     9.10851e-05     9.10803e-05     9.10881e-05     5.04809e-05     5.07281e-06     7.18889e-05
1438     1.86796e-05     0.000105365     0.000105359     0.000105368     5.82826e-05     5.3368e-06     8.3173e-05
1442     1.70552e-05     9.67562e-05     9.67511e-05     9.67593e-05     5.35254e-05     4.59255e-06     7.64517e-05
1446     1.29945e-05     7.42628e-05     7.42589e-05     7.42652e-05     4.09468e-05     3.03065e-06     5.8661e-05
1450     5.68508e-06     3.26914e-05     3.26897e-05     3.26925e-05     1.80025e-05     1.20208e-06     2.58311e-05
1454     1.0558e-05     6.10858e-05     6.10826e-05     6.10878e-05     3.36257e-05     2.11494e-06     4.82838e-05
1458     1.46188e-05     8.51138e-05     8.51093e-05     8.51165e-05     4.68475e-05     2.66711e-06     6.73331e-05
1462     1.29945e-05     7.6101e-05     7.6097e-05     7.61035e-05     4.17667e-05     1.86427e-06     6.0204e-05
1466     1.38066e-05     8.13505e-05     8.13463e-05     8.13532e-05     4.45866e-05     1.67671e-06     6.4369e-05
1470     1.46188e-05     8.67061e-05     8.67016e-05     8.67089e-05     4.74669e-05     1.39366e-06     6.86411e-05
1474     1.70552e-05     0.000101717     0.000101711     0.00010172     5.56574e-05     1.36775e-06     8.05569e-05
1478     1.21823e-05     7.31319e-05     7.3128e-05     7.31342e-05     3.99797e-05     6.80443e-07     5.79489e-05
1482     1.38066e-05     8.33766e-05     8.33722e-05     8.33793e-05     4.55358e-05     3.81938e-07     6.61097e-05
1486     1.13702e-05     6.91094e-05     6.91058e-05     6.91117e-05     3.77121e-05     3.60227e-08     5.48281e-05
1490     8.9337e-06     5.46266e-05     5.46238e-05     5.46284e-05     2.97769e-05     -1.96477e-07     4.3356e-05
1494     1.29945e-05     7.98602e-05     7.9856e-05     7.98628e-05     4.34811e-05     -5.59635e-07     6.3394e-05
1498     1.13702e-05     7.03481e-05     7.03444e-05     7.03504e-05     3.8198e-05     -9.33104e-07     5.584e-05
1502     1.0558e-05     6.57685e-05     6.5765e-05     6.57706e-05     3.5757e-05     -1.01297e-06     5.22749e-05
1506     1.46188e-05     9.151e-05     9.15052e-05     9.15129e-05     4.96855e-05     -1.83904e-06     7.2764e-05
1510     1.13702e-05     7.15711e-05     7.15673e-05     7.15734e-05     3.88397e-05     -1.64213e-06     5.69332e-05
1514     1.21823e-05     7.71239e-05     7.71199e-05     7.71264e-05     4.18162e-05     -2.07589e-06     6.13793e-05
1518     1.21823e-05     7.75955e-05     7.75915e-05     7.7598e-05     4.19793e-05     -2.53164e-06     6.17608e-05
1522     1.13702e-05     7.27631e-05     7.27593e-05     7.27654e-05     3.9412e-05     -2.54574e-06     5.79905e-05
1526     6.49724e-06     4.18707e-05     4.18685e-05     4.1872e-05     2.26378e-05     -1.67954e-06     3.3376e-05
1530     1.0558e-05     6.84426e-05     6.8439e-05     6.84448e-05     3.6942e-05     -3.05356e-06     5.45632e-05
1534     1.21823e-05     7.94518e-05     7.94476e-05     7.94543e-05     4.28062e-05     -4.03328e-06     6.33676e-05
1538     8.9337e-06     5.85723e-05     5.85692e-05     5.85741e-05     3.15519e-05     -3.12087e-06     4.67397e-05
1542     4.06077e-06     2.67927e-05     2.67913e-05     2.67936e-05     1.44226e-05     -1.55642e-06     2.13962e-05
1546     4.87293e-06     3.22973e-05     3.22956e-05     3.22983e-05     1.73638e-05     -2.01195e-06     2.57992e-05
1550     8.12155e-06     5.41959e-05     5.41931e-05     5.41976e-05     2.91248e-05     -3.58333e-06     4.33211e-05
1554     8.12155e-06     5.4516e-05     5.45131e-05     5.45177e-05     2.92841e-05     -3.82958e-06     4.36091e-05
1558     8.12155e-06     5.48099e-05     5.4807e-05     5.48117e-05     2.94133e-05     -4.04767e-06     4.38572e-05
1562     1.0558e-05     7.16119e-05     7.16081e-05     7.16142e-05     3.84435e-05     -5.54804e-06     5.7362e-05
1566     8.9337e-06     6.09646e-05     6.09614e-05     6.09665e-05     3.26463e-05     -5.11516e-06     4.88373e-05
1570     8.12155e-06     5.57093e-05     5.57064e-05     5.57111e-05     2.98306e-05     -4.80952e-06     4.46515e-05
1574     6.49724e-06     4.47893e-05     4.47869e-05     4.47907e-05     2.39961e-05     -3.96954e-06     3.59291e-05
1578     1.0558e-05     7.32347e-05     7.32308e-05     7.3237e-05     3.91768e-05     -6.89567e-06     5.87712e-05
1582     7.30939e-06     5.10135e-05     5.10109e-05     5.10152e-05     2.73001e-05     -4.98815e-06     4.09823e-05
1586     7.30939e-06     5.12309e-05     5.12282e-05     5.12326e-05     2.73895e-05     -5.21609e-06     4.11716e-05
1590     1.46188e-05     0.00010312     0.000103115     0.000103124     5.51135e-05     -1.09483e-05     8.29388e-05
1594     1.13702e-05     8.05534e-05     8.05492e-05     8.05559e-05     4.30435e-05     -8.75348e-06     6.48173e-05
1598     8.9337e-06     6.36513e-05     6.3648e-05     6.36534e-05     3.39474e-05     -7.3018e-06     5.12315e-05
1602     4.87293e-06     3.49297e-05     3.49279e-05     3.49308e-05     1.8643e-05     -4.122e-06     2.81464e-05
1606     5.68508e-06     4.10127e-05     4.10105e-05     4.1014e-05     2.18778e-05     -5.04206e-06     3.30744e-05
1610     8.12155e-06     5.88398e-05     5.88367e-05     5.88417e-05     3.14108e-05     -7.30458e-06     4.74829e-05
1614     3.24862e-06     2.36612e-05     2.36599e-05     2.36619e-05     1.26323e-05     -3.01108e-06     1.91081e-05
1618     5.68508e-06     4.16385e-05     4.16364e-05     4.16399e-05     2.21871e-05     -5.53721e-06     3.3632e-05
1622     6.49724e-06     4.78556e-05     4.78531e-05     4.78572e-05     2.54446e-05     -6.70858e-06     3.8667e-05
1626     8.12155e-06     6.01085e-05     6.01054e-05     6.01105e-05     3.1984e-05     -8.54908e-06     4.86092e-05
1630     7.30939e-06     5.43562e-05     5.43534e-05     5.4358e-05     2.89366e-05     -7.87483e-06     4.39934e-05
1634     8.12155e-06     6.07668e-05     6.07637e-05     6.07688e-05     3.23202e-05     -9.13153e-06     4.92138e-05
1638     4.87293e-06     3.65995e-05     3.65976e-05     3.66006e-05     1.94353e-05     -5.67432e-06     2.96451e-05
1642     4.87293e-06     3.68775e-05     3.68756e-05     3.68787e-05     1.95938e-05     -5.85351e-06     2.99025e-05
1646     2.43646e-06     1.8487e-05     1.8486e-05     1.84876e-05     9.81974e-06     -2.96934e-06     1.49939e-05
1650     5.68508e-06     4.33768e-05     4.33746e-05     4.33782e-05     2.30404e-05     -7.15395e-06     3.52116e-05
1654     3.24862e-06     2.48945e-05     2.48932e-05     2.48953e-05     1.32419e-05     -4.13925e-06     2.02291e-05
1658     4.06077e-06     3.13741e-05     3.13725e-05     3.13751e-05     1.66539e-05     -5.44526e-06     2.55044e-05
1662     4.06077e-06     3.15016e-05     3.15e-05     3.15026e-05     1.67691e-05     -5.49342e-06     2.56503e-05
1666     4.87293e-06     3.79791e-05     3.79771e-05     3.79803e-05     2.01903e-05     -6.80503e-06     3.0933e-05
1670     8.12155e-06     6.36753e-05     6.36719e-05     6.36773e-05     3.38055e-05     -1.18588e-05     5.18979e-05
1674     3.24862e-06     2.5593e-05     2.55917e-05     2.55939e-05     1.35877e-05     -4.84968e-06     2.08728e-05
1678     4.87293e-06     3.85622e-05     3.85602e-05     3.85635e-05     2.0477e-05     -7.38753e-06     3.14659e-05
1682     4.87293e-06     3.87735e-05     3.87715e-05     3.87747e-05     2.05688e-05     -7.66273e-06     3.16591e-05
1686     4.06077e-06     3.24852e-05     3.24836e-05     3.24863e-05     1.72343e-05     -6.57142e-06     2.65494e-05
1690     4.87293e-06     3.91243e-05     3.91223e-05     3.91256e-05     2.07562e-05     -7.97642e-06     3.1985e-05
1694     4.87293e-06     3.9329e-05     3.9327e-05     3.93303e-05     2.08714e-05     -8.18751e-06     3.21842e-05
1698     4.87293e-06     3.95129e-05     3.95109e-05     3.95142e-05     2.09831e-05     -8.31604e-06     3.23598e-05
1702     3.24862e-06     2.65037e-05     2.65023e-05     2.65046e-05     1.40446e-05     -5.78199e-06     2.17139e-05
1706     8.12155e-06     6.6517e-05     6.65135e-05     6.65191e-05     3.52544e-05     -1.46903e-05     5.45277e-05
1710     1.62431e-06     1.33748e-05     1.33741e-05     1.33752e-05     7.09151e-06     -3.00559e-06     1.09741e-05
1714     4.06077e-06     3.35785e-05     3.35768e-05     3.35796e-05     1.78087e-05     -7.61547e-06     2.75657e-05
1718     5.68508e-06     4.72905e-05     4.72881e-05     4.7292e-05     2.51187e-05     -1.0858e-05     3.88714e-05
1722     6.49724e-06     5.43148e-05     5.43119e-05     5.43165e-05     2.88792e-05     -1.26633e-05     4.4696e-05
1726     3.24862e-06     2.72466e-05     2.72452e-05     2.72475e-05     1.44792e-05     -6.44051e-06     2.24286e-05
1730     7.30939e-06     6.17003e-05     6.1697e-05     6.17022e-05     3.27779e-05     -1.49717e-05     5.08389e-05
1734     4.06077e-06     3.44106e-05     3.44088e-05     3.44117e-05     1.82835e-05     -8.43349e-06     2.83678e-05
1738     4.06077e-06     3.45601e-05     3.45583e-05     3.45612e-05     1.83675e-05     -8.59578e-06     2.85132e-05
1742     0     0     0     0     0     0     0
1746     4.06077e-06     3.49289e-05     3.49271e-05     3.493e-05     1.85754e-05     -8.97761e-06     2.88678e-05
1750     3.24862e-06     2.80509e-05     2.80494e-05     2.80518e-05     1.49162e-05     -7.27774e-06     2.3192e-05
1754     8.12155e-07     7.05825e-06     7.05788e-06     7.05847e-06     3.75749e-06     -1.88302e-06     5.84618e-06
1758     8.12155e-07     7.09625e-06     7.09588e-06     7.09647e-06     3.77772e-06     -1.89316e-06     5.87766e-06
1762     4.06077e-06     3.55885e-05     3.55866e-05     3.55896e-05     1.89554e-05     -9.65278e-06     2.95066e-05
1766     8.12155e-07     7.13338e-06     7.13301e-06     7.13361e-06     3.79943e-06     -1.93481e-06     5.91433e-06
1770     5.68508e-06     5.02741e-05     5.02714e-05     5.02757e-05     2.67447e-05     -1.40971e-05     4.17226e-05
1774     1.62431e-06     1.44505e-05     1.44497e-05     1.44509e-05     7.69531e-06     -4.11167e-06     1.20065e-05
1778     4.87293e-06     4.35015e-05     4.34992e-05     4.35028e-05     2.31684e-05     -1.24866e-05     3.61608e-05
1782     8.12155e-07     7.26804e-06     7.26766e-06     7.26827e-06     3.88107e-06     -2.09613e-06     6.0505e-06
1786     1.62431e-06     1.46216e-05     1.46208e-05     1.46221e-05     7.78932e-06     -4.34524e-06     1.2176e-05
1790     3.24862e-06     2.94017e-05     2.94002e-05     2.94027e-05     1.56856e-05     -8.75485e-06     2.45026e-05
1794     2.43646e-06     2.21383e-05     2.21371e-05     2.2139e-05     1.18321e-05     -6.63183e-06     1.84703e-05
1798     2.43646e-06     2.2221e-05     2.22199e-05     2.22218e-05     1.18857e-05     -6.71035e-06     1.85533e-05
1802     1.62431e-06     1.49084e-05     1.49077e-05     1.49089e-05     7.95997e-06     -4.62164e-06     1.24531e-05
1806     2.43646e-06     2.24214e-05     2.24202e-05     2.24221e-05     1.19772e-05     -6.97553e-06     1.87361e-05
1810     8.12155e-07     7.52388e-06     7.52349e-06     7.52412e-06     4.0218e-06     -2.40157e-06     6.29698e-06
1814     8.12155e-07     7.53652e-06     7.53613e-06     7.53676e-06     4.02856e-06     -2.40561e-06     6.30756e-06
1818     2.43646e-06     2.27384e-05     2.27372e-05     2.27391e-05     1.21502e-05     -7.396e-06     1.9045e-05
1822     1.62431e-06     1.52345e-05     1.52337e-05     1.5235e-05     8.15083e-06     -5.00911e-06     1.27741e-05
1826     4.87293e-06     4.59471e-05     4.59447e-05     4.59486e-05     2.46271e-05     -1.52346e-05     3.85742e-05
1830     0     0     0     0     0     0     0
1834     1.62431e-06     1.54322e-05     1.54313e-05     1.54326e-05     8.27472e-06     -5.19321e-06     1.29677e-05
1838     4.06077e-06     3.87707e-05     3.87687e-05     3.87719e-05     2.08201e-05     -1.31711e-05     3.26171e-05
1842     1.62431e-06     1.55596e-05     1.55588e-05     1.55601e-05     8.34565e-06     -5.4003e-06     1.30973e-05
1846     2.43646e-06     2.34369e-05     2.34357e-05     2.34376e-05     1.25912e-05     -8.12013e-06     1.97403e-05
1850     2.43646e-06     2.3549e-05     2.35478e-05     2.35498e-05     1.26781e-05     -8.21497e-06     1.98601e-05
1854     1.62431e-06     1.57536e-05     1.57528e-05     1.57541e-05     8.46217e-06     -5.60819e-06     1.32865e-05
1858     0     0     0     0     0     0     0
1862     4.06077e-06     3.97884e-05     3.97863e-05     3.97897e-05     2.14513e-05     -1.43905e-05     3.36378e-05
1866     2.43646e-06     2.39881e-05     2.39869e-05     2.39889e-05     1.29227e-05     -8.84131e-06     2.02927e-05
1870     3.24862e-06     3.21245e-05     3.21228e-05     3.21255e-05     1.73276e-05     -1.19125e-05     2.71991e-05
1874     1.62431e-06     1.61343e-05     1.61335e-05     1.61348e-05     8.7153e-06     -6.01428e-06     1.36729e-05
1878     4.87293e-06     4.85447e-05     4.85421e-05     4.85462e-05     2.62496e-05     -1.81534e-05     4.11639e-05
1882     1.62431e-06     1.62646e-05     1.62638e-05     1.62652e-05     8.77903e-06     -6.22276e-06     1.37974e-05
1886     3.24862e-06     3.26587e-05     3.2657e-05     3.26597e-05     1.76388e-05     -1.26035e-05     2.77243e-05
1890     8.12155e-07     8.18121e-06     8.18079e-06     8.18148e-06     4.41956e-06     -3.16629e-06     6.94675e-06
1894     0     0     0     0     0     0     0
1898     8.12155e-07     8.27525e-06     8.27482e-06     8.27551e-06     4.49173e-06     -3.23448e-06     7.04449e-06
1902     8.12155e-07     8.30664e-06     8.30621e-06     8.30691e-06     4.50654e-06     -3.30152e-06     7.07588e-06
1906     2.43646e-06     2.49974e-05     2.49961e-05     2.49982e-05     1.35729e-05     -9.99782e-06     2.13081e-05
1910     8.12155e-07     8.3623e-06     8.36186e-06     8.36256e-06     4.54236e-06     -3.35496e-06     7.13055e-06
1914     1.62431e-06     1.68054e-05     1.68045e-05     1.6806e-05     9.13888e-06     -6.80947e-06     1.43442e-05
1918     0     0     0     0     0     0     0
1922     8.12155e-07     8.47099e-06     8.47055e-06     8.47126e-06     4.61718e-06     -3.49888e-06     7.24462e-06
1926     8.12155e-07     8.49302e-06     8.49258e-06     8.49329e-06     4.62919e-06     -3.50798e-06     7.26346e-06
1930     8.12155e-07     8.53985e-06     8.5394e-06     8.54012e-06     4.66708e-06     -3.53963e-06     7.31285e-06
1934     3.24862e-06     3.43499e-05     3.43481e-05     3.4351e-05     1.87869e-05     -1.45447e-05     2.94569e-05
1938     1.62431e-06     1.72517e-05     1.72508e-05     1.72523e-05     9.43889e-06     -7.31961e-06     1.4798e-05
1942     1.62431e-06     1.72909e-05     1.729e-05     1.72914e-05     9.46611e-06     -7.42036e-06     1.48442e-05
1946     1.62431e-06     1.73533e-05     1.73524e-05     1.73538e-05     9.51081e-06     -7.46573e-06     1.49064e-05
1950     2.43646e-06     2.61375e-05     2.61361e-05     2.61383e-05     1.43374e-05     -1.13353e-05     2.24693e-05
1954     1.62431e-06     1.74868e-05     1.74859e-05     1.74874e-05     9.58734e-06     -7.66731e-06     1.50384e-05
1958     3.24862e-06     3.51741e-05     3.51723e-05     3.51752e-05     1.93287e-05     -1.54944e-05     3.02843e-05
1962     0     0     0     0     0     0     0
1966     1.62431e-06     1.77057e-05     1.77048e-05     1.77062e-05     9.74249e-06     -7.91591e-06     1.52644e-05
1970     1.62431e-06     1.77603e-05     1.77594e-05     1.77609e-05     9.7648e-06     -8.01721e-06     1.53145e-05
1974     4.06077e-06     4.46419e-05     4.46396e-05     4.46433e-05     2.46067e-05     -2.02742e-05     3.85455e-05
1978     0     0     0     0     0     0     0
1982     8.12155e-07     8.98921e-06     8.98874e-06     8.9895e-06     4.97007e-06     -4.13068e-06     7.77586e-06
1986     0     0     0     0     0     0     0
1990     2.43646e-06     2.71536e-05     2.71522e-05     2.71545e-05     1.50193e-05     -1.26191e-05     2.35063e-05
1994     2.43646e-06     2.72885e-05     2.72871e-05     2.72894e-05     1.51214e-05     -1.27568e-05     2.36474e-05
1998     1.62431e-06     1.82466e-05     1.82457e-05     1.82472e-05     1.00802e-05     -8.62897e-06     1.58026e-05
2002     8.12155e-07     9.1858e-06     9.18532e-06     9.18609e-06     9.54797e-06     1.00251e-05     9.31571e-06
2006     8.12155e-07     9.21666e-06     9.21618e-06     9.21695e-06     9.58004e-06     1.00588e-05     9.347e-06
2010     1.62431e-06     1.84939e-05     1.84929e-05     1.84945e-05     1.9223e-05     2.01837e-05     1.87554e-05
2014     0     0     0     0     0     0     0
2018     1.62431e-06     1.86231e-05     1.86221e-05     1.86237e-05     1.93573e-05     2.03247e-05     1.88864e-05
2022     0     0     0     0     0     0     0
2026     0     0     0     0     0     0     0
2030     8.12155e-07     9.4144e-06     9.41391e-06     9.41469e-06     9.78558e-06     1.02746e-05     9.54754e-06
2034     8.12155e-07     9.45147e-06     9.45098e-06     9.45177e-06     9.82411e-06     1.03151e-05     9.58514e-06
2038     1.62431e-06     1.89506e-05     1.89496e-05     1.89512e-05     1.96978e-05     2.06822e-05     1.92186e-05
2042     0     0     0     0     0     0     0
2046     8.12155e-07     9.57613e-06     9.57564e-06     9.57644e-06     9.95369e-06     1.04511e-05     9.71156e-06
2050     8.12155e-07     9.58266e-06     9.58216e-06     9.58296e-06     9.96047e-06     1.04582e-05     9.71818e-06
2054     8.12155e-07     9.62357e-06     9.62307e-06     9.62388e-06     1.0003e-05     1.05029e-05     9.75967e-06
2058     1.62431e-06     1.93e-05     1.9299e-05     1.93006e-05     2.0061e-05     2.10635e-05     1.9573e-05
2062     2.43646e-06     2.90939e-05     2.90924e-05     2.90949e-05     3.0241e-05     3.17523e-05     2.95054e-05
2066     8.12155e-07     9.72413e-06     9.72363e-06     9.72444e-06     1.01075e-05     1.06126e-05     9.86165e-06
2070     0     0     0     0     0     0     0
2074     8.12155e-07     9.79805e-06     9.79755e-06     9.79836e-06     1.01844e-05     1.06933e-05     9.93662e-06
2078     1.62431e-06     1.9702e-05     1.9701e-05     1.97027e-05     2.04788e-05     2.15022e-05     1.99807e-05
2082     0     0     0     0     0     0     0
2086     0     0     0     0     0     0     0
2090     8.12155e-07     9.95611e-06     9.95559e-06     9.95642e-06     1.03486e-05     1.08658e-05     1.00969e-05
2094     1.62431e-06     1.99531e-05     1.99521e-05     1.99538e-05     2.07398e-05     2.17763e-05     2.02353e-05
2098     0     0     0     0     0     0     0
2102     0     0     0     0     0     0     0
2106     1.62431e-06     2.01887e-05     2.01877e-05     2.01893e-05     2.09847e-05     2.20334e-05     2.04742e-05
2110     8.12155e-07     1.01226e-05     1.01221e-05     1.01229e-05     1.05217e-05     1.10475e-05     1.02658e-05
2114     0     0     0     0     0     0     0
2118     0     0     0     0     0     0     0
2122     1.62431e-06     2.04753e-05     2.04742e-05     2.04759e-05     2.12825e-05     2.23461e-05     2.07648e-05
2126     8.12155e-07     1.02721e-05     1.02716e-05     1.02725e-05     1.06771e-05     1.12107e-05     1.04174e-05
2130     0     0     0     0     0     0     0
2134     0     0     0     0     0     0     0
2138     0     0     0     0     0     0     0
2142     0     0     0     0     0     0     0
2146     0     0     0     0     0     0     0
2150     0     0     0     0     0     0     0
2154     0     0     0     0     0     0     0
2158     8.12155e-07     1.05577e-05     1.05571e-05     1.0558e-05     1.09739e-05     1.15224e-05     1.0707e-05
2162     0     0     0     0     0     0     0
2166     0     0     0     0     0     0     0
2170     0     0     0     0     0     0     0
2174     8.12155e-07     1.07217e-05     1.07211e-05     1.0722e-05     1.11444e-05     1.17013e-05     1.08733e-05
2178     0     0     0     0     0     0     0
2182     1.62431e-06     2.1594e-05     2.15929e-05     2.15947e-05     2.24454e-05     2.35671e-05     2.18994e-05
2186     0     0     0     0     0     0     0
2190     0     0     0     0     0     0     0
2194     1.62431e-06     2.17967e-05     2.17956e-05     2.17974e-05     2.26561e-05     2.37883e-05     2.2105e-05
2198     2.43646e-06     3.27768e-05     3.27751e-05     3.27778e-05     3.4069e-05     3.57716e-05     3.32403e-05
2202     0     0     0     0     0     0     0
2206     0     0     0     0     0     0     0
2210     0     0     0     0     0     0     0
2214     0     0     0     0     0     0     0
2218     8.12155e-07     1.1093e-05     1.10924e-05     1.10933e-05     1.15303e-05     1.21065e-05     1.12498e-05
2222     0     0     0     0     0     0     0
2226     0     0     0     0     0     0     0
2230     0     0     0     0     0     0     0
2234     8.12155e-07     1.12615e-05     1.12609e-05     1.12619e-05     1.17055e-05     1.22905e-05     1.14208e-05
2238     0     0     0     0     0     0     0
2242     8.12155e-07     1.133e-05     1.13294e-05     1.13303e-05     1.17767e-05     1.23652e-05     1.14902e-05
2246     0     0     0     0     0     0     0
2250     0     0     0     0     0     0     0
2254     0     0     0     0     0     0     0
2258     0     0     0     0     0     0     0
2262     0     0     0     0     0     0     0
2266     8.12155e-07     1.15323e-05     1.15317e-05     1.15326e-05     1.19869e-05     1.2586e-05     1.16954e-05
2270     0     0     0     0     0     0     0
2274     0     0     0     0     0     0     0
2278     1.62431e-06     2.33331e-05     2.33319e-05     2.33338e-05     2.42531e-05     2.54651e-05     2.36631e-05
2282     0     0     0     0     0     0     0
2286     0     0     0     0     0     0     0
2290     0     0     0     0     0     0     0
2294     0     0     0     0     0     0     0
2298     0     0     0     0     0     0     0
2302     0     0     0     0     0     0     0
2306     1.62431e-06     2.38312e-05     2.383e-05     2.3832e-05     2.47708e-05     2.60087e-05     2.41682e-05
2310     0     0     0     0     0     0     0
2314     0     0     0     0     0     0     0
2318     8.12155e-07     1.2035e-05     1.20344e-05     1.20354e-05     1.25096e-05     1.31347e-05     1.22053e-05
2322     8.12155e-07     1.20598e-05     1.20592e-05     1.20602e-05     1.25353e-05     1.31618e-05     1.22304e-05
2326     0     0     0     0     0     0     0
2330     0     0     0     0     0     0     0
2334     8.12155e-07     1.21726e-05     1.2172e-05     1.2173e-05     1.26525e-05     1.32848e-05     1.23448e-05
2338     0     0     0     0     0     0     0
2342     8.12155e-07     1.22438e-05     1.22432e-05     1.22442e-05     1.27266e-05     1.33626e-05     1.2417e-05
2346     0     0     0     0     0     0     0
2350     0     0     0     0     0     0     0
2354     8.12155e-07     1.23715e-05     1.23709e-05     1.23719e-05     1.28593e-05     1.35019e-05     1.25465e-05
2358     0     0     0     0     0     0     0
2362     8.12155e-07     1.24111e-05     1.24105e-05     1.24115e-05     1.29004e-05     1.35451e-05     1.25866e-05
2366     8.12155e-07     1.24712e-05     1.24706e-05     1.24716e-05     1.29629e-05     1.36107e-05     1.26476e-05
2370     0     0     0     0     0     0     0
2374     0     0     0     0     0     0     0
2378     0     0     0     0     0     0     0
2382     0     0     0     0     0     0     0
2386     0     0     0     0     0     0     0
2390     0     0     0     0     0     0     0
2394     0     0     0     0     0     0     0
2398     0     0     0     0     0     0     0
2402     8.12155e-07     1.28027e-05     1.2802e-05     1.28031e-05     1.33074e-05     1.39725e-05     1.29837e-05
2406     0     0     0     0     0     0     0
2410     0     0     0     0     0     0     0
2414     0     0     0     0     0     0     0
2418     0     0     0     0     0     0     0
2422     0     0     0     0     0     0     0
2426     0     0     0     0     0     0     0
2430     8.12155e-07     1.3044e-05     1.30433e-05     1.30444e-05     1.35583e-05     1.42359e-05     1.32285e-05
2434     1.62431e-06     2.61725e-05     2.61712e-05     2.61734e-05     2.72044e-05     2.8564e-05     2.65427e-05
2438     8.12155e-07     1.31509e-05     1.31503e-05     1.31514e-05     1.36694e-05     1.43526e-05     1.33369e-05
2442     0     0     0     0     0     0     0
2446     0     0     0     0     0     0     0
2450     0     0     0     0     0     0     0
2454     8.12155e-07     1.33009e-05     1.33002e-05     1.33013e-05     1.38253e-05     1.45162e-05     1.3489e-05
2458     0     0     0     0     0     0     0
2462     0     0     0     0     0     0     0
2466     8.12155e-07     1.34056e-05     1.34049e-05     1.34061e-05     1.39342e-05     1.46305e-05     1.35952e-05
2470     0     0     0     0     0     0     0
2474     0     0     0     0     0     0     0
2478     8.12155e-07     1.35113e-05     1.35106e-05     1.35117e-05     1.4044e-05     1.47458e-05     1.37023e-05
2482     0     0     0     0     0     0     0
2486     0     0     0     0     0     0     0
2490     0     0     0     0     0     0     0
2494     0     0     0     0     0     0     0
2498     0     0     0     0     0     0     0
2502     0     0     0     0     0     0     0
2506     0     0     0     0     0     0     0
2510     8.12155e-07     1.38291e-05     1.38283e-05     1.38295e-05     1.43743e-05     1.50926e-05     1.40246e-05
2514     0     0     0     0     0     0     0
2518     0     0     0     0     0     0     0
2522     0     0     0     0     0     0     0
2526     0     0     0     0     0     0     0
2530     0     0     0     0     0     0     0
2534     0     0     0     0     0     0     0
2538     0     0     0     0     0     0     0
2542     0     0     0     0     0     0     0
2546     0     0     0     0     0     0     0
2550     0     0     0     0     0     0     0
2554     8.12155e-07     1.42176e-05     1.42169e-05     1.42181e-05     1.47782e-05     1.55167e-05     1.44187e-05
2558     0     0     0     0     0     0     0
2562     0     0     0     0     0     0     0
2566     0     0     0     0     0     0     0
2570     0     0     0     0     0     0     0
2574     0     0     0     0     0     0     0
2578     0     0     0     0     0     0     0
2582     0     0     0     0     0     0     0
2586     0     0     0     0     0     0     0
2590     0     0     0     0     0     0     0
2594     0     0     0     0     0     0     0
2598     0     0     0     0     0     0     0
2602     0     0     0     0     0     0     0
2606     8.12155e-07     1.47121e-05     1.47114e-05     1.47126e-05     1.52922e-05     1.60564e-05     1.49202e-05
2610     0     0     0     0     0     0     0
2614     0     0     0     0     0     0     0
2618     0     0     0     0     0     0     0
2622     0     0     0     0     0     0     0
2626     0     0     0     0     0     0     0
2630     8.12155e-07     1.4945e-05     1.49442e-05     1.49455e-05     1.55343e-05     1.63106e-05     1.51564e-05
2634     0     0     0     0     0     0     0
2638     0     0     0     0     0     0     0
2642     0     0     0     0     0     0     0
2646     0     0     0     0     0     0     0
2650     0     0     0     0     0     0     0
2654     0     0     0     0     0     0     0
2658     0     0     0     0     0     0     0
2662     0     0     0     0     0     0     0
2666     0     0     0     0     0     0     0
2670     0     0     0     0     0     0     0
2674     0     0     0     0     0     0     0
2678     0     0     0     0     0     0     0
2682     0     0     0     0     0     0     0
2686     8.12155e-07     1.54811e-05     1.54803e-05     1.54816e-05     1.60915e-05     1.68957e-05     1.57001e-05
2690     0     0     0     0     0     0     0
2694     0     0     0     0     0     0     0
2698     0     0     0     0     0     0     0
2702     0     0     0     0     0     0     0
2706     0     0     0     0     0     0     0
2710     0     0     0     0     0     0     0
2714     0     0     0     0     0     0     0
2718     0     0     0     0     0     0     0
2722     0     0     0     0     0     0     0
2726     0     0     0     0     0     0     0
2730     0     0     0     0     0     0     0
2734     8.12155e-07     1.59502e-05     1.59494e-05     1.59507e-05     1.65791e-05     1.74076e-05     1.61758e-05
2738     0     0     0     0     0     0     0
2742     0     0     0     0     0     0     0
2746     0     0     0     0     0     0     0
2750     0     0     0     0     0     0     0
2754     0     0     0     0     0     0     0
2758     0     0     0     0     0     0     0
2762     0     0     0     0     0     0     0
2766     0     0     0     0     0     0     0
2770     0     0     0     0     0     0     0
2774     0     0     0     0     0     0     0
2778     0     0     0     0     0     0     0
2782     0     0     0     0     0     0     0
2786     0     0     0     0     0     0     0
2790     0     0     0     0     0     0     0
2794     0     0     0     0     0     0     0
2798     0     0     0     0     0     0     0
2802     0     0     0     0     0     0     0
2806     0     0     0     0     0     0     0
2810     0     0     0     0     0     0     0
2814     0     0     0     0     0     0     0
2818     0     0     0     0     0     0     0
2822     0     0     0     0     0     0     0
2826     0     0     0     0     0     0     0
2830     0     0     0     0     0     0     0
2834     0     0     0     0     0     0     0
2838     0     0     0     0     0     0     0
2842     0     0     0     0     0     0     0
2846     0     0     0     0     0     0     0
2850     0     0     0     0     0     0     0
2854     0     0     0     0     0     0     0
2858     0     0     0     0     0     0     0
2862     0     0     0     0     0     0     0
2866     0     0     0     0     0     0     0
2870     0     0     0     0     0     0     0
2874     0     0     0     0     0     0     0
2878     0     0     0     0     0     0     0
2882     0     0     0     0     0     0     0
2886     0     0     0     0     0     0     0
2890     0     0     0     0     0     0     0
2894     0     0     0     0     0     0     0
2898     0     0     0     0     0     0     0
2902     0     0     0     0     0     0     0
2906     0     0     0     0     0     0     0
2910     0     0     0     0     0     0     0
2914     8.12155e-07     1.76625e-05     1.76616e-05     1.76631e-05     1.83589e-05     1.92764e-05     1.79123e-05
2918     0     0     0     0     0     0     0
2922     0     0     0     0     0     0     0
2926     0     0     0     0     0     0     0
2930     0     0     0     0     0     0     0
2934     0     0     0     0     0     0     0
2938     0     0     0     0     0     0     0
2942     0     0     0     0     0     0     0
2946     0     0     0     0     0     0     0
2950     0     0     0     0     0     0     0
2954     0     0     0     0     0     0     0
2958     0     0     0     0     0     0     0
2962     0     0     0     0     0     0     0
2966     0     0     0     0     0     0     0
2970     0     0     0     0     0     0     0
2974     0     0     0     0     0     0     0
2978     0     0     0     0     0     0     0
2982     0     0     0     0     0     0     0
2986     0     0     0     0     0     0     0
2990     0     0     0     0     0     0     0
2994     0     0     0     0     0     0     0
2998     0     0     0     0     0     0     0
3002     0     0     0     0     0     0     0
3006     0     0     0     0     0     0     0
3010     0     0     0     0     0     0     0
3014     0     0     0     0     0     0     0
3018     0     0     0     0     0     0     0
3022     0     0     0     0     0     0     0
3026     0     0     0     0     0     0     0
3030     0     0     0     0     0     0     0
3034     0     0     0     0     0     0     0
3038     0     0     0     0     0     0     0
3042     0     0     0     0     0     0     0
3046     0     0     0     0     0     0     0
3050     0     0     0     0     0     0     0
3054     0     0     0     0     0     0     0
3058     0     0     0     0     0     0     0
3062     0     0     0     0     0     0     0
3066     0     0     0     0     0     0     0
3070     0     0     0     0     0     0     0
3074     0     0     0     0     0     0     0
3078     0     0     0     0     0     0     0
3082     0     0     0     0     0     0     0
3086     0     0     0     0     0     0     0
3090     0     0     0     0     0     0     0
3094     0     0     0     0     0     0     0
3098     0     0     0     0     0     0     0
3102     0     0     0     0     0     0     0
3106     0     0     0     0     0     0     0
3110     0     0     0     0     0     0     0
3114     0     0     0     0     0     0     0
3118     0     0     0     0     0     0     0
3122     0     0     0     0     0     0     0
3126     0     0     0     0     0     0     0
3130     0     0     0     0     0     0     0
3134     0     0     0     0     0     0     0
3138     0     0     0     0     0     0     0
3142     0     0     0     0     0     0     0
3146     0     0     0     0     0     0     0
3150     0     0     0     0     0     0     0
3154     0     0     0     0     0     0     0
3158     0     0     0     0     0     0     0
3162     0     0     0     0     0     0     0
3166     0     0     0     0     0     0     0
3170     0     0     0     0     0     0     0
3174     0     0     0     0     0     0     0
3178     0     0     0     0     0     0     0
3182     0     0     0     0     0     0     0
3186     0     0     0     0     0     0     0
3190     0     0     0     0     0     0     0
3194     0     0     0     0     0     0     0
3198     0     0     0     0     0     0     0
3202     0     0     0     0     0     0     0
3206     0     0     0     0     0     0     0
3210     0     0     0     0     0     0     0
3214     0     0     0     0     0     0     0
3218     0     0     0     0     0     0     0
3222     0     0     0     0     0     0     0
3226     0     0     0     0     0     0     0
3230     0     0     0     0     0     0     0
3234     0     0     0     0     0     0     0
3238     0     0     0     0     0     0     0
3242     0     0     0     0     0     0     0
3246     0     0     0     0     0     0     0
3250     0     0     0     0     0     0     0
3254     0     0     0     0     0     0     0
3258     0     0     0     0     0     0     0
3262     0     0     0     0     0     0     0
3266     0     0     0     0     0     0     0
3270     0     0     0     0     0     0     0
3274     0     0     0     0     0     0     0
3278     0     0     0     0     0     0     0
3282     0     0     0     0     0     0     0
3286     0     0     0     0     0     0     0
3290     0     0     0     0     0     0     0
3294     0     0     0     0     0     0     0
3298     0     0     0     0     0     0     0
3302     0     0     0     0     0     0     0
3306     0     0     0     0     0     0     0
3310     0     0     0     0     0     0     0
3314     0     0     0     0     0     0     0
3318     0     0     0     0     0     0     0
3322     0     0     0     0     0     0     0
3326     0     0     0     0     0     0     0
3330     0     0     0     0     0     0     0
3334     0     0     0     0     0     0     0
3338     0     0     0     0     0     0     0
3342     0     0     0     0     0     0     0
3346     0     0     0     0     0     0     0
3350     0     0     0     0     0     0     0
3354     0     0     0     0     0     0     0
3358     0     0     0     0     0     0     0
3362     0     0     0     0     0     0     0
3366     0     0     0     0     0     0     0
3370     0     0     0     0     0     0     0
3374     0     0     0     0     0     0     0
3378     0     0     0     0     0     0     0
3382     0     0     0     0     0     0     0
3386     0     0     0     0     0     0     0
3390     0     0     0     0     0     0     0
3394     0     0     0     0     0     0     0
3398     0     0     0     0     0     0     0
3402     0     0     0     0     0     0     0
3406     0     0     0     0     0     0     0
3410     0     0     0     0     0     0     0
3414     0     0     0     0     0     0     0
3418     0     0     0     0     0     0     0
3422     0     0     0     0     0     0     0
3426     0     0     0     0     0     0     0
3430     0     0     0     0     0     0     0
3434     0     0     0     0     0     0     0
3438     0     0     0     0     0     0     0
3442     0     0     0     0     0     0     0
3446     0     0     0     0     0     0     0
3450     0     0     0     0     0     0     0
3454     0     0     0     0     0     0     0
3458     0     0     0     0     0     0     0
3462     0     0     0     0     0     0     0
3466     0     0     0     0     0     0     0
3470     0     0     0     0     0     0     0
3474     0     0     0     0     0     0     0
3478     0     0     0     0     0     0     0
3482     0     0     0     0     0     0     0
3486     0     0     0     0     0     0     0
3490     0     0     0     0     0     0     0
3494     0     0     0     0     0     0     0
3498     0     0     0     0     0     0     0
3502     0     0     0     0     0     0     0
3506     0     0     0     0     0     0     0
3510     0     0     0     0     0     0     0
3514     0     0     0     0     0     0     0
3518     0     0     0     0     0     0     0
3522     0     0     0     0     0     0     0
3526     0     0     0     0     0     0     0
3530     0     0     0     0     0     0     0
3534     0     0     0     0     0     0     0
3538     0     0     0     0     0     0     0
3542     0     0     0     0     0     0     0
3546     0     0     0     0     0     0     0
3550     0     0     0     0     0     0     0
3554     0     0     0     0     0     0     0
3558     0     0     0     0     0     0     0
3562     0     0     0     0     0     0     0
3566     0     0     0     0     0     0     0
3570     0     0     0     0     0     0     0
3574     0     0     0     0     0     0     0
3578     0     0     0     0     0     0     0
3582     0     0     0     0     0     0     0
3586     0     0     0     0     0     0     0
3590     0     0     0     0     0     0     0
3594     0     0     0     0     0     0     0
3598     0     0     0     0     0     0     0
3602     0     0     0     0     0     0     0
3606     0     0     0     0     0     0     0
3610     0     0     0     0     0     0     0
3614     0     0     0     0     0     0     0
3618     0     0     0     0     0     0     0
3622     0     0     0     0     0     0     0
3626     0     0     0     0     0     0     0
3630     0     0     0     0     0     0     0
3634     0     0     0     0     0     0     0
3638     0     0     0     0     0     0     0
3642     0     0     0     0     0     0     0
3646     0     0     0     0     0     0     0
3650     0     0     0     0     0     0     0
3654     0     0     0     0     0     0     0
3658     0     0     0     0     0     0     0
3662     0     0     0     0     0     0     0
3666     0     0     0     0     0     0     0
3670     0     0     0     0     0     0     0
3674     0     0     0     0     0     0     0
3678     0     0     0     0     0     0     0
3682     0     0     0     0     0     0     0
3686     0     0     0     0     0     0     0
3690     0     0     0     0     0     0     0
3694     0     0     0     0     0     0     0
3698     0     0     0     0     0     0     0
3702     0     0     0     0     0     0     0
3706     0     0     0     0     0     0     0
3710     0     0     0     0     0     0     0
3714     0     0     0     0     0     0     0
3718     0     0     0     0     0     0     0
3722     0     0     0     0     0     0     0
3726     0     0     0     0     0     0     0
3730     0     0     0     0     0     0     0
3734     0     0     0     0     0     0     0
3738     0     0     0     0     0     0     0
3742     0     0     0     0     0     0     0
3746     0     0     0     0     0     0     0
3750     0     0     0     0     0     0     0
3754     0     0     0     0     0     0     0
3758     0     0     0     0     0     0     0
3762     0     0     0     0     0     0     0
3766     0     0     0     0     0     0     0
3770     0     0     0     0     0     0     0
3774     0     0     0     0     0     0     0
3778     0     0     0     0     0     0     0
3782     0     0     0     0     0     0     0
3786     0     0     0     0     0     0     0
3790     0     0     0     0     0     0     0
3794     0     0     0     0     0     0     0
3798     0     0     0     0     0     0     0
3802     0     0     0     0     0     0     0
3806     0     0     0     0     0     0     0
3810     0     0     0     0     0     0     0
3814     0     0     0     0     0     0     0
3818     0     0     0     0     0     0     0
3822     0     0     0     0     0     0     0
3826     0     0     0     0     0     0     0
3830     0     0     0     0     0     0     0
3834     0     0     0     0     0     0     0
3838     0     0     0     0     0     0     0
3842     0     0     0     0     0     0     0
3846     0     0     0     0     0     0     0
3850     0     0     0     0     0     0     0
3854     0     0     0     0     0     0     0
3858     0     0     0     0     0     0     0
3862     0     0     0     0     0     0     0
3866     0     0     0     0     0     0     0
3870     0     0     0     0     0     0     0
3874     0     0     0     0     0     0     0
3878     0     0     0     0     0     0     0
3882     0     0     0     0     0     0     0
3886     0     0     0     0     0     0     0
3890     0     0     0     0     0     0     0
3894     0     0     0     0     0     0     0
3898     0     0     0     0     0     0     0
3902     0     0     0     0     0     0     0
3906     0     0     0     0     0     0     0
3910     0     0     0     0     0     0     0
3914     0     0     0     0     0     0     0
3918     0     0     0     0     0     0     0
3922     0     0     0     0     0     0     0
3926     0     0     0     0     0     0     0
3930     0     0     0     0     0     0     0
3934     0     0     0     0     0     0     0
3938     0     0     0     0     0     0     0
3942     0     0     0     0     0     0     0
3946     0     0     0     0     0     0     0
3950     0     0     0     0     0     0     0
3954     0     0     0     0     0     0     0
3958     0     0     0     0     0     0     0
3962     0     0     0     0     0     0     0
3966     0     0     0     0     0     0     0
3970     0     0     0     0     0     0     0
3974     0     0     0     0     0     0     0
3978     0     0     0     0     0     0     0
3982     0     0     0     0     0     0     0
3986     0     0     0     0     0     0     0
3990     0     0     0     0     0     0     0
3994     0     0     0     0     0     0     0
3998     0     0     0     0     0     0     0
