2     0     0     0     0     0     0     0
6     5.73948e-06     1.48272e-08     1.4825e-08     1.48282e-08     1.55727e-08     1.61619e-08     1.5237e-08
10     2.29579e-05     3.55388e-08     3.55335e-08     3.55413e-08     3.73258e-08     3.87378e-08     3.6521e-08
14     5.73948e-05     5.97275e-08     5.97186e-08     5.97317e-08     6.27308e-08     6.51039e-08     6.13782e-08
18     6.31342e-05     4.91548e-08     4.91475e-08     4.91583e-08     5.16265e-08     5.35795e-08     5.05133e-08
22     4.01763e-05     2.38611e-08     2.38575e-08     2.38628e-08     2.50609e-08     2.6009e-08     2.45206e-08
26     9.75711e-05     4.4794e-08     4.47874e-08     4.47972e-08     4.70464e-08     4.88262e-08     4.6032e-08
30     0.000166445     6.43994e-08     6.43898e-08     6.4404e-08     6.76376e-08     7.01964e-08     6.61792e-08
34     0.000200882     6.63726e-08     6.63628e-08     6.63774e-08     6.97101e-08     7.23472e-08     6.8207e-08
38     0.000143487     4.00947e-08     4.00887e-08     4.00976e-08     4.21108e-08     4.37039e-08     4.12028e-08
42     0.000195142     4.8783e-08     4.87758e-08     4.87865e-08     5.1236e-08     5.31743e-08     5.01313e-08
46     0.000195142     4.2715e-08     4.27087e-08     4.27181e-08     4.48629e-08     4.656e-08     4.38955e-08
50     0.000286974     5.61419e-08     5.61336e-08     5.61459e-08     5.89649e-08     6.11956e-08     5.76935e-08
54     0.000373066     6.61294e-08     6.61196e-08     6.61342e-08     6.94547e-08     7.20821e-08     6.79571e-08
58     0.000373066     6.0494e-08     6.0485e-08     6.04984e-08     6.35359e-08     6.59394e-08     6.21659e-08
62     0.00032715     4.9384e-08     4.93767e-08     4.93875e-08     5.18672e-08     5.38294e-08     5.07489e-08
66     0.000407503     5.79673e-08     5.79587e-08     5.79714e-08     6.08821e-08     6.31853e-08     5.95694e-08
70     0.000424721     5.74374e-08     5.74289e-08     5.74416e-08     6.03256e-08     6.26077e-08     5.90249e-08
74     0.000476376     6.16972e-08     6.1688e-08     6.17016e-08     6.47995e-08     6.72509e-08     6.34024e-08
78     0.0004362     5.47077e-08     5.46995e-08     5.47116e-08     5.74586e-08     5.96322e-08     5.62197e-08
82     0.000602645     7.3857e-08     7.3846e-08     7.38623e-08     7.75708e-08     8.05053e-08     7.58982e-08
86     0.000522292     6.2978e-08     6.29686e-08     6.29825e-08     6.61447e-08     6.8647e-08     6.47185e-08
90     0.000568208     6.80056e-08     6.79955e-08     6.80105e-08     7.14252e-08     7.41272e-08     6.98851e-08
94     0.000568208     6.78914e-08     6.78813e-08     6.78962e-08     7.13052e-08     7.40027e-08     6.97677e-08
98     0.000648561     7.7815e-08     7.78034e-08     7.78206e-08     8.17278e-08     8.48196e-08     7.99656e-08
102     0.000637082     7.70578e-08     7.70463e-08     7.70633e-08     8.09325e-08     8.39942e-08     7.91875e-08
106     0.000751871     9.21476e-08     9.21339e-08     9.21542e-08     9.67811e-08     1.00442e-07     9.46943e-08
110     0.0006543     8.21258e-08     8.21136e-08     8.21317e-08     8.62554e-08     8.95185e-08     8.43956e-08
114     0.000815006     1.06204e-07     1.06188e-07     1.06212e-07     1.11544e-07     1.15764e-07     1.09139e-07
118     0.000780569     1.06837e-07     1.06821e-07     1.06845e-07     1.12209e-07     1.16454e-07     1.0979e-07
122     0.000792048     1.16859e-07     1.16842e-07     1.16867e-07     1.22735e-07     1.27378e-07     1.20089e-07
126     0.000815006     1.31701e-07     1.31681e-07     1.3171e-07     1.38323e-07     1.43556e-07     1.35341e-07
130     0.000906837     1.66655e-07     1.6663e-07     1.66666e-07     1.75035e-07     1.81656e-07     1.7126e-07
134     0.00110772     2.36461e-07     2.36426e-07     2.36478e-07     2.48351e-07     2.57746e-07     2.42996e-07
138     0.00105032     2.68126e-07     2.68086e-07     2.68145e-07     2.81608e-07     2.92262e-07     2.75537e-07
142     0.000883879     2.81204e-07     2.81163e-07     2.81225e-07     2.95344e-07     3.06517e-07     2.88976e-07
146     0.00105606     4.40904e-07     4.40838e-07     4.40935e-07     4.63074e-07     4.80592e-07     4.53089e-07
150     0.00104458     5.99748e-07     5.99658e-07     5.99791e-07     6.29905e-07     6.53734e-07     6.16323e-07
154     0.000935535     8.12426e-07     8.12305e-07     8.12484e-07     8.53277e-07     8.85557e-07     8.34879e-07
158     0.00117085     1.94338e-06     1.9431e-06     1.94352e-06     2.0411e-06     2.11832e-06     1.99709e-06
162     0.00113068     4.96419e-06     4.96345e-06     4.96455e-06     5.21381e-06     5.41105e-06     5.10139e-06
166     0.0010905     8.89468e-06     8.89335e-06     8.89532e-06     9.34193e-06     9.69534e-06     9.14051e-06
170     0.00121677     1.32915e-05     1.32895e-05     1.32925e-05     1.39599e-05     1.4488e-05     1.36589e-05
174     0.00127416     1.70193e-05     1.70167e-05     1.70205e-05     1.78751e-05     1.85513e-05     1.74896e-05
178     0.00121103     1.90893e-05     1.90865e-05     1.90907e-05     2.00492e-05     2.08077e-05     1.96169e-05
182     0.00129712     2.45125e-05     2.45089e-05     2.45143e-05     2.57451e-05     2.6719e-05     2.519e-05
186     0.00121103     2.78024e-05     2.77983e-05     2.78044e-05     2.92004e-05     3.03051e-05     2.85708e-05
190     0.00146931     3.90811e-05     3.90752e-05     3.90839e-05     4.10462e-05     4.2599e-05     4.01612e-05
194     0.00130286     3.92093e-05     3.92035e-05     3.92121e-05     4.11809e-05     4.27388e-05     4.0293e-05
198     0.00144635     4.80201e-05     4.80129e-05     4.80235e-05     5.04347e-05     5.23426e-05     4.93472e-05
202     0.00127416     4.64834e-05     4.64765e-05     4.64867e-05     4.88208e-05     5.06676e-05     4.77681e-05
206     0.00151522     5.98616e-05     5.98527e-05     5.98658e-05     6.28716e-05     6.52501e-05     6.15159e-05
210     0.00153244     6.57315e-05     6.57218e-05     6.57361e-05     6.91556e-05     7.18231e-05     6.76308e-05
214     0.00154392     7.12767e-05     7.12662e-05     7.12817e-05     7.51165e-05     7.80687e-05     7.34244e-05
218     0.00173906     8.57675e-05     8.57549e-05     8.57736e-05     9.03888e-05     9.39417e-05     8.83522e-05
222     0.00146357     7.7045e-05     7.70336e-05     7.70503e-05     8.12324e-05     8.44414e-05     7.93916e-05
226     0.00160131     8.97829e-05     8.97697e-05     8.97892e-05     9.46745e-05     9.84196e-05     9.25257e-05
230     0.00182515     0.000108561     0.000108545     0.000108569     0.000114491     0.000119027     0.000111888
234     0.00185959     0.000117544     0.000117527     0.000117553     0.000123987     0.000128909     0.000121162
238     0.00183663     0.000122715     0.000122697     0.000122724     0.000129464     0.000134614     0.000126507
242     0.00189977     0.000134208     0.000134188     0.000134217     0.00014164     0.000147295     0.00013839
246     0.00185959     0.000138264     0.000138244     0.000138274     0.000145953     0.000151796     0.000142595
250     0.00190551     0.00014927     0.000149248     0.00014928     0.000157607     0.000163932     0.00015397
254     0.00189977     0.000156308     0.000156285     0.000156319     0.000165066     0.0001717     0.000161249
258     0.00210065     0.000181338     0.000181311     0.000181351     0.000191513     0.000199216     0.000187081
262     0.00218674     0.00019826     0.00019823     0.000198273     0.000209519     0.000218004     0.000204632
266     0.00204899     0.000194526     0.000194498     0.00019454     0.000205596     0.000213932     0.000200794
270     0.00216952     0.000215638     0.000215607     0.000215653     0.000227981     0.000237256     0.000222635
274     0.00220396     0.000228901     0.000228868     0.000228917     0.000242097     0.000251987     0.000236392
278     0.00229579     0.00024907     0.000249034     0.000249087     0.000263521     0.000274328     0.000257284
282     0.0022384     0.000253205     0.000253168     0.000253222     0.000267919     0.000278917     0.000261572
286     0.00250241     0.000295133     0.00029509     0.000295153     0.00031248     0.000325389     0.00030502
290     0.00262868     0.000322599     0.000322552     0.000322621     0.000341723     0.000355912     0.000333519
294     0.00235319     0.000300478     0.000300434     0.000300498     0.000318419     0.000331697     0.000310737
298     0.00265164     0.000351664     0.000351613     0.000351688     0.000372756     0.000388344     0.000363734
302     0.00275495     0.000379096     0.000379042     0.000379122     0.000402106     0.000419042     0.000392293
306     0.00238762     0.000341369     0.00034132     0.000341392     0.000362302     0.000377652     0.0003534
310     0.00257702     0.000382042     0.000381987     0.000382068     0.000405744     0.000423051     0.000395696
314     0.00272625     0.000418568     0.000418507     0.000418596     0.000444808     0.000463895     0.000433715
318     0.0030247     0.000480825     0.000480756     0.000480857     0.000511222     0.000533265     0.000498401
322     0.00290991     0.000478863     0.000478795     0.000478895     0.000509609     0.000531784     0.000496693
326     0.00294435     0.000500457     0.000500385     0.00050049     0.000533025     0.000556401     0.000519392
330     0.00318541     0.000558716     0.000558636     0.000558753     0.000595511     0.000621803     0.000580161
334     0.00313949     0.000568102     0.000568021     0.000568139     0.000606024     0.000632978     0.000590265
338     0.00313949     0.000585793     0.00058571     0.000585831     0.000625583     0.000653672     0.000609132
342     0.0034896     0.000672257     0.000672162     0.0006723     0.00071883     0.000751427     0.000699697
346     0.00356421     0.000709967     0.000709867     0.000710011     0.000760506     0.00079546     0.00073993
350     0.00366179     0.000757997     0.000757891     0.000758044     0.000813354     0.000851275     0.000790975
354     0.00362735     0.000785113     0.000785004     0.000785161     0.000843859     0.00088379     0.000820245
358     0.00365605     0.000829706     0.000829591     0.000829756     0.000893359     0.000936322     0.000867902
362     0.00351256     0.000834509     0.000834395     0.000834558     0.000900628     0.000944889     0.000874336
366     0.00382249     0.000948001     0.000947872     0.000948056     0.00102503     0.00107625     0.000994549
370     0.00435626     0.00112579     0.00112564     0.00112585     0.00122017     0.00128239     0.00118304
374     0.00409225     0.00110359     0.00110345     0.00110365     0.00119909     0.00126154     0.00116173
378     0.00446531     0.00125685     0.00125668     0.00125692     0.00136775     0.00143998     0.00132449
382     0.00433904     0.00127129     0.00127112     0.00127135     0.00138825     0.00146371     0.00134292
386     0.00442514     0.00134624     0.00134607     0.00134631     0.00147388     0.00155571     0.00142463
390     0.00488429     0.00154046     0.00154026     0.00154054     0.00169067     0.00178641     0.00163294
394     0.00445957     0.00145477     0.00145458     0.00145484     0.00160042     0.00169275     0.00154464
398     0.00473507     0.00159704     0.00159684     0.00159711     0.00176154     0.00186524     0.00169879
402     0.00526884     0.0018354     0.00183517     0.00183548     0.00203159     0.00215443     0.00195709
406     0.0052057     0.00187273     0.0018725     0.00187281     0.00207903     0.00220752     0.00200096
410     0.00524014     0.00194289     0.00194266     0.00194298     0.00216304     0.0022995     0.00207999
414     0.00596332     0.00227718     0.00227691     0.00227728     0.00254257     0.00270631     0.00244276
418     0.00614698     0.00241544     0.00241515     0.00241553     0.00270525     0.00288321     0.00259659
422     0.00569356     0.00229844     0.00229817     0.00229852     0.0025851     0.00276015     0.00247799
426     0.0062962     0.00260911     0.00260882     0.0026092     0.00294489     0.00314908     0.00281977
430     0.00667501     0.00283654     0.00283623     0.00283663     0.00321271     0.00344049     0.00307291
434     0.00683572     0.00298017     0.00297985     0.00298025     0.00338781     0.00363358     0.00323675
438     0.0067324     0.00300838     0.00300806     0.00300846     0.00343164     0.00368583     0.00327518
442     0.00689885     0.00315814     0.00315782     0.0031582     0.00362084     0.00389752     0.00345026
446     0.00736375     0.00344915     0.00344882     0.00344922     0.00396969     0.00428027     0.00377801
450     0.00800083     0.0038308     0.00383044     0.00383085     0.00442729     0.00478227     0.00420796
454     0.00817301     0.00399726     0.0039969     0.0039973     0.0046383     0.00501875     0.00440297
458     0.00864365     0.004317     0.00431663     0.00431702     0.00502868     0.0054498     0.0047679
462     0.00844277     0.0043042     0.00430387     0.0043042     0.00503978     0.00547293     0.00477106
466     0.00910281     0.00473599     0.00473565     0.00473595     0.00556955     0.00605826     0.00526586
470     0.0103425     0.005487     0.00548664     0.00548692     0.0064798     0.00705974     0.00611891
474     0.0102507     0.00554089     0.00554056     0.00554078     0.00657113     0.00717109     0.00619733
478     0.0104286     0.00574116     0.00574086     0.005741     0.0068358     0.00747185     0.00643911
482     0.0115249     0.00646054     0.00646028     0.00646028     0.0077329     0.00847123     0.00727203
486     0.0113871     0.00649913     0.00649894     0.00649881     0.0078123     0.0085738     0.00733674
490     0.0122997     0.00714238     0.00714225     0.00714195     0.008618     0.00947298     0.00808375
494     0.0131319     0.00775628     0.00775624     0.00775572     0.00939291     0.0103401     0.00880062
498     0.0132467     0.00795058     0.00795064     0.0079499     0.00965903     0.0106466     0.00904109
502     0.014584     0.00889567     0.00889594     0.00889471     0.010857     0.0119894     0.010148
506     0.0153818     0.00953117     0.00953164     0.00952997     0.0116617     0.0128922     0.0108909
510     0.0165182     0.0104003     0.010401     0.0103988     0.0127544     0.0141155     0.0119018
514     0.0171094     0.0109421     0.0109431     0.0109402     0.0134428     0.0148906     0.0125359
518     0.0184582     0.011993     0.0119944     0.0119906     0.0147538     0.0163552     0.0137509
522     0.0187853     0.0123943     0.0123964     0.0123914     0.0152598     0.0169261     0.0142165
526     0.0198528     0.013298     0.0133006     0.0132943     0.0163691     0.0181576     0.0152492
530     0.02181     0.0148336     0.0148373     0.0148289     0.0182526     0.0202462     0.0170043
534     0.023308     0.0160926     0.0160973     0.0160868     0.0197798     0.0219328     0.0184318
538     0.0242493     0.0170034     0.0170093     0.0169965     0.0208487     0.0230985     0.0194403
542     0.0255981     0.0182442     0.0182522     0.0182353     0.0222857     0.0246581     0.0208008
546     0.0280316     0.0203256     0.0203361     0.0203142     0.0247363     0.0273347     0.0231107
550     0.028485     0.021042     0.0210547     0.0210287     0.0254909     0.0281237     0.0238448
554     0.0306258     0.0230852     0.0231013     0.0230687     0.0278154     0.0306306     0.0260571
558     0.0315442     0.0242865     0.0243059     0.024267     0.029088     0.0319646     0.0272937
562     0.0333406     0.026232     0.0262571     0.0262073     0.0311359     0.0341051     0.0292875
566     0.0346435     0.0278906     0.0279208     0.0278614     0.032845     0.0358726     0.0309634
570     0.0353953     0.029241     0.0292764     0.0292073     0.034156     0.0371897     0.0322742
574     0.0376567     0.0320688     0.0321117     0.0320286     0.0371335     0.0402949     0.0351767
578     0.0386898     0.0340643     0.0341139     0.0340185     0.039081     0.0422524     0.0371229
582     0.0384774     0.0350844     0.035141     0.035033     0.0397192     0.0427111     0.0378799
586     0.0394015     0.037274     0.0373368     0.0372174     0.0417611     0.0447119     0.0399544
590     0.038839     0.0382502     0.0383163     0.0381911     0.0423986     0.0451868     0.0406998
594     0.0385578     0.039663     0.0397318     0.0396018     0.0434917     0.0461321     0.0418928
598     0.0367097     0.0394439     0.0395113     0.0393841     0.0427784     0.0451511     0.0413523
602     0.0358717     0.0401718     0.0401047     0.0402461     0.0429209     0.0442259     0.0424132
606     0.0347009     0.040347     0.0402837     0.0404167     0.0426273     0.0440903     0.0418957
610     0.0340466     0.04101     0.0409502     0.0410753     0.0428464     0.0442548     0.0420985
614     0.0328183     0.0409352     0.0408806     0.0409942     0.0422878     0.0434786     0.0416648
618     0.0292484     0.037679     0.0376334     0.0377275     0.0384979     0.0393676     0.0380676
622     0.0282669     0.0375022     0.0374627     0.0375431     0.0377554     0.0383211     0.0375168
626     0.0268607     0.0365598     0.0365257     0.0365945     0.0364249     0.0367718     0.0363215
630     0.0252193     0.0350888     0.03506     0.0351175     0.034584     0.0347147     0.0346126
634     0.0231817     0.0328631     0.0328392     0.0328862     0.0320604     0.032004     0.0322002
638     0.0209491     0.0302086     0.0301894     0.0302268     0.0291704     0.0289551     0.0294026
642     0.0198127     0.0290287     0.029013     0.0290429     0.0276718     0.0272669     0.0280201
646     0.0185672     0.0276223     0.027609     0.027634     0.0260921     0.0255743     0.0265075
650     0.0175571     0.0264993     0.026488     0.0265089     0.0247841     0.0241501     0.0252697
654     0.015973     0.0244116     0.0244023     0.0244193     0.0226221     0.0219219     0.0231434
658     0.015399     0.0238027     0.0237945     0.0238091     0.0218665     0.0210776     0.0224424
662     0.0134763     0.0210511     0.0210447     0.0210559     0.01912     0.0182985     0.0197078
666     0.0124432     0.019625     0.0196196     0.019629     0.0176823     0.0168341     0.0182822
670     0.0121046     0.0192679     0.0192629     0.0192714     0.0172226     0.0163102     0.0178619
674     0.0106812     0.0171505     0.0171464     0.0171533     0.0152115     0.0143314     0.0158238
678     0.0102105     0.0165318     0.0165281     0.0165342     0.014553     0.0136416     0.015183
682     0.00953901     0.0155608     0.0155576     0.0155628     0.0135583     0.0126202     0.0142021
686     0.00912003     0.0149872     0.0149842     0.014989     0.0129707     0.0120164     0.0136233
690     0.00820171     0.0135837     0.0135811     0.0135852     0.0116797     0.0107693     0.0122997
694     0.00774255     0.0129389     0.0129365     0.0129402     0.0110488     0.0101353     0.0116683
698     0.00723748     0.0122075     0.0122053     0.0122087     0.0103564     0.00945313     0.0109668
702     0.00682424     0.0116103     0.0116083     0.0116114     0.00976769     0.0088583     0.0103796
706     0.00653152     0.0112046     0.0112027     0.0112056     0.00937396     0.00846459     0.00998449
710     0.00606089     0.0104907     0.010489     0.0104916     0.00872412     0.00784093     0.0093157
714     0.0054525     0.00953185     0.00953031     0.00953264     0.0078829     0.00705389     0.0084371
718     0.00519423     0.00917382     0.00917236     0.00917456     0.00754617     0.00672339     0.00809522
722     0.00467193     0.0083241     0.0083228     0.00832476     0.00679214     0.00601103     0.00731173
726     0.00474655     0.00852314     0.00852182     0.0085238     0.00692145     0.00610006     0.00746676
730     0.00440218     0.00796508     0.00796386     0.00796568     0.00643688     0.00564888     0.00695903
734     0.00434478     0.00792507     0.00792386     0.00792566     0.00637502     0.00557207     0.00690619
738     0.00388562     0.00715647     0.00715538     0.00715699     0.00572452     0.00497935     0.00621666
742     0.00364457     0.00678221     0.00678119     0.0067827     0.00538753     0.00465697     0.00586895
746     0.00354126     0.00665783     0.00665683     0.00665831     0.00526607     0.00453345     0.00574807
750     0.00353552     0.00671388     0.00671287     0.00671436     0.00528954     0.00453636     0.00578432
754     0.00309932     0.00593717     0.00593629     0.0059376     0.004659     0.00398032     0.00510422
758     0.00308784     0.00596358     0.00596269     0.00596401     0.00466009     0.00396562     0.00511517
762     0.00285826     0.00556549     0.00556465     0.0055659     0.00432054     0.00365385     0.00475678
766     0.00288122     0.00566185     0.005661     0.00566226     0.00437905     0.00368921     0.00482979
770     0.00255407     0.00506916     0.0050684     0.00506953     0.0039055     0.00327722     0.00431547
774     0.00241058     0.00483691     0.00483618     0.00483727     0.00370976     0.00309857     0.00410801
778     0.00236466     0.00479389     0.00479317     0.00479425     0.00366165     0.00304543     0.00406268
782     0.00222118     0.00454522     0.00454453     0.00454555     0.00345058     0.00285141     0.00383971
786     0.00213508     0.00440689     0.00440622     0.00440721     0.00333679     0.00274863     0.00371824
790     0.00205473     0.00427799     0.00427734     0.00427831     0.00322885     0.00264995     0.00360385
794     0.00201456     0.00423144     0.0042308     0.00423176     0.00318233     0.00260146     0.00355821
798     0.00179646     0.00381147     0.00381089     0.00381175     0.00285274     0.00232003     0.00319704
802     0.00178498     0.00382361     0.00382303     0.00382389     0.00285285     0.0023113     0.00320245
806     0.00160131     0.00346676     0.00346623     0.00346702     0.00257654     0.00207805     0.00289794
810     0.00167019     0.00365312     0.00365256     0.00365339     0.002704     0.00217046     0.00304755
814     0.00159557     0.0035256     0.00352507     0.00352587     0.00259908     0.00207617     0.00293532
818     0.00138895     0.00309983     0.00309936     0.00310007     0.00227767     0.00181198     0.00257673
822     0.00136026     0.00306427     0.0030638     0.00306449     0.00224104     0.00177363     0.00254102
826     0.00132008     0.00300074     0.00300029     0.00300097     0.00218744     0.00172491     0.00248416
830     0.00122251     0.00280616     0.00280573     0.00280637     0.0020385     0.00160005     0.00231938
834     0.00128564     0.00297989     0.00297944     0.00298011     0.00215785     0.00168566     0.00245974
838     0.00126268     0.00295905     0.0029586     0.00295927     0.00213608     0.00165966     0.00243978
842     0.00125121     0.00295982     0.00295937     0.00296004     0.00212498     0.00163934     0.00243406
846     0.00103885     0.00247925     0.00247887     0.00247943     0.00177673     0.00136816     0.00203683
850     0.000958492     0.00231042     0.00231007     0.0023106     0.00165002     0.00126538     0.0018948
854     0.00087814     0.00213825     0.00213792     0.0021384     0.00152157     0.00116116     0.00175067
858     0.000906837     0.00223134     0.002231     0.00223151     0.00158364     0.00120299     0.00182513
862     0.000792048     0.00196835     0.00196805     0.0019685     0.00138867     0.00104549     0.00160584
866     0.00087814     0.00220363     0.00220329     0.00220379     0.00155018     0.00116186     0.00179559
870     0.000969971     0.00245761     0.00245724     0.0024578     0.0017262     0.00128993     0.00200154
874     0.000711695     0.00181993     0.00181965     0.00182006     0.00127583     0.0009502     0.00148111
878     0.000952753     0.00245877     0.00245839     0.00245895     0.00171666     0.00127111     0.00199727
882     0.000705955     0.0018388     0.00183852     0.00183894     0.00128023     0.00094376     0.00149187
886     0.000694477     0.0018274     0.00182713     0.00182754     0.00126805     0.000930222     0.00148036
890     0.00066004     0.00175338     0.00175312     0.00175351     0.00121293     0.00088516     0.00141863
894     0.000694477     0.0018642     0.00186391     0.00186433     0.00128641     0.000933987     0.00150713
898     0.000677258     0.00183689     0.00183661     0.00183703     0.00126627     0.000916012     0.00148512
902     0.000614124     0.0016828     0.00168255     0.00168293     0.00115298     0.000826198     0.00135683
906     0.000711695     0.00196802     0.00196773     0.00196817     0.00134636     0.00096257     0.00158569
910     0.000591166     0.00165118     0.00165093     0.0016513     0.00112552     0.000800368     0.00132815
914     0.000562469     0.00158694     0.0015867     0.00158706     0.00107754     0.000761513     0.0012743
918     0.000562469     0.00160374     0.0016035     0.00160386     0.00108769     0.000765922     0.00128768
922     0.000682998     0.0019663     0.001966     0.00196644     0.00132891     0.000928854     0.00157692
926     0.000573948     0.00166827     0.00166801     0.00166839     0.00112389     0.000780894     0.00133624
930     0.000430461     0.00126356     0.00126337     0.00126365     0.000848536     0.000586048     0.00101082
934     0.000562469     0.00166656     0.00166631     0.00166669     0.00111621     0.00076707     0.00133182
938     0.000556729     0.00166641     0.00166616     0.00166653     0.00111247     0.000759822     0.00133001
942     0.000596905     0.00180508     0.00180481     0.00180521     0.00120055     0.000814434     0.00143847
946     0.000418982     0.00127915     0.00127895     0.00127924     0.000849164     0.000573847     0.00101866
950     0.000418982     0.00129121     0.00129102     0.00129131     0.000854633     0.000574072     0.00102714
954     0.0004362     0.00135748     0.00135727     0.00135757     0.000895985     0.000598081     0.00107884
958     0.000453419     0.00142519     0.00142498     0.0014253     0.000939036     0.000623539     0.00113229
962     0.000453419     0.00143951     0.0014393     0.00143962     0.000943923     0.00062001     0.00114178
966     0.000355848     0.00114154     0.00114137     0.00114163     0.000747021     0.000487999     0.000905008
970     0.000396024     0.00128313     0.00128293     0.00128322     0.000837549     0.000543803     0.00101643
974     0.000367326     0.00120163     0.00120145     0.00120171     0.00078211     0.00050443     0.00095094
978     0.000321411     0.00106061     0.00106045     0.00106068     0.000688291     0.000440926     0.000838476
982     0.00032715     0.00109168     0.00109151     0.00109175     0.000705829     0.000448338     0.000861926
986     0.000321411     0.00108288     0.00108271     0.00108296     0.000699209     0.000442292     0.00085475
990     0.000367326     0.00124955     0.00124936     0.00124964     0.000804529     0.000505619     0.000985306
994     0.000338629     0.00116261     0.00116244     0.0011627     0.000746489     0.000466215     0.000915831
998     0.000396024     0.00137449     0.00137429     0.00137459     0.000880002     0.000545784     0.00108166
1002     0.000264016     0.000925866     0.000925727     0.000925934     0.000591097     0.000363796     0.000728015
1006     0.000350108     0.00123906     0.00123887     0.00123915     0.000790059     0.000484231     0.000974043
1010     0.000206621     0.000739366     0.000739255     0.00073942     0.000469668     0.000285153     0.000580491
1014     0.000246797     0.000891591     0.000891457     0.000891656     0.00056499     0.000340845     0.000699461
1018     0.000292713     0.00106852     0.00106836     0.0010686     0.000676626     0.000406643     0.000838352
1022     0.000264016     0.000973536     0.00097339     0.000973607     0.000614469     0.000365856     0.000763108
1026     0.000183663     0.000684514     0.000684412     0.000684564     0.000429313     0.000251859     0.000535236
1030     0.000166445     0.000626364     0.00062627     0.00062641     0.000392576     0.000229451     0.000489815
1034     0.000258276     0.000981909     0.000981762     0.000981981     0.000615216     0.000358368     0.000768086
1038     0.000241058     0.000926207     0.000926067     0.000926274     0.00057797     0.000333031     0.000723512
1042     0.000281234     0.0010923     0.00109214     0.00109238     0.000677836     0.000384715     0.000851632
1046     0.000241058     0.000945543     0.000945401     0.000945612     0.00058655     0.000331629     0.000737464
1050     0.0002181     0.000864607     0.000864478     0.00086467     0.000536157     0.000301888     0.000674603
1054     0.000235318     0.000941563     0.000941422     0.000941631     0.000583467     0.000327255     0.000734692
1058     0.000229579     0.000927891     0.000927752     0.000927959     0.000573209     0.000318228     0.000723425
1062     0.000143487     0.00058736     0.000587272     0.000587403     0.000360152     0.000195874     0.000456715
1066     0.000160705     0.000663328     0.000663228     0.000663376     0.000406981     0.000220926     0.000516177
1070     0.000183663     0.000767118     0.000767003     0.000767174     0.000469032     0.000251413     0.00059645
1074     0.000212361     0.000895315     0.000895181     0.00089538     0.000545987     0.000290088     0.00069561
1078     0.000177924     0.000757824     0.00075771     0.000757879     0.000461015     0.000242661     0.00058846
1082     0.000252537     0.00108652     0.00108636     0.0010866     0.000659113     0.000342843     0.000843275
1086     0.000172184     0.000748035     0.000747923     0.000748089     0.000452331     0.000232571     0.000580076
1090     0.000177924     0.000780144     0.000780027     0.000780201     0.00047072     0.000239963     0.00060467
1094     0.000200882     0.000891471     0.000891337     0.000891535     0.000536556     0.000270395     0.000690699
1098     0.000183663     0.000822906     0.000822782     0.000822965     0.000494793     0.000247606     0.000637662
1102     0.000166445     0.000753411     0.000753298     0.000753465     0.00045198     0.000223517     0.000583693
1106     0.000143487     0.00065621     0.000656112     0.000656258     0.000392146     0.000190974     0.000507895
1110     0.000172184     0.000795622     0.000795503     0.00079568     0.000473797     0.000227642     0.000615194
1114     0.000177924     0.000831284     0.00083116     0.000831345     0.000493212     0.000233217     0.000642211
1118     0.000154966     0.000730452     0.000730342     0.000730505     0.000432734     0.000202952     0.000564213
1122     0.00011479     0.000546619     0.000546537     0.000546659     0.000323813     0.000150817     0.000422558
1126     0.000195142     0.000938641     0.000938501     0.000938709     0.000554216     0.000254371     0.000725031
1130     9.75711e-05     0.000473728     0.000473657     0.000473762     0.000278809     0.000126255     0.000365593
1134     0.000154966     0.000759994     0.00075988     0.000760049     0.000445359     0.000197603     0.000585951
1138     9.75711e-05     0.000484008     0.000483936     0.000484043     0.000284016     0.000125847     0.000373602
1142     0.000120529     0.00060284     0.00060275     0.000602883     0.000353297     0.000154723     0.00046547
1146     6.88737e-05     0.000348182     0.00034813     0.000348207     0.000203649     8.81492e-05     0.000268773
1150     9.75711e-05     0.000498167     0.000498093     0.000498203     0.000290624     0.000123877     0.000384423
1154     0.00010905     0.000561351     0.000561267     0.000561391     0.000326971     0.000138056     0.000433092
1158     0.00010905     0.000567353     0.000567268     0.000567394     0.000329515     0.0001367     0.000437564
1162     0.000137747     0.000723541     0.000723432     0.000723593     0.000418315     0.000169333     0.000557466
1166     8.60921e-05     0.000456789     0.00045672     0.000456822     0.000263798     0.000105658     0.000352007
1170     7.46132e-05     0.000399621     0.000399561     0.00039965     0.000230432     9.1167e-05     0.00030796
1174     7.46132e-05     0.000403236     0.000403176     0.000403265     0.000232103     9.06329e-05     0.000310712
1178     0.000166445     0.000908927     0.000908791     0.000908992     0.000521825     0.000200153     0.000700162
1182     0.00010905     0.00060155     0.00060146     0.000601593     0.000344734     0.000130008     0.000463458
1186     8.60921e-05     0.000479221     0.00047915     0.000479256     0.000273281     0.000100368     0.000368703
1190     0.000172184     0.000967485     0.000967341     0.000967555     0.000550684     0.000198935     0.000744361
1194     0.000120529     0.000683316     0.000683214     0.000683366     0.000388845     0.000139287     0.000526006
1198     0.00010905     0.000624746     0.000624653     0.000624791     0.000354288     0.000123938     0.000480612
1202     9.18316e-05     0.000530668     0.000530589     0.000530706     0.000300238     0.000102765     0.000408232
1206     7.46132e-05     0.000435369     0.000435304     0.0004354     0.000246048     8.2961e-05     0.000335035
1210     6.88737e-05     0.000405546     0.000405485     0.000405575     0.000228954     7.60594e-05     0.000312186
1214     9.75711e-05     0.000579475     0.000579389     0.000579517     0.000326526     0.000106758     0.000445974
1218     7.46132e-05     0.000447009     0.000446943     0.000447042     0.000250678     7.93187e-05     0.000343626
1222     7.46132e-05     0.000452318     0.000452251     0.000452351     0.000254174     8.01512e-05     0.000348297
1226     5.73948e-05     0.000350646     0.000350594     0.000350671     0.000196342     6.0084e-05     0.000269862
1230     6.88737e-05     0.000424913     0.00042485     0.000424944     0.000237155     7.04864e-05     0.000326869
1234     7.46132e-05     0.000463549     0.000463479     0.000463582     0.000258412     7.59506e-05     0.000356536
1238     8.03527e-05     0.000504686     0.00050461     0.000504722     0.000280543     8.00393e-05     0.000388085
1242     5.73948e-05     0.000362575     0.000362521     0.000362601     0.000201217     5.60089e-05     0.000278895
1246     4.01763e-05     0.000256823     0.000256785     0.000256842     0.000142435     3.89406e-05     0.000197659
1250     5.16553e-05     0.000333327     0.000333277     0.000333351     0.000184205     4.85296e-05     0.000256419
1254     3.44369e-05     0.000223893     0.00022386     0.000223909     0.000123573     3.19885e-05     0.000172243
1258     8.03527e-05     0.000527017     0.000526938     0.000527055     0.000290717     7.41017e-05     0.000405605
1262     3.44369e-05     0.000227985     0.000227951     0.000228001     0.00012514     3.02847e-05     0.000175306
1266     4.01763e-05     0.000268148     0.000268108     0.000268167     0.000147031     3.4842e-05     0.00020625
1270     5.73948e-05     0.00038577     0.000385713     0.000385798     0.000211195     4.89099e-05     0.000296717
1274     5.16553e-05     0.000350105     0.000350053     0.000350131     0.00019116     4.27653e-05     0.000269203
1278     8.03527e-05     0.000549871     0.000549789     0.000549911     0.000300135     6.55137e-05     0.000423165
1282     5.16553e-05     0.000356878     0.000356825     0.000356904     0.000194622     4.12345e-05     0.000274815
1286     6.88737e-05     0.000479566     0.000479494     0.0004796     0.00026086     5.33666e-05     0.00036916
1290     8.03527e-05     0.000564487     0.000564403     0.000564528     0.000306472     6.02156e-05     0.000434653
1294     4.01763e-05     0.000284284     0.000284241     0.000284304     0.000154233     2.96765e-05     0.000218963
1298     6.88737e-05     0.000491856     0.000491783     0.000491892     0.000265784     4.8103e-05     0.000378617
1302     5.16553e-05     0.000372502     0.000372446     0.000372528     0.000200934     3.47018e-05     0.00028684
1306     2.86974e-05     0.000207999     0.000207968     0.000208014     0.000112204     1.92681e-05     0.000160201
1310     3.44369e-05     0.000252164     0.000252126     0.000252182     0.000135847     2.21931e-05     0.000194346
1314     4.59158e-05     0.000339125     0.000339075     0.00033915     0.000181783     2.70552e-05     0.000261179
1318     8.03527e-05     0.000597985     0.000597896     0.000598028     0.000319488     4.45577e-05     0.000460294
1322     2.86974e-05     0.000214933     0.000214901     0.000214949     0.00011497     1.56637e-05     0.000165678
1326     4.59158e-05     0.000347687     0.000347636     0.000347712     0.000185769     2.38998e-05     0.000268171
1330     6.31342e-05     0.000481161     0.000481089     0.000481196     0.000256613     3.16225e-05     0.00037102
1334     5.16553e-05     0.000397255     0.000397196     0.000397284     0.000211228     2.35681e-05     0.000306337
1338     4.01763e-05     0.000311384     0.000311338     0.000311407     0.00016561     1.80336e-05     0.000240273
1342     4.59158e-05     0.000358596     0.000358542     0.000358622     0.000190078     1.84202e-05     0.000276669
1346     4.01763e-05     0.000316398     0.000316351     0.000316421     0.000167661     1.55998e-05     0.00024423
1350     3.44369e-05     0.000272956     0.000272915     0.000272975     0.000144473     1.24849e-05     0.000210777
1354     5.16553e-05     0.000413345     0.000413283     0.000413375     0.000218236     1.65327e-05     0.000319241
1358     3.44369e-05     0.000277494     0.000277453     0.000277514     0.000146324     1.01512e-05     0.000214372
1362     1.1479e-05     9.32832e-05     9.32693e-05     9.32899e-05     4.90389e-05     2.81874e-06     7.20655e-05
1366     4.01763e-05     0.000328689     0.00032864     0.000328713     0.000172953     9.6584e-06     0.000254153
1370     5.16553e-05     0.00042637     0.000426306     0.0004264     0.000224454     1.14083e-05     0.000330065
1374     3.44369e-05     0.000286062     0.000286019     0.000286082     0.000150562     7.1965e-06     0.000221537
1378     1.72184e-05     0.000144183     0.000144162     0.000144193     7.54078e-05     2.18339e-06     0.000111543
1382     2.86974e-05     0.000241986     0.00024195     0.000242003     0.000126359     2.46746e-06     0.000187302
1386     1.72184e-05     0.00014648     0.000146458     0.000146491     7.66264e-05     1.29834e-06     0.000113563
1390     4.59158e-05     0.000393823     0.000393764     0.000393851     0.000204998     4.22057e-07     0.000305069
1394     1.1479e-05     9.90328e-05     9.90181e-05     9.904e-05     5.14649e-05     -1.50192e-07     7.66932e-05
1398     2.86974e-05     0.000250036     0.000249999     0.000250054     0.00013022     -6.26942e-07     0.000193971
1402     2.86974e-05     0.000251547     0.000251509     0.000251565     0.000130519     -2.48425e-06     0.000195114
1406     3.44369e-05     0.000303871     0.000303826     0.000303893     0.000157809     -3.58055e-06     0.00023597
1410     1.72184e-05     0.000153587     0.000153565     0.000153599     7.9601e-05     -2.75567e-06     0.000119337
1414     4.01763e-05     0.000359858     0.000359805     0.000359884     0.000186323     -7.20028e-06     0.000279605
1418     2.86974e-05     0.000259128     0.000259089     0.000259146     0.000133838     -6.51911e-06     0.000201333
1422     3.44369e-05     0.000312609     0.000312563     0.000312632     0.000161025     -9.84674e-06     0.000242937
1426     5.16553e-05     0.000473029     0.000472959     0.000473063     0.000243584     -1.6534e-05     0.000367906
1430     3.44369e-05     0.000317279     0.000317232     0.000317302     0.000163373     -1.16096e-05     0.000246881
1434     2.29579e-05     0.000213174     0.000213142     0.00021319     0.000109696     -8.64633e-06     0.000166004
1438     4.59158e-05     0.000429306     0.000429242     0.000429337     0.000220506     -1.94196e-05     0.000334382
1442     5.73948e-06     5.42334e-05     5.42253e-05     5.42372e-05     2.79112e-05     -2.53062e-06     4.23119e-05
1446     2.29579e-05     0.000217415     0.000217383     0.000217431     0.000111708     -1.07365e-05     0.000169583
1450     2.29579e-05     0.000218963     0.00021893     0.000218979     0.00011195     -1.25929e-05     0.000170669
1454     2.29579e-05     0.000220832     0.000220799     0.000220848     0.000112998     -1.37161e-05     0.000172441
1458     1.72184e-05     0.000166458     0.000166433     0.00016647     8.51706e-05     -1.06598e-05     0.000130049
1462     1.72184e-05     0.000167782     0.000167757     0.000167794     8.55781e-05     -1.1947e-05     0.000131095
1466     1.72184e-05     0.000168651     0.000168626     0.000168663     8.59755e-05     -1.23205e-05     0.0001318
1470     3.44369e-05     0.000340248     0.000340197     0.000340273     0.000173263     -2.63354e-05     0.000266052
1474     2.86974e-05     0.000285553     0.000285511     0.000285574     0.000145393     -2.30387e-05     0.000223474
1478     2.29579e-05     0.000229888     0.000229854     0.000229904     0.000116966     -1.96163e-05     0.000180062
1482     2.86974e-05     0.000289597     0.000289554     0.000289618     0.000147233     -2.60744e-05     0.00022702
1486     5.73948e-06     5.84661e-05     5.84573e-05     5.84703e-05     2.97134e-05     -5.51372e-06     4.58764e-05
1490     1.72184e-05     0.000176119     0.000176093     0.000176131     8.94262e-05     -1.72469e-05     0.000138257
1494     1.72184e-05     0.000177481     0.000177454     0.000177494     8.99538e-05     -1.82077e-05     0.000139351
1498     5.73948e-06     5.93893e-05     5.93805e-05     5.93936e-05     3.0018e-05     -6.43121e-06     4.66261e-05
1502     1.1479e-05     0.000119717     0.0001197     0.000119726     6.06652e-05     -1.31014e-05     9.41578e-05
1506     1.72184e-05     0.000180708     0.000180681     0.000180721     9.14301e-05     -2.08089e-05     0.000142216
1510     1.1479e-05     0.000121082     0.000121064     0.000121091     6.1262e-05     -1.39428e-05     9.52909e-05
1514     5.73948e-06     6.09334e-05     6.09243e-05     6.09378e-05     3.08241e-05     -7.27609e-06     4.80027e-05
1518     1.72184e-05     0.000184331     0.000184303     0.000184344     9.29699e-05     -2.33815e-05     0.000145245
1522     1.1479e-05     0.000123555     0.000123537     0.000123564     6.24434e-05     -1.59007e-05     9.75151e-05
1526     5.73948e-06     6.2263e-05     6.22537e-05     6.22675e-05     3.13868e-05     -8.45144e-06     4.91579e-05
1530     1.1479e-05     0.000125068     0.000125049     0.000125077     6.30467e-05     -1.69764e-05     9.87436e-05
1534     1.1479e-05     0.000126231     0.000126212     0.00012624     6.34309e-05     -1.83788e-05     9.97327e-05
1538     2.29579e-05     0.000253638     0.0002536     0.000253657     0.000127468     -3.74252e-05     0.000200508
1542     1.72184e-05     0.000191168     0.00019114     0.000191182     9.60273e-05     -2.91246e-05     0.000151264
1546     0     0     0     0     0     0     0
1550     1.72184e-05     0.000193623     0.000193595     0.000193637     9.71007e-05     -3.09679e-05     0.000153355
1554     1.72184e-05     0.000195021     0.000194992     0.000195035     9.78208e-05     -3.19873e-05     0.000154633
1558     1.1479e-05     0.000130569     0.00013055     0.000130578     6.54169e-05     -2.19636e-05     0.00010357
1562     3.44369e-05     0.000395318     0.000395259     0.000395346     0.00019826     -6.77721e-05     0.000313989
1566     1.1479e-05     0.000132651     0.000132632     0.000132661     6.62974e-05     -2.38511e-05     0.000105375
1570     1.72184e-05     0.000200098     0.000200068     0.000200112     0.000100082     -3.60976e-05     0.00015904
1574     1.72184e-05     0.000201037     0.000201007     0.000201052     0.000100703     -3.65065e-05     0.000159963
1578     2.29579e-05     0.000269986     0.000269945     0.000270005     0.000134948     -5.09161e-05     0.000214925
1582     1.72184e-05     0.000203551     0.000203521     0.000203566     0.000101843     -3.9053e-05     0.000162253
1586     5.73948e-06     6.8168e-05     6.81579e-05     6.81729e-05     3.41064e-05     -1.30786e-05     5.43374e-05
1590     1.72184e-05     0.000206038     0.000206008     0.000206053     0.000102979     -4.10232e-05     0.000164418
1594     0     0     0     0     0     0     0
1598     1.1479e-05     0.000138937     0.000138917     0.000138947     6.93004e-05     -2.90474e-05     0.000111004
1602     1.72184e-05     0.000209618     0.000209587     0.000209633     0.000104699     -4.44401e-05     0.000167709
1606     5.73948e-06     7.02099e-05     7.01995e-05     7.0215e-05     3.50682e-05     -1.48849e-05     5.61728e-05
1610     1.1479e-05     0.000141526     0.000141505     0.000141536     7.07509e-05     -3.08305e-05     0.000113432
1614     1.1479e-05     0.000142293     0.000142272     0.000142303     7.12329e-05     -3.10927e-05     0.000114146
1618     0     0     0     0     0     0     0
1622     2.29579e-05     0.000287903     0.00028786     0.000287923     0.000143301     -6.75796e-05     0.000231087
1626     1.72184e-05     0.000217491     0.000217459     0.000217507     0.000108461     -5.15708e-05     0.000174835
1630     4.01763e-05     0.000509458     0.000509382     0.000509495     0.000254141     -0.000121637     0.000409751
1634     0     0     0     0     0     0     0
1638     1.1479e-05     0.000147076     0.000147054     0.000147087     7.31667e-05     -3.67084e-05     0.000118399
1642     2.29579e-05     0.000296152     0.000296107     0.000296173     0.000147482     -7.49475e-05     0.000238714
1646     1.1479e-05     0.000149287     0.000149265     0.000149298     7.42794e-05     -3.86669e-05     0.000120429
1650     0     0     0     0     0     0     0
1654     1.1479e-05     0.000150699     0.000150676     0.00015071     7.51068e-05     -3.98226e-05     0.000121803
1658     5.73948e-06     7.5598e-05     7.55868e-05     7.56034e-05     3.76321e-05     -2.02717e-05     6.11153e-05
1662     1.1479e-05     0.000152367     0.000152344     0.000152378     7.61559e-05     -4.08475e-05     0.000123423
1666     5.73948e-06     7.65254e-05     7.6514e-05     7.65309e-05     3.81727e-05     -2.10752e-05     6.2021e-05
1670     5.73948e-06     7.71685e-05     7.7157e-05     7.7174e-05     3.84477e-05     -2.1756e-05     6.25868e-05
1674     5.73948e-06     7.75557e-05     7.75441e-05     7.75612e-05     3.86777e-05     -2.21613e-05     6.29784e-05
1678     5.73948e-06     7.80711e-05     7.80594e-05     7.80767e-05     3.89347e-05     -2.23086e-05     6.33969e-05
1682     0     0     0     0     0     0     0
1686     1.1479e-05     0.00015777     0.000157747     0.000157782     7.86188e-05     -4.68432e-05     0.000128347
1690     1.1479e-05     0.000158392     0.000158368     0.000158403     7.89443e-05     -4.73868e-05     0.000128923
1694     1.72184e-05     0.000238638     0.000238603     0.000238655     0.000118964     -7.19345e-05     0.000194345
1698     1.1479e-05     0.000160111     0.000160087     0.000160122     7.99235e-05     -4.88177e-05     0.000130564
1702     0     0     0     0     0     0     0
1706     0     0     0     0     0     0     0
1710     1.1479e-05     0.00016242     0.000162396     0.000162432     8.09782e-05     -5.18813e-05     0.000132737
1714     0     0     0     0     0     0     0
1718     1.1479e-05     0.000164153     0.000164128     0.000164164     8.20512e-05     -5.31852e-05     0.00013443
1722     5.73948e-06     8.25338e-05     8.25215e-05     8.25397e-05     4.13231e-05     -2.70019e-05     6.76813e-05
1726     0     0     0     0     0     0     0
1730     1.1479e-05     0.000166798     0.000166774     0.00016681     8.34382e-05     -5.60971e-05     0.000136954
1734     5.73948e-06     8.36447e-05     8.36323e-05     8.36507e-05     4.18603e-05     -2.83077e-05     6.87188e-05
1738     0     0     0     0     0     0     0
1742     5.73948e-06     8.45773e-05     8.45647e-05     8.45834e-05     4.25256e-05     -2.90177e-05     6.9694e-05
1746     1.1479e-05     0.000170061     0.000170036     0.000170073     8.53535e-05     -5.92128e-05     0.000140145
1750     5.73948e-06     8.57311e-05     8.57183e-05     8.57373e-05     4.3075e-05     -3.04251e-05     7.07691e-05
1754     0     0     0     0     0     0     0
1758     1.1479e-05     0.000172718     0.000172692     0.00017273     8.67397e-05     -6.23499e-05     0.000142695
1762     5.73948e-06     8.66663e-05     8.66533e-05     8.66725e-05     4.35567e-05     -3.16795e-05     7.16818e-05
1766     5.73948e-06     8.72075e-05     8.71945e-05     8.72137e-05     4.37154e-05     -3.2664e-05     7.21565e-05
1770     0     0     0     0     0     0     0
1774     0     0     0     0     0     0     0
1778     0     0     0     0     0     0     0
1782     5.73948e-06     8.89367e-05     8.89234e-05     8.8943e-05     4.48456e-05     -3.40953e-05     7.38908e-05
1786     1.1479e-05     0.000178943     0.000178916     0.000178956     9.01253e-05     -6.93942e-05     0.000148702
1790     5.73948e-06     8.97121e-05     8.96987e-05     8.97185e-05     4.51313e-05     -3.51867e-05     7.45665e-05
1794     1.1479e-05     0.000180485     0.000180458     0.000180498     9.11205e-05     -7.09422e-05     0.000150271
1798     5.73948e-06     9.09899e-05     9.09764e-05     9.09965e-05     4.60284e-05     -3.60391e-05     7.58604e-05
1802     5.73948e-06     9.13756e-05     9.1362e-05     9.13821e-05     4.61041e-05     -3.70412e-05     7.6209e-05
1806     0     0     0     0     0     0     0
1810     5.73948e-06     9.22136e-05     9.21998e-05     9.22201e-05     4.66046e-05     -3.82394e-05     7.70766e-05
1814     0     0     0     0     0     0     0
1818     0     0     0     0     0     0     0
1822     5.73948e-06     9.33239e-05     9.33101e-05     9.33306e-05     4.72213e-05     -3.96379e-05     7.81652e-05
1826     5.73948e-06     9.38507e-05     9.38367e-05     9.38574e-05     4.76153e-05     -4.00549e-05     7.87218e-05
1830     0     0     0     0     0     0     0
1834     0     0     0     0     0     0     0
1838     0     0     0     0     0     0     0
1842     0     0     0     0     0     0     0
1846     0     0     0     0     0     0     0
1850     0     0     0     0     0     0     0
1854     0     0     0     0     0     0     0
1858     0     0     0     0     0     0     0
1862     0     0     0     0     0     0     0
1866     0     0     0     0     0     0     0
1870     0     0     0     0     0     0     0
1874     0     0     0     0     0     0     0
1878     0     0     0     0     0     0     0
1882     0     0     0     0     0     0     0
1886     0     0     0     0     0     0     0
1890     0     0     0     0     0     0     0
1894     0     0     0     0     0     0     0
1898     0     0     0     0     0     0     0
1902     0     0     0     0     0     0     0
1906     0     0     0     0     0     0     0
1910     0     0     0     0     0     0     0
1914     0     0     0     0     0     0     0
1918     0     0     0     0     0     0     0
1922     0     0     0     0     0     0     0
1926     0     0     0     0     0     0     0
1930     0     0     0     0     0     0     0
1934     0     0     0     0     0     0     0
1938     0     0     0     0     0     0     0
1942     0     0     0     0     0     0     0
1946     0     0     0     0     0     0     0
1950     0     0     0     0     0     0     0
1954     0     0     0     0     0     0     0
1958     0     0     0     0     0     0     0
1962     0     0     0     0     0     0     0
1966     0     0     0     0     0     0     0
1970     0     0     0     0     0     0     0
1974     0     0     0     0     0     0     0
1978     0     0     0     0     0     0     0
1982     0     0     0     0     0     0     0
1986     0     0     0     0     0     0     0
1990     0     0     0     0     0     0     0
1994     0     0     0     0     0     0     0
1998     0     0     0     0     0     0     0
2002     0     0     0     0     0     0     0
2006     0     0     0     0     0     0     0
2010     0     0     0     0     0     0     0
2014     0     0     0     0     0     0     0
2018     0     0     0     0     0     0     0
2022     0     0     0     0     0     0     0
2026     0     0     0     0     0     0     0
2030     0     0     0     0     0     0     0
2034     0     0     0     0     0     0     0
2038     0     0     0     0     0     0     0
2042     0     0     0     0     0     0     0
2046     0     0     0     0     0     0     0
2050     0     0     0     0     0     0     0
2054     0     0     0     0     0     0     0
2058     0     0     0     0     0     0     0
2062     0     0     0     0     0     0     0
2066     0     0     0     0     0     0     0
2070     0     0     0     0     0     0     0
2074     0     0     0     0     0     0     0
2078     0     0     0     0     0     0     0
2082     0     0     0     0     0     0     0
2086     0     0     0     0     0     0     0
2090     0     0     0     0     0     0     0
2094     0     0     0     0     0     0     0
2098     0     0     0     0     0     0     0
2102     0     0     0     0     0     0     0
2106     0     0     0     0     0     0     0
2110     0     0     0     0     0     0     0
2114     0     0     0     0     0     0     0
2118     0     0     0     0     0     0     0
2122     0     0     0     0     0     0     0
2126     0     0     0     0     0     0     0
2130     0     0     0     0     0     0     0
2134     0     0     0     0     0     0     0
2138     0     0     0     0     0     0     0
2142     0     0     0     0     0     0     0
2146     0     0     0     0     0     0     0
2150     0     0     0     0     0     0     0
2154     0     0     0     0     0     0     0
2158     0     0     0     0     0     0     0
2162     0     0     0     0     0     0     0
2166     0     0     0     0     0     0     0
2170     0     0     0     0     0     0     0
2174     0     0     0     0     0     0     0
2178     0     0     0     0     0     0     0
2182     0     0     0     0     0     0     0
2186     0     0     0     0     0     0     0
2190     0     0     0     0     0     0     0
2194     0     0     0     0     0     0     0
2198     0     0     0     0     0     0     0
2202     0     0     0     0     0     0     0
2206     0     0     0     0     0     0     0
2210     0     0     0     0     0     0     0
2214     0     0     0     0     0     0     0
2218     0     0     0     0     0     0     0
2222     0     0     0     0     0     0     0
2226     0     0     0     0     0     0     0
2230     0     0     0     0     0     0     0
2234     0     0     0     0     0     0     0
2238     0     0     0     0     0     0     0
2242     0     0     0     0     0     0     0
2246     0     0     0     0     0     0     0
2250     0     0     0     0     0     0     0
2254     0     0     0     0     0     0     0
2258     0     0     0     0     0     0     0
2262     0     0     0     0     0     0     0
2266     0     0     0     0     0     0     0
2270     0     0     0     0     0     0     0
2274     0     0     0     0     0     0     0
2278     0     0     0     0     0     0     0
2282     0     0     0     0     0     0     0
2286     0     0     0     0     0     0     0
2290     0     0     0     0     0     0     0
2294     0     0     0     0     0     0     0
2298     0     0     0     0     0     0     0
2302     0     0     0     0     0     0     0
2306     0     0     0     0     0     0     0
2310     0     0     0     0     0     0     0
2314     0     0     0     0     0     0     0
2318     0     0     0     0     0     0     0
2322     0     0     0     0     0     0     0
2326     0     0     0     0     0     0     0
2330     0     0     0     0     0     0     0
2334     0     0     0     0     0     0     0
2338     0     0     0     0     0     0     0
2342     0     0     0     0     0     0     0
2346     0     0     0     0     0     0     0
2350     0     0     0     0     0     0     0
2354     0     0     0     0     0     0     0
2358     0     0     0     0     0     0     0
2362     0     0     0     0     0     0     0
2366     0     0     0     0     0     0     0
2370     0     0     0     0     0     0     0
2374     0     0     0     0     0     0     0
2378     0     0     0     0     0     0     0
2382     0     0     0     0     0     0     0
2386     0     0     0     0     0     0     0
2390     0     0     0     0     0     0     0
2394     0     0     0     0     0     0     0
2398     0     0     0     0     0     0     0
2402     0     0     0     0     0     0     0
2406     0     0     0     0     0     0     0
2410     0     0     0     0     0     0     0
2414     0     0     0     0     0     0     0
2418     0     0     0     0     0     0     0
2422     0     0     0     0     0     0     0
2426     0     0     0     0     0     0     0
2430     0     0     0     0     0     0     0
2434     0     0     0     0     0     0     0
2438     0     0     0     0     0     0     0
2442     0     0     0     0     0     0     0
2446     0     0     0     0     0     0     0
2450     0     0     0     0     0     0     0
2454     0     0     0     0     0     0     0
2458     0     0     0     0     0     0     0
2462     0     0     0     0     0     0     0
2466     0     0     0     0     0     0     0
2470     0     0     0     0     0     0     0
2474     0     0     0     0     0     0     0
2478     0     0     0     0     0     0     0
2482     0     0     0     0     0     0     0
2486     0     0     0     0     0     0     0
2490     0     0     0     0     0     0     0
2494     0     0     0     0     0     0     0
2498     0     0     0     0     0     0     0
2502     0     0     0     0     0     0     0
2506     0     0     0     0     0     0     0
2510     0     0     0     0     0     0     0
2514     0     0     0     0     0     0     0
2518     0     0     0     0     0     0     0
2522     0     0     0     0     0     0     0
2526     0     0     0     0     0     0     0
2530     0     0     0     0     0     0     0
2534     0     0     0     0     0     0     0
2538     0     0     0     0     0     0     0
2542     0     0     0     0     0     0     0
2546     0     0     0     0     0     0     0
2550     0     0     0     0     0     0     0
2554     0     0     0     0     0     0     0
2558     0     0     0     0     0     0     0
2562     0     0     0     0     0     0     0
2566     0     0     0     0     0     0     0
2570     0     0     0     0     0     0     0
2574     0     0     0     0     0     0     0
2578     0     0     0     0     0     0     0
2582     0     0     0     0     0     0     0
2586     0     0     0     0     0     0     0
2590     0     0     0     0     0     0     0
2594     0     0     0     0     0     0     0
2598     0     0     0     0     0     0     0
2602     0     0     0     0     0     0     0
2606     0     0     0     0     0     0     0
2610     0     0     0     0     0     0     0
2614     0     0     0     0     0     0     0
2618     0     0     0     0     0     0     0
2622     0     0     0     0     0     0     0
2626     0     0     0     0     0     0     0
2630     0     0     0     0     0     0     0
2634     0     0     0     0     0     0     0
2638     0     0     0     0     0     0     0
2642     0     0     0     0     0     0     0
2646     0     0     0     0     0     0     0
2650     0     0     0     0     0     0     0
2654     0     0     0     0     0     0     0
2658     0     0     0     0     0     0     0
2662     0     0     0     0     0     0     0
2666     0     0     0     0     0     0     0
2670     0     0     0     0     0     0     0
2674     0     0     0     0     0     0     0
2678     0     0     0     0     0     0     0
2682     0     0     0     0     0     0     0
2686     0     0     0     0     0     0     0
2690     0     0     0     0     0     0     0
2694     0     0     0     0     0     0     0
2698     0     0     0     0     0     0     0
2702     0     0     0     0     0     0     0
2706     0     0     0     0     0     0     0
2710     0     0     0     0     0     0     0
2714     0     0     0     0     0     0     0
2718     0     0     0     0     0     0     0
2722     0     0     0     0     0     0     0
2726     0     0     0     0     0     0     0
2730     0     0     0     0     0     0     0
2734     0     0     0     0     0     0     0
2738     0     0     0     0     0     0     0
2742     0     0     0     0     0     0     0
2746     0     0     0     0     0     0     0
2750     0     0     0     0     0     0     0
2754     0     0     0     0     0     0     0
2758     0     0     0     0     0     0     0
2762     0     0     0     0     0     0     0
2766     0     0     0     0     0     0     0
2770     0     0     0     0     0     0     0
2774     0     0     0     0     0     0     0
2778     0     0     0     0     0     0     0
2782     0     0     0     0     0     0     0
2786     0     0     0     0     0     0     0
2790     0     0     0     0     0     0     0
2794     0     0     0     0     0     0     0
2798     0     0     0     0     0     0     0
2802     0     0     0     0     0     0     0
2806     0     0     0     0     0     0     0
2810     0     0     0     0     0     0     0
2814     0     0     0     0     0     0     0
2818     0     0     0     0     0     0     0
2822     0     0     0     0     0     0     0
2826     0     0     0     0     0     0     0
2830     0     0     0     0     0     0     0
2834     0     0     0     0     0     0     0
2838     0     0     0     0     0     0     0
2842     0     0     0     0     0     0     0
2846     0     0     0     0     0     0     0
2850     0     0     0     0     0     0     0
2854     0     0     0     0     0     0     0
2858     0     0     0     0     0     0     0
2862     0     0     0     0     0     0     0
2866     0     0     0     0     0     0     0
2870     0     0     0     0     0     0     0
2874     0     0     0     0     0     0     0
2878     0     0     0     0     0     0     0
2882     0     0     0     0     0     0     0
2886     0     0     0     0     0     0     0
2890     0     0     0     0     0     0     0
2894     0     0     0     0     0     0     0
2898     0     0     0     0     0     0     0
2902     0     0     0     0     0     0     0
2906     0     0     0     0     0     0     0
2910     0     0     0     0     0     0     0
2914     0     0     0     0     0     0     0
2918     0     0     0     0     0     0     0
2922     0     0     0     0     0     0     0
2926     0     0     0     0     0     0     0
2930     0     0     0     0     0     0     0
2934     0     0     0     0     0     0     0
2938     0     0     0     0     0     0     0
2942     0     0     0     0     0     0     0
2946     0     0     0     0     0     0     0
2950     0     0     0     0     0     0     0
2954     0     0     0     0     0     0     0
2958     0     0     0     0     0     0     0
2962     0     0     0     0     0     0     0
2966     0     0     0     0     0     0     0
2970     0     0     0     0     0     0     0
2974     0     0     0     0     0     0     0
2978     0     0     0     0     0     0     0
2982     0     0     0     0     0     0     0
2986     0     0     0     0     0     0     0
2990     0     0     0     0     0     0     0
2994     0     0     0     0     0     0     0
2998     0     0     0     0     0     0     0
3002     0     0     0     0     0     0     0
3006     0     0     0     0     0     0     0
3010     0     0     0     0     0     0     0
3014     0     0     0     0     0     0     0
3018     0     0     0     0     0     0     0
3022     0     0     0     0     0     0     0
3026     0     0     0     0     0     0     0
3030     0     0     0     0     0     0     0
3034     0     0     0     0     0     0     0
3038     0     0     0     0     0     0     0
3042     0     0     0     0     0     0     0
3046     0     0     0     0     0     0     0
3050     0     0     0     0     0     0     0
3054     0     0     0     0     0     0     0
3058     0     0     0     0     0     0     0
3062     0     0     0     0     0     0     0
3066     0     0     0     0     0     0     0
3070     0     0     0     0     0     0     0
3074     0     0     0     0     0     0     0
3078     0     0     0     0     0     0     0
3082     0     0     0     0     0     0     0
3086     0     0     0     0     0     0     0
3090     0     0     0     0     0     0     0
3094     0     0     0     0     0     0     0
3098     0     0     0     0     0     0     0
3102     0     0     0     0     0     0     0
3106     0     0     0     0     0     0     0
3110     0     0     0     0     0     0     0
3114     0     0     0     0     0     0     0
3118     0     0     0     0     0     0     0
3122     0     0     0     0     0     0     0
3126     0     0     0     0     0     0     0
3130     0     0     0     0     0     0     0
3134     0     0     0     0     0     0     0
3138     0     0     0     0     0     0     0
3142     0     0     0     0     0     0     0
3146     0     0     0     0     0     0     0
3150     0     0     0     0     0     0     0
3154     0     0     0     0     0     0     0
3158     0     0     0     0     0     0     0
3162     0     0     0     0     0     0     0
3166     0     0     0     0     0     0     0
3170     0     0     0     0     0     0     0
3174     0     0     0     0     0     0     0
3178     0     0     0     0     0     0     0
3182     0     0     0     0     0     0     0
3186     0     0     0     0     0     0     0
3190     0     0     0     0     0     0     0
3194     0     0     0     0     0     0     0
3198     0     0     0     0     0     0     0
3202     0     0     0     0     0     0     0
3206     0     0     0     0     0     0     0
3210     0     0     0     0     0     0     0
3214     0     0     0     0     0     0     0
3218     0     0     0     0     0     0     0
3222     0     0     0     0     0     0     0
3226     0     0     0     0     0     0     0
3230     0     0     0     0     0     0     0
3234     0     0     0     0     0     0     0
3238     0     0     0     0     0     0     0
3242     0     0     0     0     0     0     0
3246     0     0     0     0     0     0     0
3250     0     0     0     0     0     0     0
3254     0     0     0     0     0     0     0
3258     0     0     0     0     0     0     0
3262     0     0     0     0     0     0     0
3266     0     0     0     0     0     0     0
3270     0     0     0     0     0     0     0
3274     0     0     0     0     0     0     0
3278     0     0     0     0     0     0     0
3282     0     0     0     0     0     0     0
3286     0     0     0     0     0     0     0
3290     0     0     0     0     0     0     0
3294     0     0     0     0     0     0     0
3298     0     0     0     0     0     0     0
3302     0     0     0     0     0     0     0
3306     0     0     0     0     0     0     0
3310     0     0     0     0     0     0     0
3314     0     0     0     0     0     0     0
3318     0     0     0     0     0     0     0
3322     0     0     0     0     0     0     0
3326     0     0     0     0     0     0     0
3330     0     0     0     0     0     0     0
3334     0     0     0     0     0     0     0
3338     0     0     0     0     0     0     0
3342     0     0     0     0     0     0     0
3346     0     0     0     0     0     0     0
3350     0     0     0     0     0     0     0
3354     0     0     0     0     0     0     0
3358     0     0     0     0     0     0     0
3362     0     0     0     0     0     0     0
3366     0     0     0     0     0     0     0
3370     0     0     0     0     0     0     0
3374     0     0     0     0     0     0     0
3378     0     0     0     0     0     0     0
3382     0     0     0     0     0     0     0
3386     0     0     0     0     0     0     0
3390     0     0     0     0     0     0     0
3394     0     0     0     0     0     0     0
3398     0     0     0     0     0     0     0
3402     0     0     0     0     0     0     0
3406     0     0     0     0     0     0     0
3410     0     0     0     0     0     0     0
3414     0     0     0     0     0     0     0
3418     0     0     0     0     0     0     0
3422     0     0     0     0     0     0     0
3426     0     0     0     0     0     0     0
3430     0     0     0     0     0     0     0
3434     0     0     0     0     0     0     0
3438     0     0     0     0     0     0     0
3442     0     0     0     0     0     0     0
3446     0     0     0     0     0     0     0
3450     0     0     0     0     0     0     0
3454     0     0     0     0     0     0     0
3458     0     0     0     0     0     0     0
3462     0     0     0     0     0     0     0
3466     0     0     0     0     0     0     0
3470     0     0     0     0     0     0     0
3474     0     0     0     0     0     0     0
3478     0     0     0     0     0     0     0
3482     0     0     0     0     0     0     0
3486     0     0     0     0     0     0     0
3490     0     0     0     0     0     0     0
3494     0     0     0     0     0     0     0
3498     0     0     0     0     0     0     0
3502     0     0     0     0     0     0     0
3506     0     0     0     0     0     0     0
3510     0     0     0     0     0     0     0
3514     0     0     0     0     0     0     0
3518     0     0     0     0     0     0     0
3522     0     0     0     0     0     0     0
3526     0     0     0     0     0     0     0
3530     0     0     0     0     0     0     0
3534     0     0     0     0     0     0     0
3538     0     0     0     0     0     0     0
3542     0     0     0     0     0     0     0
3546     0     0     0     0     0     0     0
3550     0     0     0     0     0     0     0
3554     0     0     0     0     0     0     0
3558     0     0     0     0     0     0     0
3562     0     0     0     0     0     0     0
3566     0     0     0     0     0     0     0
3570     0     0     0     0     0     0     0
3574     0     0     0     0     0     0     0
3578     0     0     0     0     0     0     0
3582     0     0     0     0     0     0     0
3586     0     0     0     0     0     0     0
3590     0     0     0     0     0     0     0
3594     0     0     0     0     0     0     0
3598     0     0     0     0     0     0     0
3602     0     0     0     0     0     0     0
3606     0     0     0     0     0     0     0
3610     0     0     0     0     0     0     0
3614     0     0     0     0     0     0     0
3618     0     0     0     0     0     0     0
3622     0     0     0     0     0     0     0
3626     0     0     0     0     0     0     0
3630     0     0     0     0     0     0     0
3634     0     0     0     0     0     0     0
3638     0     0     0     0     0     0     0
3642     0     0     0     0     0     0     0
3646     0     0     0     0     0     0     0
3650     0     0     0     0     0     0     0
3654     0     0     0     0     0     0     0
3658     0     0     0     0     0     0     0
3662     0     0     0     0     0     0     0
3666     0     0     0     0     0     0     0
3670     0     0     0     0     0     0     0
3674     0     0     0     0     0     0     0
3678     0     0     0     0     0     0     0
3682     0     0     0     0     0     0     0
3686     0     0     0     0     0     0     0
3690     0     0     0     0     0     0     0
3694     0     0     0     0     0     0     0
3698     0     0     0     0     0     0     0
3702     0     0     0     0     0     0     0
3706     0     0     0     0     0     0     0
3710     0     0     0     0     0     0     0
3714     0     0     0     0     0     0     0
3718     0     0     0     0     0     0     0
3722     0     0     0     0     0     0     0
3726     0     0     0     0     0     0     0
3730     0     0     0     0     0     0     0
3734     0     0     0     0     0     0     0
3738     0     0     0     0     0     0     0
3742     0     0     0     0     0     0     0
3746     0     0     0     0     0     0     0
3750     0     0     0     0     0     0     0
3754     0     0     0     0     0     0     0
3758     0     0     0     0     0     0     0
3762     0     0     0     0     0     0     0
3766     0     0     0     0     0     0     0
3770     0     0     0     0     0     0     0
3774     0     0     0     0     0     0     0
3778     0     0     0     0     0     0     0
3782     0     0     0     0     0     0     0
3786     0     0     0     0     0     0     0
3790     0     0     0     0     0     0     0
3794     0     0     0     0     0     0     0
3798     0     0     0     0     0     0     0
3802     0     0     0     0     0     0     0
3806     0     0     0     0     0     0     0
3810     0     0     0     0     0     0     0
3814     0     0     0     0     0     0     0
3818     0     0     0     0     0     0     0
3822     0     0     0     0     0     0     0
3826     0     0     0     0     0     0     0
3830     0     0     0     0     0     0     0
3834     0     0     0     0     0     0     0
3838     0     0     0     0     0     0     0
3842     0     0     0     0     0     0     0
3846     0     0     0     0     0     0     0
3850     0     0     0     0     0     0     0
3854     0     0     0     0     0     0     0
3858     0     0     0     0     0     0     0
3862     0     0     0     0     0     0     0
3866     0     0     0     0     0     0     0
3870     0     0     0     0     0     0     0
3874     0     0     0     0     0     0     0
3878     0     0     0     0     0     0     0
3882     0     0     0     0     0     0     0
3886     0     0     0     0     0     0     0
3890     0     0     0     0     0     0     0
3894     0     0     0     0     0     0     0
3898     0     0     0     0     0     0     0
3902     0     0     0     0     0     0     0
3906     0     0     0     0     0     0     0
3910     0     0     0     0     0     0     0
3914     0     0     0     0     0     0     0
3918     0     0     0     0     0     0     0
3922     0     0     0     0     0     0     0
3926     0     0     0     0     0     0     0
3930     0     0     0     0     0     0     0
3934     0     0     0     0     0     0     0
3938     0     0     0     0     0     0     0
3942     0     0     0     0     0     0     0
3946     0     0     0     0     0     0     0
3950     0     0     0     0     0     0     0
3954     0     0     0     0     0     0     0
3958     0     0     0     0     0     0     0
3962     0     0     0     0     0     0     0
3966     0     0     0     0     0     0     0
3970     0     0     0     0     0     0     0
3974     0     0     0     0     0     0     0
3978     0     0     0     0     0     0     0
3982     0     0     0     0     0     0     0
3986     0     0     0     0     0     0     0
3990     0     0     0     0     0     0     0
3994     0     0     0     0     0     0     0
3998     0     0     0     0     0     0     0
