2     0     0     0     0     0     0     0
6     0     0     0     0     0     0     0
10     0     0     0     0     0     0     0
14     0     0     0     0     0     0     0
18     0     0     0     0     0     0     0
22     0     0     0     0     0     0     0
26     0.000130855     7.32761e-08     7.32761e-08     7.32761e-08     7.51571e-08     7.64402e-08     7.43121e-08
30     0.000151517     7.03254e-08     7.03254e-08     7.03254e-08     7.21307e-08     7.33621e-08     7.13197e-08
34     0.000234162     9.19266e-08     9.19266e-08     9.19266e-08     9.42864e-08     9.58961e-08     9.32263e-08
38     0.00014463     4.81817e-08     4.81817e-08     4.81817e-08     4.94185e-08     5.02622e-08     4.88629e-08
42     0.000261711     7.67622e-08     7.67622e-08     7.67622e-08     7.87327e-08     8.00769e-08     7.78475e-08
46     0.000227275     5.89181e-08     5.89181e-08     5.89181e-08     6.04306e-08     6.14623e-08     5.97511e-08
50     0.000337469     7.78629e-08     7.78629e-08     7.78629e-08     7.98616e-08     8.12251e-08     7.89637e-08
54     0.000268598     5.63739e-08     5.63739e-08     5.63739e-08     5.78211e-08     5.88082e-08     5.7171e-08
58     0.00035813     6.89133e-08     6.89133e-08     6.89133e-08     7.06823e-08     7.18891e-08     6.98876e-08
62     0.000323695     5.75825e-08     5.75825e-08     5.75825e-08     5.90606e-08     6.0069e-08     5.83966e-08
66     0.000440776     7.4055e-08     7.4055e-08     7.4055e-08     7.5956e-08     7.72527e-08     7.5102e-08
70     0.000537196     8.56361e-08     8.56361e-08     8.56361e-08     8.78344e-08     8.9334e-08     8.68469e-08
74     0.00045455     6.93866e-08     6.93866e-08     6.93866e-08     7.11677e-08     7.23827e-08     7.03675e-08
78     0.000433889     6.42388e-08     6.42388e-08     6.42388e-08     6.58878e-08     6.70127e-08     6.5147e-08
82     0.000578518     8.36523e-08     8.36523e-08     8.36523e-08     8.57997e-08     8.72645e-08     8.4835e-08
86     0.000592293     8.43102e-08     8.43102e-08     8.43102e-08     8.64745e-08     8.79508e-08     8.55022e-08
90     0.000633615     8.94841e-08     8.94841e-08     8.94841e-08     9.17812e-08     9.33481e-08     9.07493e-08
94     0.000736922     1.03899e-07     1.03899e-07     1.03899e-07     1.06566e-07     1.08385e-07     1.05368e-07
98     0.000674938     9.55504e-08     9.55504e-08     9.55504e-08     9.80032e-08     9.96764e-08     9.69013e-08
102     0.000798906     1.14075e-07     1.14075e-07     1.14075e-07     1.17004e-07     1.19001e-07     1.15688e-07
106     0.000702486     1.01648e-07     1.01648e-07     1.01648e-07     1.04257e-07     1.06037e-07     1.03085e-07
110     0.000833342     1.23471e-07     1.23471e-07     1.23471e-07     1.2664e-07     1.28802e-07     1.25216e-07
114     0.000922874     1.41598e-07     1.41598e-07     1.41598e-07     1.45233e-07     1.47713e-07     1.436e-07
118     0.000881552     1.4245e-07     1.4245e-07     1.4245e-07     1.46107e-07     1.48601e-07     1.44464e-07
122     0.000950423     1.65745e-07     1.65745e-07     1.65745e-07     1.7e-07     1.72903e-07     1.68089e-07
126     0.00100552     1.92561e-07     1.92561e-07     1.92561e-07     1.97504e-07     2.00876e-07     1.95284e-07
130     0.00105373     2.27327e-07     2.27327e-07     2.27327e-07     2.33162e-07     2.37143e-07     2.3054e-07
134     0.00110883     2.79682e-07     2.79682e-07     2.79682e-07     2.86861e-07     2.91759e-07     2.83636e-07
138     0.00100552     3.04547e-07     3.04547e-07     3.04547e-07     3.12365e-07     3.17698e-07     3.08853e-07
142     0.00115704     4.3747e-07     4.3747e-07     4.3747e-07     4.487e-07     4.5636e-07     4.43655e-07
146     0.00106062     5.15355e-07     5.15355e-07     5.15355e-07     5.28585e-07     5.37609e-07     5.22641e-07
150     0.00121213     8.02778e-07     8.02778e-07     8.02778e-07     8.23385e-07     8.37443e-07     8.14127e-07
154     0.00114326     1.16728e-06     1.16728e-06     1.16728e-06     1.19725e-06     1.21769e-06     1.18378e-06
158     0.0011777     2.31275e-06     2.31275e-06     2.31275e-06     2.37211e-06     2.41261e-06     2.34544e-06
162     0.00134299     6.92139e-06     6.92139e-06     6.92139e-06     7.09906e-06     7.22026e-06     7.01924e-06
166     0.00130167     1.26187e-05     1.26187e-05     1.26187e-05     1.29426e-05     1.31636e-05     1.27971e-05
170     0.0014463     1.87127e-05     1.87127e-05     1.87127e-05     1.9193e-05     1.95207e-05     1.89772e-05
174     0.00121902     1.91282e-05     1.91282e-05     1.91282e-05     1.96192e-05     1.99542e-05     1.93987e-05
178     0.00168734     3.12382e-05     3.12382e-05     3.12382e-05     3.20401e-05     3.25871e-05     3.16799e-05
182     0.00148073     3.31171e-05     3.31171e-05     3.31171e-05     3.39672e-05     3.45472e-05     3.35853e-05
186     0.00151517     4.09559e-05     4.09559e-05     4.09559e-05     4.20073e-05     4.27244e-05     4.1535e-05
190     0.00155649     4.89702e-05     4.89702e-05     4.89702e-05     5.02273e-05     5.10848e-05     4.96625e-05
194     0.00152205     5.43257e-05     5.43257e-05     5.43257e-05     5.57203e-05     5.66716e-05     5.50938e-05
198     0.00165291     6.49761e-05     6.49761e-05     6.49761e-05     6.66441e-05     6.77819e-05     6.58948e-05
202     0.00172178     7.37919e-05     7.37919e-05     7.37919e-05     7.56862e-05     7.69784e-05     7.48352e-05
206     0.00179065     8.37198e-05     8.37198e-05     8.37198e-05     8.58689e-05     8.73349e-05     8.49035e-05
210     0.00161847     8.18871e-05     8.18871e-05     8.18871e-05     8.41826e-05     8.57259e-05     8.31652e-05
214     0.00185264     0.000100784     0.000100784     0.000100784     0.000103908     0.000105976     0.000102543
218     0.00205925     0.000120152     0.000120152     0.000120152     0.000123897     0.000126376     0.000122261
222     0.00191462     0.000119066     0.000119066     0.000119066     0.000122815     0.000125293     0.00012118
226     0.0018733     0.000124187     0.000124187     0.000124187     0.000128127     0.000130728     0.00012641
230     0.00190773     0.000134204     0.000134204     0.000134204     0.000138506     0.000141342     0.000136633
234     0.00201104     0.000150008     0.000150008     0.000150008     0.000154869     0.00015807     0.000152755
238     0.00210057     0.000166214     0.000166214     0.000166214     0.000171679     0.000175272     0.000169307
242     0.00212812     0.000177697     0.000177697     0.000177697     0.000183581     0.000187446     0.000181029
246     0.00232096     0.000204019     0.000204019     0.000204019     0.000210856     0.00021534     0.000207895
250     0.00242427     0.000224395     0.000224395     0.000224395     0.000232016     0.000237005     0.00022872
254     0.0025689     0.000250189     0.000250189     0.000250189     0.000258829     0.000264474     0.000255099
258     0.00245182     0.000251045     0.000251045     0.000251045     0.000259797     0.000265509     0.000256022
262     0.00241738     0.00025922     0.00025922     0.00025922     0.000268373     0.000274339     0.000264431
266     0.00250003     0.000281074     0.000281074     0.000281074     0.000291136     0.000297683     0.000286808
270     0.00238294     0.000279788     0.000279788     0.000279788     0.000289955     0.000296558     0.000285589
274     0.00280995     0.000345629     0.000345629     0.000345629     0.000358417     0.000366706     0.000352935
278     0.00285816     0.000366806     0.000366806     0.000366806     0.000380648     0.000389603     0.000374725
282     0.0029959     0.000401777     0.000401777     0.000401777     0.000417133     0.000427055     0.000410569
286     0.00294769     0.000411916     0.000411916     0.000411916     0.000427885     0.000438189     0.000421068
290     0.00303033     0.000440514     0.000440514     0.000440514     0.000457939     0.000469159     0.000450515
294     0.00333337     0.000504151     0.000504151     0.000504151     0.000524522     0.00053761     0.00051586
298     0.00301656     0.000473807     0.000473807     0.000473807     0.000493427     0.000506     0.000485103
302     0.00308543     0.000503413     0.000503413     0.000503413     0.000524742     0.000538378     0.000515709
306     0.00325761     0.000551599     0.000551599     0.000551599     0.000575584     0.000590885     0.000565449
310     0.00323695     0.000568599     0.000568599     0.000568599     0.000593578     0.000609499     0.000583028
314     0.00396698     0.000722051     0.000722051     0.000722051     0.000754748     0.000775536     0.000740971
318     0.00383613     0.000723157     0.000723157     0.000723157     0.000757007     0.000778468     0.00074278
322     0.00404274     0.000788308     0.000788308     0.000788308     0.00082629     0.000850308     0.000810362
326     0.00401519     0.00080889     0.00080889     0.00080889     0.000849104     0.000874458     0.000832281
330     0.00403585     0.000839971     0.000839971     0.000839971     0.00088291     0.000909913     0.000864985
334     0.00431823     0.00092678     0.00092678     0.00092678     0.000976498     0.00100764     0.000955817
338     0.0045455     0.00100658     0.00100658     0.00100658     0.00106295     0.00109815     0.00103956
342     0.00444219     0.00101546     0.00101546     0.00101546     0.00107418     0.00111079     0.00104985
346     0.00471768     0.0011155     0.0011155     0.0011155     0.00118397     0.00122666     0.00115563
350     0.00539262     0.00132497     0.00132497     0.00132497     0.0014114     0.00146507     0.00137575
354     0.00506203     0.00130048     0.00130048     0.00130048     0.00139052     0.00144634     0.00135345
358     0.00584717     0.00157627     0.00157627     0.00157627     0.00169112     0.0017624     0.00164385
362     0.00635681     0.00179471     0.00179471     0.00179471     0.00193338     0.00201938     0.00187638
366     0.00588849     0.00173537     0.00173537     0.00173537     0.0018767     0.00196425     0.00181868
370     0.00608822     0.0018713     0.0018713     0.0018713     0.00203313     0.00213333     0.00196677
374     0.00643946     0.0020679     0.0020679     0.0020679     0.00225528     0.00237146     0.00217843
378     0.00677693     0.00226992     0.00226992     0.00226992     0.00248613     0.00262039     0.00239742
382     0.00664607     0.00231597     0.00231597     0.00231597     0.00254854     0.00269309     0.00245311
386     0.00743121     0.00269035     0.00269035     0.00269035     0.00297422     0.00315071     0.00285778
390     0.00750008     0.00281654     0.00281654     0.00281654     0.00312893     0.00332311     0.00300087
394     0.0079684     0.00309587     0.00309587     0.00309587     0.00345537     0.00367874     0.00330809
398     0.00886373     0.00356144     0.00356144     0.00356144     0.00399588     0.00426569     0.003818
402     0.00894637     0.00371861     0.00371861     0.00371861     0.00419373     0.00448884     0.00399923
406     0.00931828     0.00399815     0.00399815     0.00399815     0.00453091     0.00486198     0.00431281
410     0.010069     0.00445892     0.00445892     0.00445892     0.00507929     0.005465     0.00482531
414     0.0103376     0.00471626     0.00471626     0.00471626     0.00540151     0.00582763     0.00512101
418     0.0108817     0.00511203     0.00511203     0.00511203     0.00588551     0.00636642     0.00556896
422     0.0120594     0.00582864     0.00582864     0.00582864     0.00674727     0.00731818     0.00637148
426     0.0123073     0.00611186     0.00611186     0.00611186     0.00711018     0.00773033     0.00670193
430     0.0133404     0.00680443     0.00680443     0.00680443     0.00795427     0.00866839     0.00748412
434     0.0139877     0.00733025     0.00733025     0.00733025     0.00861086     0.00940648     0.00808716
438     0.0153996     0.00828451     0.00828451     0.00828451     0.00977327     0.0106988     0.00916423
442     0.0163225     0.00901026     0.00901026     0.00901026     0.0106689     0.0117006     0.00999013
446     0.0175208     0.00992299     0.00992299     0.00992299     0.0117874     0.0129474     0.0110243
450     0.0184988     0.0107423     0.0107423     0.0107423     0.0127992     0.0140788     0.0119572
454     0.0206614     0.012299     0.012299     0.012299     0.0146796     0.0161604     0.0137051
458     0.0227482     0.0138791     0.0138791     0.0138791     0.0165836     0.0182661     0.0154763
462     0.0237261     0.0148513     0.0148513     0.0148513     0.017744     0.0195441     0.0165591
466     0.0270595     0.0173881     0.0173881     0.0173881     0.0207572     0.0228554     0.0193762
470     0.0287124     0.0189521     0.0189521     0.0189521     0.0225787     0.0248391     0.0210911
474     0.0308612     0.020936     0.020936     0.020936     0.0248628     0.0273116     0.0232509
478     0.0350004     0.0244442     0.0244442     0.0244442     0.0288869     0.0316595     0.0270619
482     0.0386987     0.027877     0.027877     0.027877     0.0327564     0.0358046     0.0307499
486     0.0408131     0.0304156     0.0304156     0.0304156     0.0354916     0.0386668     0.0334016
490     0.0450762     0.0348548     0.0348548     0.0348548     0.0403335     0.0437657     0.0380743
494     0.0497732     0.0400431     0.0400431     0.0400431     0.0459102     0.0495916     0.0434869
498     0.053327     0.0448316     0.0448316     0.0448316     0.0508543     0.0546398     0.0483619
502     0.0578518     0.0510659     0.0510659     0.0510659     0.0572654     0.061171     0.0546934
506     0.0620736     0.057736     0.057736     0.057736     0.0639669     0.0679046     0.0613738
510     0.0659098     0.0648642     0.0648642     0.0648642     0.0709483     0.0748096     0.0684058
514     0.065958     0.0688309     0.0688309     0.0688309     0.0743025     0.0777945     0.0720032
518     0.0675282     0.0747034     0.0747034     0.0747034     0.0795458     0.0826609     0.0774949
522     0.0678864     0.0793987     0.0793987     0.0793987     0.0833811     0.0859733     0.0816743
526     0.0663574     0.0815279     0.0815279     0.0815279     0.0844458     0.0855516     0.0839787
530     0.0631756     0.0808811     0.0808811     0.0808811     0.0826251     0.0838358     0.0818277
534     0.0582995     0.0770973     0.0770973     0.0770973     0.0776995     0.0781978     0.0773712
538     0.0531892     0.072021     0.072021     0.072021     0.0716181     0.0714867     0.0717049
542     0.0496424     0.0683092     0.0683092     0.0683092     0.0670509     0.066384     0.0674906
546     0.0452002     0.0628446     0.0628446     0.0628446     0.0608952     0.0597905     0.0616232
550     0.0399384     0.0558809     0.0558809     0.0558809     0.0534911     0.0521001     0.0544074
554     0.0363433     0.0510392     0.0510392     0.0510392     0.048286     0.0466586     0.0493572
558     0.0319494     0.0449386     0.0449386     0.0449386     0.0420263     0.0402891     0.0431699
562     0.0289672     0.0407262     0.0407262     0.0407262     0.037678     0.035852     0.0388811
566     0.0252206     0.0354089     0.0354089     0.0354089     0.0324187     0.0306252     0.0336023
570     0.0235953     0.0331095     0.0331095     0.0331095     0.0300112     0.0281497     0.0312408
574     0.0208129     0.0292485     0.0292485     0.0292485     0.0262546     0.0244498     0.0274465
578     0.0184781     0.0260352     0.0260352     0.0260352     0.0231609     0.021422     0.0243087
582     0.0164464     0.0232315     0.0232315     0.0232315     0.0204871     0.0188239     0.0215851
586     0.015682     0.0222102     0.0222102     0.0222102     0.019424     0.0177344     0.0205401
590     0.0133197     0.0189498     0.0189498     0.0189498     0.0164416     0.0149172     0.0174484
594     0.0128032     0.0183474     0.0183474     0.0183474     0.0157986     0.014241     0.0168255
598     0.0118803     0.0171614     0.0171614     0.0171614     0.014675     0.0131474     0.0156803
602     0.0102549     0.0149057     0.0149057     0.0149057     0.0126535     0.0112673     0.0135656
606     0.00977283     0.0142685     0.0142685     0.0142685     0.0120374     0.0106663     0.0129405
610     0.00852626     0.0125154     0.0125154     0.0125154     0.0104863     0.00924145     0.0113074
614     0.0082921     0.0122613     0.0122613     0.0122613     0.0102129     0.00895464     0.0110427
618     0.00723837     0.0107994     0.0107994     0.0107994     0.00894306     0.00779941     0.00969663
622     0.00664607     0.0100047     0.0100047     0.0100047     0.00823759     0.00714607     0.00895631
626     0.00613643     0.00931906     0.00931906     0.00931906     0.00763356     0.00659091     0.00831988
630     0.00602623     0.00922483     0.00922483     0.00922483     0.00751395     0.00645499     0.00821103
634     0.00542705     0.00837563     0.00837563     0.00837563     0.00679027     0.00580935     0.0074364
638     0.00519289     0.0080828     0.0080828     0.0080828     0.00651883     0.00555099     0.00715657
642     0.00468324     0.00736075     0.00736075     0.00736075     0.00590922     0.00500932     0.00650189
646     0.0044904     0.00713655     0.00713655     0.00713655     0.00570162     0.00480915     0.00628881
650     0.00404274     0.00649655     0.00649655     0.00649655     0.00516568     0.00433507     0.00571146
654     0.00340913     0.0055375     0.0055375     0.0055375     0.00438602     0.00366551     0.00485905
658     0.00349866     0.0057416     0.0057416     0.0057416     0.00452559     0.00376318     0.00502579
662     0.00333337     0.00552585     0.00552585     0.00552585     0.00433668     0.00359019     0.00482637
666     0.00325761     0.00545556     0.00545556     0.00545556     0.00426394     0.00351497     0.0047551
670     0.00322317     0.00545146     0.00545146     0.00545146     0.00424719     0.00348957     0.00474398
674     0.0028857     0.00493093     0.00493093     0.00493093     0.00382571     0.00312987     0.00428198
678     0.00283061     0.0048814     0.0048814     0.0048814     0.00377247     0.00307413     0.0042305
682     0.00238294     0.00414823     0.00414823     0.00414823     0.00319652     0.00259744     0.00358961
686     0.00241049     0.00423461     0.00423461     0.00423461     0.00324835     0.00262798     0.00365571
690     0.00218322     0.00387263     0.00387263     0.00387263     0.00295916     0.00238446     0.00333658
694     0.00210057     0.00376624     0.00376624     0.00376624     0.00286715     0.00230056     0.00323905
698     0.00207302     0.00375755     0.00375755     0.00375755     0.00285072     0.00227811     0.00322635
702     0.00207991     0.00381052     0.00381052     0.00381052     0.00288325     0.00229697     0.00326774
706     0.00184575     0.00341686     0.00341686     0.00341686     0.00257668     0.00204512     0.00292528
710     0.00167357     0.00313207     0.00313207     0.00313207     0.00235099     0.00185604     0.00267542
714     0.00181131     0.00342949     0.00342949     0.00342949     0.00256728     0.00201928     0.00292611
718     0.0016047     0.00307482     0.00307482     0.00307482     0.00229379     0.00179582     0.00261946
722     0.00151517     0.00293349     0.00293349     0.00293349     0.00217897     0.00169727     0.00249392
726     0.00132233     0.00258397     0.00258397     0.00258397     0.00191295     0.00148473     0.00219306
730     0.00142563     0.00281139     0.00281139     0.00281139     0.00207744     0.00160935     0.00238378
734     0.00136365     0.00271536     0.00271536     0.00271536     0.00199916     0.00154224     0.00229825
738     0.00123968     0.00249585     0.00249585     0.00249585     0.00183201     0.00140772     0.00210958
742     0.00131544     0.00267948     0.00267948     0.00267948     0.00195885     0.00149692     0.00226072
746     0.00127412     0.00262634     0.00262634     0.00262634     0.00191508     0.00145763     0.00221364
750     0.00123968     0.0025855     0.0025855     0.0025855     0.00187901     0.00142356     0.00217602
754     0.000922874     0.00194248     0.00194248     0.00194248     0.00140654     0.00106088     0.00163196
758     0.000977971     0.00207874     0.00207874     0.00207874     0.0015024     0.00113079     0.00174483
762     0.000998633     0.00214266     0.00214266     0.00214266     0.00154343     0.00115698     0.00179555
766     0.000984858     0.00213535     0.00213535     0.00213535     0.00153524     0.00114783     0.00178799
770     0.000826455     0.00181191     0.00181191     0.00181191     0.00129669     0.000963237     0.00151401
774     0.000785132     0.00174161     0.00174161     0.00174161     0.00124183     0.000917352     0.00145305
778     0.000888439     0.00199361     0.00199361     0.00199361     0.00141814     0.00104342     0.00166179
782     0.000661164     0.00149987     0.00149987     0.00149987     0.00106376     0.000779346     0.00124861
786     0.00064739     0.00148187     0.00148187     0.00148187     0.00104755     0.000764268     0.0012317
790     0.000750696     0.00173438     0.00173438     0.00173438     0.0012221     0.000887955     0.00143936
794     0.00064739     0.00151145     0.00151145     0.00151145     0.00106283     0.000769956     0.00125322
798     0.000716261     0.00168819     0.00168819     0.00168819     0.00118296     0.000852586     0.00139761
802     0.000661164     0.00157621     0.00157621     0.00157621     0.00110179     0.000790821     0.00130366
806     0.000654277     0.00157849     0.00157849     0.00157849     0.00109962     0.000784888     0.00130374
810     0.000523421     0.00127646     0.00127646     0.00127646     0.000887032     0.000630371     0.0010533
814     0.000578518     0.00142701     0.00142701     0.00142701     0.00098779     0.000697624     0.0011756
818     0.000557857     0.00138961     0.00138961     0.00138961     0.000960676     0.000676814     0.00114431
822     0.000468324     0.00117816     0.00117816     0.00117816     0.000812318     0.000569898     0.000969073
826     0.00055097     0.00140034     0.00140034     0.00140034     0.00096213     0.000671439     0.00115006
830     0.000468324     0.00120248     0.00120248     0.00120248     0.000822566     0.000570148     0.000985654
834     0.000482099     0.00125075     0.00125075     0.00125075     0.000853354     0.000588747     0.00102418
838     0.00050276     0.0013184     0.0013184     0.0013184     0.000897832     0.000617129     0.00107889
842     0.000482099     0.00127765     0.00127765     0.00127765     0.000866465     0.000591448     0.00104372
846     0.000330582     0.000885018     0.000885018     0.000885018     0.00059872     0.00040693     0.000722268
850     0.000461437     0.00124771     0.00124771     0.00124771     0.000842958     0.000571398     0.00101781
854     0.000420114     0.00114826     0.00114826     0.00114826     0.000772186     0.00051929     0.000934873
858     0.000337469     0.000931546     0.000931546     0.000931546     0.000626372     0.000420645     0.000758589
862     0.000427002     0.00119215     0.00119215     0.00119215     0.000797189     0.000530282     0.000968567
866     0.000378792     0.00106874     0.00106874     0.00106874     0.000713664     0.000473217     0.000867929
870     0.000289259     0.000824476     0.000824476     0.000824476     0.000547888     0.000360263     0.000668201
874     0.000461437     0.0013276     0.0013276     0.0013276     0.000881061     0.000577744     0.00107548
878     0.000296146     0.0008604     0.0008604     0.0008604     0.000570681     0.000373625     0.000696941
882     0.000337469     0.000989751     0.000989751     0.000989751     0.000652407     0.000422607     0.000799564
886     0.000371905     0.00110255     0.00110255     0.00110255     0.000724998     0.000467283     0.000889892
890     0.000303033     0.000907872     0.000907872     0.000907872     0.000595883     0.000382421     0.000732336
894     0.000289259     0.000876235     0.000876235     0.000876235     0.000571947     0.000363175     0.000705264
898     0.000351243     0.00107494     0.00107494     0.00107494     0.000702262     0.000445876     0.000865803
902     0.000213501     0.000660309     0.000660309     0.000660309     0.000429709     0.000270662     0.000531063
906     0.000323695     0.00101056     0.00101056     0.00101056     0.000656826     0.000412404     0.000812478
910     0.000247936     0.000782456     0.000782456     0.000782456     0.00050668     0.00031569     0.000628203
914     0.000234162     0.000747511     0.000747511     0.000747511     0.000482301     0.000298109     0.000599362
918     0.000337469     0.00108771     0.00108771     0.00108771     0.000698792     0.000428     0.000870716
922     0.000241049     0.000783866     0.000783866     0.000783866     0.000503054     0.000307094     0.000627352
926     0.000185952     0.000611211     0.000611211     0.000611211     0.000391795     0.000238339     0.000489044
930     0.000247936     0.000823012     0.000823012     0.000823012     0.000524815     0.000315866     0.00065715
934     0.000227275     0.000762323     0.000762323     0.000762323     0.000484189     0.000288801     0.000607801
938     0.000206614     0.000700373     0.000700373     0.000700373     0.000444151     0.000263657     0.000558215
942     0.000172178     0.000589219     0.000589219     0.000589219     0.000372584     0.000219631     0.000469156
946     0.000247936     0.000857838     0.000857838     0.000857838     0.000541722     0.000318029     0.000682836
950     0.000185952     0.000648751     0.000648751     0.000648751     0.000408684     0.000238513     0.000515963
954     0.000192839     0.000679607     0.000679607     0.000679607     0.000426427     0.000246534     0.000539733
958     0.000179065     0.000638139     0.000638139     0.000638139     0.000398179     0.000227198     0.000505739
962     0.000192839     0.000694008     0.000694008     0.000694008     0.000433216     0.000246927     0.00055029
966     0.000151517     0.000551071     0.000551071     0.000551071     0.000343008     0.000193906     0.000436577
970     0.000103307     0.000379605     0.000379605     0.000379605     0.00023583     0.000132509     0.000300597
974     0.000179065     0.000665512     0.000665512     0.000665512     0.000412467     0.000230146     0.000526627
978     0.000151517     0.000567968     0.000567968     0.000567968     0.000351206     0.000194707     0.000449114
982     0.000179065     0.000678004     0.000678004     0.000678004     0.000418243     0.000230242     0.000535749
986     0.00014463     0.000553468     0.000553468     0.000553468     0.000340594     0.000186104     0.00043704
990     0.000165291     0.000638194     0.000638194     0.000638194     0.000390901     0.000210971     0.00050311
994     7.57583e-05     0.000295529     0.000295529     0.000295529     0.000180824     9.71126e-05     0.000232962
998     0.000123968     0.000489483     0.000489483     0.000489483     0.000297622     0.000157285     0.00038494
1002     8.95326e-05     0.000356702     0.000356702     0.000356702     0.000365858     0.000372104     0.000361745
1006     0.000103307     0.00041614     0.00041614     0.00041614     0.000426822     0.000434109     0.000422023
1010     0.000110194     0.000448246     0.000448246     0.000448246     0.000459752     0.000467601     0.000454583
1014     0.000117081     0.000480832     0.000480832     0.000480832     0.000493175     0.000501595     0.00048763
1018     0.000137742     0.00057148     0.00057148     0.00057148     0.00058615     0.000596157     0.00057956
1022     6.88712e-05     0.000288549     0.000288549     0.000288549     0.000295956     0.000301009     0.000292629
1026     0.000123968     0.000525607     0.000525607     0.000525607     0.0005391     0.000548304     0.000533038
1030     8.95326e-05     0.000383797     0.000383797     0.000383797     0.000393649     0.000400369     0.000389223
1034     8.26455e-05     0.000357507     0.000357507     0.000357507     0.000366685     0.000372945     0.000362562
1038     0.000130855     0.000572104     0.000572104     0.000572104     0.000586791     0.000596809     0.000580193
1042     9.64197e-05     0.000425877     0.000425877     0.000425877     0.000436809     0.000444267     0.000431898
1046     6.88712e-05     0.00030814     0.00030814     0.00030814     0.00031605     0.000321446     0.000312497
1050     6.19841e-05     0.000280002     0.000280002     0.000280002     0.00028719     0.000292093     0.000283961
1054     0.000123968     0.000565527     0.000565527     0.000565527     0.000580044     0.000589947     0.000573522
1058     8.26455e-05     0.000380919     0.000380919     0.000380919     0.000390697     0.000397367     0.000386304
1062     4.82099e-05     0.000224574     0.000224574     0.000224574     0.000230339     0.000234272     0.00022775
1066     6.88712e-05     0.000323231     0.000323231     0.000323231     0.000331528     0.000337188     0.0003278
1070     5.5097e-05     0.000262196     0.000262196     0.000262196     0.000268927     0.000273518     0.000265903
1074     7.57583e-05     0.000363632     0.000363632     0.000363632     0.000372966     0.000379334     0.000368773
1078     6.19841e-05     0.000301365     0.000301365     0.000301365     0.000309101     0.000314378     0.000305626
1082     5.5097e-05     0.000270677     0.000270677     0.000270677     0.000277626     0.000282366     0.000274504
1086     5.5097e-05     0.000273552     0.000273552     0.000273552     0.000280574     0.000285364     0.000277419
1090     5.5097e-05     0.000276274     0.000276274     0.000276274     0.000283366     0.000288204     0.00028018
1094     8.26455e-05     0.000418347     0.000418347     0.000418347     0.000429086     0.000436411     0.000424261
1098     0.000103307     0.000528318     0.000528318     0.000528318     0.00054188     0.000551131     0.000535787
1102     6.88712e-05     0.000355828     0.000355828     0.000355828     0.000364963     0.000371193     0.000360859
1106     7.57583e-05     0.000395527     0.000395527     0.000395527     0.00040568     0.000412606     0.000401119
1110     3.44356e-05     0.000181419     0.000181419     0.000181419     0.000186076     0.000189253     0.000183984
1114     5.5097e-05     0.00029337     0.00029337     0.00029337     0.000300901     0.000306038     0.000297518
1118     4.82099e-05     0.000259802     0.000259802     0.000259802     0.000266472     0.000271021     0.000263475
1122     3.44356e-05     0.000187118     0.000187118     0.000187118     0.000191921     0.000195198     0.000189763
1126     1.37742e-05     7.55255e-05     7.55255e-05     7.55255e-05     7.74642e-05     7.87868e-05     7.65933e-05
1130     7.57583e-05     0.00042127     0.00042127     0.00042127     0.000432084     0.000439461     0.000427226
1134     1.37742e-05     7.73457e-05     7.73457e-05     7.73457e-05     7.93312e-05     8.06855e-05     7.84392e-05
1138     4.82099e-05     0.000272792     0.000272792     0.000272792     0.000279795     0.000284572     0.000276649
1142     6.88712e-05     0.000393613     0.000393613     0.000393613     0.000403717     0.000410609     0.000399178
1146     3.44356e-05     0.000198367     0.000198367     0.000198367     0.000203459     0.000206933     0.000201172
1150     6.19841e-05     0.000361385     0.000361385     0.000361385     0.000370662     0.00037699     0.000366495
1154     4.13227e-05     0.000243276     0.000243276     0.000243276     0.000249521     0.000253781     0.000246716
1158     2.75485e-05     0.000163647     0.000163647     0.000163647     0.000167848     0.000170714     0.000165961
1162     2.75485e-05     0.000165101     0.000165101     0.000165101     0.000169339     0.00017223     0.000167435
1166     4.13227e-05     0.000250199     0.000250199     0.000250199     0.000256622     0.000261003     0.000253737
1170     8.95326e-05     0.000548921     0.000548921     0.000548921     0.000563012     0.000572624     0.000556682
1174     4.13227e-05     0.000255635     0.000255635     0.000255635     0.000262197     0.000266674     0.000259249
1178     3.44356e-05     0.000214749     0.000214749     0.000214749     0.000220262     0.000224022     0.000217786
1182     2.06614e-05     0.000130249     0.000130249     0.000130249     0.000133593     0.000135874     0.000132091
1186     1.37742e-05     8.74076e-05     8.74076e-05     8.74076e-05     8.96513e-05     9.11819e-05     8.86433e-05
1190     2.75485e-05     0.000177208     0.000177208     0.000177208     0.000181757     0.00018486     0.000179713
1194     5.5097e-05     0.00035734     0.00035734     0.00035734     0.000366513     0.00037277     0.000362392
1198     5.5097e-05     0.000360809     0.000360809     0.000360809     0.000370071     0.000376389     0.00036591
1202     3.44356e-05     0.000227469     0.000227469     0.000227469     0.000233308     0.000237291     0.000230685
1206     6.88712e-05     0.000460227     0.000460227     0.000460227     0.000472041     0.0004801     0.000466734
1210     2.75485e-05     0.000185284     0.000185284     0.000185284     0.00019004     0.000193284     0.000187903
1214     0     0     0     0     0     0     0
1218     1.37742e-05     9.43844e-05     9.43844e-05     9.43844e-05     9.68073e-05     9.846e-05     9.57188e-05
1222     6.88712e-06     4.79066e-05     4.79066e-05     4.79066e-05     4.91364e-05     4.99753e-05     4.85839e-05
1226     3.44356e-05     0.000240731     0.000240731     0.000240731     0.000246911     0.000251126     0.000244135
1230     3.44356e-05     0.000242911     0.000242911     0.000242911     0.000249147     0.0002534     0.000246346
1234     5.5097e-05     0.000391914     0.000391914     0.000391914     0.000401975     0.000408838     0.000397455
1238     3.44356e-05     0.000247245     0.000247245     0.000247245     0.000253592     0.000257922     0.000250741
1242     4.82099e-05     0.000349657     0.000349657     0.000349657     0.000358632     0.000364755     0.0003546
1246     1.37742e-05     0.000100915     0.000100915     0.000100915     0.000103506     0.000105273     0.000102342
1250     0     0     0     0     0     0     0
1254     5.5097e-05     0.000410132     0.000410132     0.000410132     0.00042066     0.000427841     0.00041593
1258     4.13227e-05     0.000310348     0.000310348     0.000310348     0.000318315     0.000323749     0.000314736
1262     3.44356e-05     0.000260796     0.000260796     0.000260796     0.000267491     0.000272058     0.000264483
1266     1.37742e-05     0.000105301     0.000105301     0.000105301     0.000108004     0.000109848     0.00010679
1270     5.5097e-05     0.000425132     0.000425132     0.000425132     0.000436046     0.00044349     0.000431143
1274     2.06614e-05     0.000160704     0.000160704     0.000160704     0.00016483     0.000167644     0.000162977
1278     6.88712e-06     5.41885e-05     5.41885e-05     5.41885e-05     5.55795e-05     5.65284e-05     5.49546e-05
1282     4.13227e-05     0.000327816     0.000327816     0.000327816     0.000336231     0.000341972     0.000332451
1286     1.37742e-05     0.000110044     0.000110044     0.000110044     0.000112868     0.000114795     0.000111599
1290     4.82099e-05     0.00038739     0.00038739     0.00038739     0.000397334     0.000404118     0.000392867
1294     2.75485e-05     0.000223701     0.000223701     0.000223701     0.000229444     0.000233361     0.000226864
1298     1.37742e-05     0.000112746     0.000112746     0.000112746     0.00011564     0.000117615     0.00011434
1302     1.37742e-05     0.000114085     0.000114085     0.000114085     0.000117013     0.000119011     0.000115698
1306     4.13227e-05     0.000343651     0.000343651     0.000343651     0.000352472     0.00035849     0.000348509
1310     1.37742e-05     0.000115643     0.000115643     0.000115643     0.000118611     0.000120636     0.000117278
1314     2.06614e-05     0.000175179     0.000175179     0.000175179     0.000179676     0.000182743     0.000177655
1318     2.06614e-05     0.000175958     0.000175958     0.000175958     0.000180475     0.000183556     0.000178446
1322     3.44356e-05     0.000296711     0.000296711     0.000296711     0.000304328     0.000309524     0.000300906
1326     1.37742e-05     0.000119158     0.000119158     0.000119158     0.000122217     0.000124303     0.000120843
1330     0     0     0     0     0     0     0
1334     0     0     0     0     0     0     0
1338     0     0     0     0     0     0     0
1342     0     0     0     0     0     0     0
1346     0     0     0     0     0     0     0
1350     0     0     0     0     0     0     0
1354     0     0     0     0     0     0     0
1358     0     0     0     0     0     0     0
1362     0     0     0     0     0     0     0
1366     0     0     0     0     0     0     0
1370     0     0     0     0     0     0     0
1374     0     0     0     0     0     0     0
1378     0     0     0     0     0     0     0
1382     0     0     0     0     0     0     0
1386     0     0     0     0     0     0     0
1390     0     0     0     0     0     0     0
1394     0     0     0     0     0     0     0
1398     0     0     0     0     0     0     0
1402     0     0     0     0     0     0     0
1406     0     0     0     0     0     0     0
1410     0     0     0     0     0     0     0
1414     0     0     0     0     0     0     0
1418     0     0     0     0     0     0     0
1422     0     0     0     0     0     0     0
1426     0     0     0     0     0     0     0
1430     0     0     0     0     0     0     0
1434     0     0     0     0     0     0     0
1438     0     0     0     0     0     0     0
1442     0     0     0     0     0     0     0
1446     0     0     0     0     0     0     0
1450     0     0     0     0     0     0     0
1454     0     0     0     0     0     0     0
1458     0     0     0     0     0     0     0
1462     0     0     0     0     0     0     0
1466     0     0     0     0     0     0     0
1470     0     0     0     0     0     0     0
1474     0     0     0     0     0     0     0
1478     0     0     0     0     0     0     0
1482     0     0     0     0     0     0     0
1486     0     0     0     0     0     0     0
1490     0     0     0     0     0     0     0
1494     0     0     0     0     0     0     0
1498     0     0     0     0     0     0     0
1502     0     0     0     0     0     0     0
1506     0     0     0     0     0     0     0
1510     0     0     0     0     0     0     0
1514     0     0     0     0     0     0     0
1518     0     0     0     0     0     0     0
1522     0     0     0     0     0     0     0
1526     0     0     0     0     0     0     0
1530     0     0     0     0     0     0     0
1534     0     0     0     0     0     0     0
1538     0     0     0     0     0     0     0
1542     0     0     0     0     0     0     0
1546     0     0     0     0     0     0     0
1550     0     0     0     0     0     0     0
1554     0     0     0     0     0     0     0
1558     0     0     0     0     0     0     0
1562     0     0     0     0     0     0     0
1566     0     0     0     0     0     0     0
1570     0     0     0     0     0     0     0
1574     0     0     0     0     0     0     0
1578     0     0     0     0     0     0     0
1582     0     0     0     0     0     0     0
1586     0     0     0     0     0     0     0
1590     0     0     0     0     0     0     0
1594     0     0     0     0     0     0     0
1598     0     0     0     0     0     0     0
1602     0     0     0     0     0     0     0
1606     0     0     0     0     0     0     0
1610     0     0     0     0     0     0     0
1614     0     0     0     0     0     0     0
1618     0     0     0     0     0     0     0
1622     0     0     0     0     0     0     0
1626     0     0     0     0     0     0     0
1630     0     0     0     0     0     0     0
1634     0     0     0     0     0     0     0
1638     0     0     0     0     0     0     0
1642     0     0     0     0     0     0     0
1646     0     0     0     0     0     0     0
1650     0     0     0     0     0     0     0
1654     0     0     0     0     0     0     0
1658     0     0     0     0     0     0     0
1662     0     0     0     0     0     0     0
1666     0     0     0     0     0     0     0
1670     0     0     0     0     0     0     0
1674     0     0     0     0     0     0     0
1678     0     0     0     0     0     0     0
1682     0     0     0     0     0     0     0
1686     0     0     0     0     0     0     0
1690     0     0     0     0     0     0     0
1694     0     0     0     0     0     0     0
1698     0     0     0     0     0     0     0
1702     0     0     0     0     0     0     0
1706     0     0     0     0     0     0     0
1710     0     0     0     0     0     0     0
1714     0     0     0     0     0     0     0
1718     0     0     0     0     0     0     0
1722     0     0     0     0     0     0     0
1726     0     0     0     0     0     0     0
1730     0     0     0     0     0     0     0
1734     0     0     0     0     0     0     0
1738     0     0     0     0     0     0     0
1742     0     0     0     0     0     0     0
1746     0     0     0     0     0     0     0
1750     0     0     0     0     0     0     0
1754     0     0     0     0     0     0     0
1758     0     0     0     0     0     0     0
1762     0     0     0     0     0     0     0
1766     0     0     0     0     0     0     0
1770     0     0     0     0     0     0     0
1774     0     0     0     0     0     0     0
1778     0     0     0     0     0     0     0
1782     0     0     0     0     0     0     0
1786     0     0     0     0     0     0     0
1790     0     0     0     0     0     0     0
1794     0     0     0     0     0     0     0
1798     0     0     0     0     0     0     0
1802     0     0     0     0     0     0     0
1806     0     0     0     0     0     0     0
1810     0     0     0     0     0     0     0
1814     0     0     0     0     0     0     0
1818     0     0     0     0     0     0     0
1822     0     0     0     0     0     0     0
1826     0     0     0     0     0     0     0
1830     0     0     0     0     0     0     0
1834     0     0     0     0     0     0     0
1838     0     0     0     0     0     0     0
1842     0     0     0     0     0     0     0
1846     0     0     0     0     0     0     0
1850     0     0     0     0     0     0     0
1854     0     0     0     0     0     0     0
1858     0     0     0     0     0     0     0
1862     0     0     0     0     0     0     0
1866     0     0     0     0     0     0     0
1870     0     0     0     0     0     0     0
1874     0     0     0     0     0     0     0
1878     0     0     0     0     0     0     0
1882     0     0     0     0     0     0     0
1886     0     0     0     0     0     0     0
1890     0     0     0     0     0     0     0
1894     0     0     0     0     0     0     0
1898     0     0     0     0     0     0     0
1902     0     0     0     0     0     0     0
1906     0     0     0     0     0     0     0
1910     0     0     0     0     0     0     0
1914     0     0     0     0     0     0     0
1918     0     0     0     0     0     0     0
1922     0     0     0     0     0     0     0
1926     0     0     0     0     0     0     0
1930     0     0     0     0     0     0     0
1934     0     0     0     0     0     0     0
1938     0     0     0     0     0     0     0
1942     0     0     0     0     0     0     0
1946     0     0     0     0     0     0     0
1950     0     0     0     0     0     0     0
1954     0     0     0     0     0     0     0
1958     0     0     0     0     0     0     0
1962     0     0     0     0     0     0     0
1966     0     0     0     0     0     0     0
1970     0     0     0     0     0     0     0
1974     0     0     0     0     0     0     0
1978     0     0     0     0     0     0     0
1982     0     0     0     0     0     0     0
1986     0     0     0     0     0     0     0
1990     0     0     0     0     0     0     0
1994     0     0     0     0     0     0     0
1998     0     0     0     0     0     0     0
2002     0     0     0     0     0     0     0
2006     0     0     0     0     0     0     0
2010     0     0     0     0     0     0     0
2014     0     0     0     0     0     0     0
2018     0     0     0     0     0     0     0
2022     0     0     0     0     0     0     0
2026     0     0     0     0     0     0     0
2030     0     0     0     0     0     0     0
2034     0     0     0     0     0     0     0
2038     0     0     0     0     0     0     0
2042     0     0     0     0     0     0     0
2046     0     0     0     0     0     0     0
2050     0     0     0     0     0     0     0
2054     0     0     0     0     0     0     0
2058     0     0     0     0     0     0     0
2062     0     0     0     0     0     0     0
2066     0     0     0     0     0     0     0
2070     0     0     0     0     0     0     0
2074     0     0     0     0     0     0     0
2078     0     0     0     0     0     0     0
2082     0     0     0     0     0     0     0
2086     0     0     0     0     0     0     0
2090     0     0     0     0     0     0     0
2094     0     0     0     0     0     0     0
2098     0     0     0     0     0     0     0
2102     0     0     0     0     0     0     0
2106     0     0     0     0     0     0     0
2110     0     0     0     0     0     0     0
2114     0     0     0     0     0     0     0
2118     0     0     0     0     0     0     0
2122     0     0     0     0     0     0     0
2126     0     0     0     0     0     0     0
2130     0     0     0     0     0     0     0
2134     0     0     0     0     0     0     0
2138     0     0     0     0     0     0     0
2142     0     0     0     0     0     0     0
2146     0     0     0     0     0     0     0
2150     0     0     0     0     0     0     0
2154     0     0     0     0     0     0     0
2158     0     0     0     0     0     0     0
2162     0     0     0     0     0     0     0
2166     0     0     0     0     0     0     0
2170     0     0     0     0     0     0     0
2174     0     0     0     0     0     0     0
2178     0     0     0     0     0     0     0
2182     0     0     0     0     0     0     0
2186     0     0     0     0     0     0     0
2190     0     0     0     0     0     0     0
2194     0     0     0     0     0     0     0
2198     0     0     0     0     0     0     0
2202     0     0     0     0     0     0     0
2206     0     0     0     0     0     0     0
2210     0     0     0     0     0     0     0
2214     0     0     0     0     0     0     0
2218     0     0     0     0     0     0     0
2222     0     0     0     0     0     0     0
2226     0     0     0     0     0     0     0
2230     0     0     0     0     0     0     0
2234     0     0     0     0     0     0     0
2238     0     0     0     0     0     0     0
2242     0     0     0     0     0     0     0
2246     0     0     0     0     0     0     0
2250     0     0     0     0     0     0     0
2254     0     0     0     0     0     0     0
2258     0     0     0     0     0     0     0
2262     0     0     0     0     0     0     0
2266     0     0     0     0     0     0     0
2270     0     0     0     0     0     0     0
2274     0     0     0     0     0     0     0
2278     0     0     0     0     0     0     0
2282     0     0     0     0     0     0     0
2286     0     0     0     0     0     0     0
2290     0     0     0     0     0     0     0
2294     0     0     0     0     0     0     0
2298     0     0     0     0     0     0     0
2302     0     0     0     0     0     0     0
2306     0     0     0     0     0     0     0
2310     0     0     0     0     0     0     0
2314     0     0     0     0     0     0     0
2318     0     0     0     0     0     0     0
2322     0     0     0     0     0     0     0
2326     0     0     0     0     0     0     0
2330     0     0     0     0     0     0     0
2334     0     0     0     0     0     0     0
2338     0     0     0     0     0     0     0
2342     0     0     0     0     0     0     0
2346     0     0     0     0     0     0     0
2350     0     0     0     0     0     0     0
2354     0     0     0     0     0     0     0
2358     0     0     0     0     0     0     0
2362     0     0     0     0     0     0     0
2366     0     0     0     0     0     0     0
2370     0     0     0     0     0     0     0
2374     0     0     0     0     0     0     0
2378     0     0     0     0     0     0     0
2382     0     0     0     0     0     0     0
2386     0     0     0     0     0     0     0
2390     0     0     0     0     0     0     0
2394     0     0     0     0     0     0     0
2398     0     0     0     0     0     0     0
2402     0     0     0     0     0     0     0
2406     0     0     0     0     0     0     0
2410     0     0     0     0     0     0     0
2414     0     0     0     0     0     0     0
2418     0     0     0     0     0     0     0
2422     0     0     0     0     0     0     0
2426     0     0     0     0     0     0     0
2430     0     0     0     0     0     0     0
2434     0     0     0     0     0     0     0
2438     0     0     0     0     0     0     0
2442     0     0     0     0     0     0     0
2446     0     0     0     0     0     0     0
2450     0     0     0     0     0     0     0
2454     0     0     0     0     0     0     0
2458     0     0     0     0     0     0     0
2462     0     0     0     0     0     0     0
2466     0     0     0     0     0     0     0
2470     0     0     0     0     0     0     0
2474     0     0     0     0     0     0     0
2478     0     0     0     0     0     0     0
2482     0     0     0     0     0     0     0
2486     0     0     0     0     0     0     0
2490     0     0     0     0     0     0     0
2494     0     0     0     0     0     0     0
2498     0     0     0     0     0     0     0
2502     0     0     0     0     0     0     0
2506     0     0     0     0     0     0     0
2510     0     0     0     0     0     0     0
2514     0     0     0     0     0     0     0
2518     0     0     0     0     0     0     0
2522     0     0     0     0     0     0     0
2526     0     0     0     0     0     0     0
2530     0     0     0     0     0     0     0
2534     0     0     0     0     0     0     0
2538     0     0     0     0     0     0     0
2542     0     0     0     0     0     0     0
2546     0     0     0     0     0     0     0
2550     0     0     0     0     0     0     0
2554     0     0     0     0     0     0     0
2558     0     0     0     0     0     0     0
2562     0     0     0     0     0     0     0
2566     0     0     0     0     0     0     0
2570     0     0     0     0     0     0     0
2574     0     0     0     0     0     0     0
2578     0     0     0     0     0     0     0
2582     0     0     0     0     0     0     0
2586     0     0     0     0     0     0     0
2590     0     0     0     0     0     0     0
2594     0     0     0     0     0     0     0
2598     0     0     0     0     0     0     0
2602     0     0     0     0     0     0     0
2606     0     0     0     0     0     0     0
2610     0     0     0     0     0     0     0
2614     0     0     0     0     0     0     0
2618     0     0     0     0     0     0     0
2622     0     0     0     0     0     0     0
2626     0     0     0     0     0     0     0
2630     0     0     0     0     0     0     0
2634     0     0     0     0     0     0     0
2638     0     0     0     0     0     0     0
2642     0     0     0     0     0     0     0
2646     0     0     0     0     0     0     0
2650     0     0     0     0     0     0     0
2654     0     0     0     0     0     0     0
2658     0     0     0     0     0     0     0
2662     0     0     0     0     0     0     0
2666     0     0     0     0     0     0     0
2670     0     0     0     0     0     0     0
2674     0     0     0     0     0     0     0
2678     0     0     0     0     0     0     0
2682     0     0     0     0     0     0     0
2686     0     0     0     0     0     0     0
2690     0     0     0     0     0     0     0
2694     0     0     0     0     0     0     0
2698     0     0     0     0     0     0     0
2702     0     0     0     0     0     0     0
2706     0     0     0     0     0     0     0
2710     0     0     0     0     0     0     0
2714     0     0     0     0     0     0     0
2718     0     0     0     0     0     0     0
2722     0     0     0     0     0     0     0
2726     0     0     0     0     0     0     0
2730     0     0     0     0     0     0     0
2734     0     0     0     0     0     0     0
2738     0     0     0     0     0     0     0
2742     0     0     0     0     0     0     0
2746     0     0     0     0     0     0     0
2750     0     0     0     0     0     0     0
2754     0     0     0     0     0     0     0
2758     0     0     0     0     0     0     0
2762     0     0     0     0     0     0     0
2766     0     0     0     0     0     0     0
2770     0     0     0     0     0     0     0
2774     0     0     0     0     0     0     0
2778     0     0     0     0     0     0     0
2782     0     0     0     0     0     0     0
2786     0     0     0     0     0     0     0
2790     0     0     0     0     0     0     0
2794     0     0     0     0     0     0     0
2798     0     0     0     0     0     0     0
2802     0     0     0     0     0     0     0
2806     0     0     0     0     0     0     0
2810     0     0     0     0     0     0     0
2814     0     0     0     0     0     0     0
2818     0     0     0     0     0     0     0
2822     0     0     0     0     0     0     0
2826     0     0     0     0     0     0     0
2830     0     0     0     0     0     0     0
2834     0     0     0     0     0     0     0
2838     0     0     0     0     0     0     0
2842     0     0     0     0     0     0     0
2846     0     0     0     0     0     0     0
2850     0     0     0     0     0     0     0
2854     0     0     0     0     0     0     0
2858     0     0     0     0     0     0     0
2862     0     0     0     0     0     0     0
2866     0     0     0     0     0     0     0
2870     0     0     0     0     0     0     0
2874     0     0     0     0     0     0     0
2878     0     0     0     0     0     0     0
2882     0     0     0     0     0     0     0
2886     0     0     0     0     0     0     0
2890     0     0     0     0     0     0     0
2894     0     0     0     0     0     0     0
2898     0     0     0     0     0     0     0
2902     0     0     0     0     0     0     0
2906     0     0     0     0     0     0     0
2910     0     0     0     0     0     0     0
2914     0     0     0     0     0     0     0
2918     0     0     0     0     0     0     0
2922     0     0     0     0     0     0     0
2926     0     0     0     0     0     0     0
2930     0     0     0     0     0     0     0
2934     0     0     0     0     0     0     0
2938     0     0     0     0     0     0     0
2942     0     0     0     0     0     0     0
2946     0     0     0     0     0     0     0
2950     0     0     0     0     0     0     0
2954     0     0     0     0     0     0     0
2958     0     0     0     0     0     0     0
2962     0     0     0     0     0     0     0
2966     0     0     0     0     0     0     0
2970     0     0     0     0     0     0     0
2974     0     0     0     0     0     0     0
2978     0     0     0     0     0     0     0
2982     0     0     0     0     0     0     0
2986     0     0     0     0     0     0     0
2990     0     0     0     0     0     0     0
2994     0     0     0     0     0     0     0
2998     0     0     0     0     0     0     0
3002     0     0     0     0     0     0     0
3006     0     0     0     0     0     0     0
3010     0     0     0     0     0     0     0
3014     0     0     0     0     0     0     0
3018     0     0     0     0     0     0     0
3022     0     0     0     0     0     0     0
3026     0     0     0     0     0     0     0
3030     0     0     0     0     0     0     0
3034     0     0     0     0     0     0     0
3038     0     0     0     0     0     0     0
3042     0     0     0     0     0     0     0
3046     0     0     0     0     0     0     0
3050     0     0     0     0     0     0     0
3054     0     0     0     0     0     0     0
3058     0     0     0     0     0     0     0
3062     0     0     0     0     0     0     0
3066     0     0     0     0     0     0     0
3070     0     0     0     0     0     0     0
3074     0     0     0     0     0     0     0
3078     0     0     0     0     0     0     0
3082     0     0     0     0     0     0     0
3086     0     0     0     0     0     0     0
3090     0     0     0     0     0     0     0
3094     0     0     0     0     0     0     0
3098     0     0     0     0     0     0     0
3102     0     0     0     0     0     0     0
3106     0     0     0     0     0     0     0
3110     0     0     0     0     0     0     0
3114     0     0     0     0     0     0     0
3118     0     0     0     0     0     0     0
3122     0     0     0     0     0     0     0
3126     0     0     0     0     0     0     0
3130     0     0     0     0     0     0     0
3134     0     0     0     0     0     0     0
3138     0     0     0     0     0     0     0
3142     0     0     0     0     0     0     0
3146     0     0     0     0     0     0     0
3150     0     0     0     0     0     0     0
3154     0     0     0     0     0     0     0
3158     0     0     0     0     0     0     0
3162     0     0     0     0     0     0     0
3166     0     0     0     0     0     0     0
3170     0     0     0     0     0     0     0
3174     0     0     0     0     0     0     0
3178     0     0     0     0     0     0     0
3182     0     0     0     0     0     0     0
3186     0     0     0     0     0     0     0
3190     0     0     0     0     0     0     0
3194     0     0     0     0     0     0     0
3198     0     0     0     0     0     0     0
3202     0     0     0     0     0     0     0
3206     0     0     0     0     0     0     0
3210     0     0     0     0     0     0     0
3214     0     0     0     0     0     0     0
3218     0     0     0     0     0     0     0
3222     0     0     0     0     0     0     0
3226     0     0     0     0     0     0     0
3230     0     0     0     0     0     0     0
3234     0     0     0     0     0     0     0
3238     0     0     0     0     0     0     0
3242     0     0     0     0     0     0     0
3246     0     0     0     0     0     0     0
3250     0     0     0     0     0     0     0
3254     0     0     0     0     0     0     0
3258     0     0     0     0     0     0     0
3262     0     0     0     0     0     0     0
3266     0     0     0     0     0     0     0
3270     0     0     0     0     0     0     0
3274     0     0     0     0     0     0     0
3278     0     0     0     0     0     0     0
3282     0     0     0     0     0     0     0
3286     0     0     0     0     0     0     0
3290     0     0     0     0     0     0     0
3294     0     0     0     0     0     0     0
3298     0     0     0     0     0     0     0
3302     0     0     0     0     0     0     0
3306     0     0     0     0     0     0     0
3310     0     0     0     0     0     0     0
3314     0     0     0     0     0     0     0
3318     0     0     0     0     0     0     0
3322     0     0     0     0     0     0     0
3326     0     0     0     0     0     0     0
3330     0     0     0     0     0     0     0
3334     0     0     0     0     0     0     0
3338     0     0     0     0     0     0     0
3342     0     0     0     0     0     0     0
3346     0     0     0     0     0     0     0
3350     0     0     0     0     0     0     0
3354     0     0     0     0     0     0     0
3358     0     0     0     0     0     0     0
3362     0     0     0     0     0     0     0
3366     0     0     0     0     0     0     0
3370     0     0     0     0     0     0     0
3374     0     0     0     0     0     0     0
3378     0     0     0     0     0     0     0
3382     0     0     0     0     0     0     0
3386     0     0     0     0     0     0     0
3390     0     0     0     0     0     0     0
3394     0     0     0     0     0     0     0
3398     0     0     0     0     0     0     0
3402     0     0     0     0     0     0     0
3406     0     0     0     0     0     0     0
3410     0     0     0     0     0     0     0
3414     0     0     0     0     0     0     0
3418     0     0     0     0     0     0     0
3422     0     0     0     0     0     0     0
3426     0     0     0     0     0     0     0
3430     0     0     0     0     0     0     0
3434     0     0     0     0     0     0     0
3438     0     0     0     0     0     0     0
3442     0     0     0     0     0     0     0
3446     0     0     0     0     0     0     0
3450     0     0     0     0     0     0     0
3454     0     0     0     0     0     0     0
3458     0     0     0     0     0     0     0
3462     0     0     0     0     0     0     0
3466     0     0     0     0     0     0     0
3470     0     0     0     0     0     0     0
3474     0     0     0     0     0     0     0
3478     0     0     0     0     0     0     0
3482     0     0     0     0     0     0     0
3486     0     0     0     0     0     0     0
3490     0     0     0     0     0     0     0
3494     0     0     0     0     0     0     0
3498     0     0     0     0     0     0     0
3502     0     0     0     0     0     0     0
3506     0     0     0     0     0     0     0
3510     0     0     0     0     0     0     0
3514     0     0     0     0     0     0     0
3518     0     0     0     0     0     0     0
3522     0     0     0     0     0     0     0
3526     0     0     0     0     0     0     0
3530     0     0     0     0     0     0     0
3534     0     0     0     0     0     0     0
3538     0     0     0     0     0     0     0
3542     0     0     0     0     0     0     0
3546     0     0     0     0     0     0     0
3550     0     0     0     0     0     0     0
3554     0     0     0     0     0     0     0
3558     0     0     0     0     0     0     0
3562     0     0     0     0     0     0     0
3566     0     0     0     0     0     0     0
3570     0     0     0     0     0     0     0
3574     0     0     0     0     0     0     0
3578     0     0     0     0     0     0     0
3582     0     0     0     0     0     0     0
3586     0     0     0     0     0     0     0
3590     0     0     0     0     0     0     0
3594     0     0     0     0     0     0     0
3598     0     0     0     0     0     0     0
3602     0     0     0     0     0     0     0
3606     0     0     0     0     0     0     0
3610     0     0     0     0     0     0     0
3614     0     0     0     0     0     0     0
3618     0     0     0     0     0     0     0
3622     0     0     0     0     0     0     0
3626     0     0     0     0     0     0     0
3630     0     0     0     0     0     0     0
3634     0     0     0     0     0     0     0
3638     0     0     0     0     0     0     0
3642     0     0     0     0     0     0     0
3646     0     0     0     0     0     0     0
3650     0     0     0     0     0     0     0
3654     0     0     0     0     0     0     0
3658     0     0     0     0     0     0     0
3662     0     0     0     0     0     0     0
3666     0     0     0     0     0     0     0
3670     0     0     0     0     0     0     0
3674     0     0     0     0     0     0     0
3678     0     0     0     0     0     0     0
3682     0     0     0     0     0     0     0
3686     0     0     0     0     0     0     0
3690     0     0     0     0     0     0     0
3694     0     0     0     0     0     0     0
3698     0     0     0     0     0     0     0
3702     0     0     0     0     0     0     0
3706     0     0     0     0     0     0     0
3710     0     0     0     0     0     0     0
3714     0     0     0     0     0     0     0
3718     0     0     0     0     0     0     0
3722     0     0     0     0     0     0     0
3726     0     0     0     0     0     0     0
3730     0     0     0     0     0     0     0
3734     0     0     0     0     0     0     0
3738     0     0     0     0     0     0     0
3742     0     0     0     0     0     0     0
3746     0     0     0     0     0     0     0
3750     0     0     0     0     0     0     0
3754     0     0     0     0     0     0     0
3758     0     0     0     0     0     0     0
3762     0     0     0     0     0     0     0
3766     0     0     0     0     0     0     0
3770     0     0     0     0     0     0     0
3774     0     0     0     0     0     0     0
3778     0     0     0     0     0     0     0
3782     0     0     0     0     0     0     0
3786     0     0     0     0     0     0     0
3790     0     0     0     0     0     0     0
3794     0     0     0     0     0     0     0
3798     0     0     0     0     0     0     0
3802     0     0     0     0     0     0     0
3806     0     0     0     0     0     0     0
3810     0     0     0     0     0     0     0
3814     0     0     0     0     0     0     0
3818     0     0     0     0     0     0     0
3822     0     0     0     0     0     0     0
3826     0     0     0     0     0     0     0
3830     0     0     0     0     0     0     0
3834     0     0     0     0     0     0     0
3838     0     0     0     0     0     0     0
3842     0     0     0     0     0     0     0
3846     0     0     0     0     0     0     0
3850     0     0     0     0     0     0     0
3854     0     0     0     0     0     0     0
3858     0     0     0     0     0     0     0
3862     0     0     0     0     0     0     0
3866     0     0     0     0     0     0     0
3870     0     0     0     0     0     0     0
3874     0     0     0     0     0     0     0
3878     0     0     0     0     0     0     0
3882     0     0     0     0     0     0     0
3886     0     0     0     0     0     0     0
3890     0     0     0     0     0     0     0
3894     0     0     0     0     0     0     0
3898     0     0     0     0     0     0     0
3902     0     0     0     0     0     0     0
3906     0     0     0     0     0     0     0
3910     0     0     0     0     0     0     0
3914     0     0     0     0     0     0     0
3918     0     0     0     0     0     0     0
3922     0     0     0     0     0     0     0
3926     0     0     0     0     0     0     0
3930     0     0     0     0     0     0     0
3934     0     0     0     0     0     0     0
3938     0     0     0     0     0     0     0
3942     0     0     0     0     0     0     0
3946     0     0     0     0     0     0     0
3950     0     0     0     0     0     0     0
3954     0     0     0     0     0     0     0
3958     0     0     0     0     0     0     0
3962     0     0     0     0     0     0     0
3966     0     0     0     0     0     0     0
3970     0     0     0     0     0     0     0
3974     0     0     0     0     0     0     0
3978     0     0     0     0     0     0     0
3982     0     0     0     0     0     0     0
3986     0     0     0     0     0     0     0
3990     0     0     0     0     0     0     0
3994     0     0     0     0     0     0     0
3998     0     0     0     0     0     0     0
