2     0     0     0     0     0     0     0
6     7.32101e-07     6.81858e-10     6.81842e-10     6.81868e-10     7.132e-10     7.69582e-10     6.89688e-10
10     4.39261e-06     2.0395e-09     2.03946e-09     2.03954e-09     2.13325e-09     2.3019e-09     2.06293e-09
14     5.85681e-06     1.77056e-09     1.77052e-09     1.77059e-09     1.85194e-09     1.99835e-09     1.79089e-09
18     1.68383e-05     3.63825e-09     3.63817e-09     3.63831e-09     3.80549e-09     4.10634e-09     3.68004e-09
22     2.63556e-05     4.37809e-09     4.37798e-09     4.37815e-09     4.57933e-09     4.94135e-09     4.42836e-09
26     2.26951e-05     3.00495e-09     3.00488e-09     3.005e-09     3.14308e-09     3.39156e-09     3.03946e-09
30     4.68545e-05     5.13984e-09     5.13972e-09     5.13992e-09     5.3761e-09     5.80111e-09     5.19887e-09
34     5.0515e-05     4.71816e-09     4.71805e-09     4.71823e-09     4.93503e-09     5.32517e-09     4.77234e-09
38     3.80693e-05     3.04905e-09     3.04898e-09     3.04909e-09     3.1892e-09     3.44132e-09     3.08406e-09
42     5.85681e-05     4.06787e-09     4.06778e-09     4.06793e-09     4.25485e-09     4.59122e-09     4.11458e-09
46     6.66212e-05     4.10714e-09     4.10705e-09     4.1072e-09     4.29593e-09     4.63555e-09     4.15431e-09
50     8.49237e-05     4.69668e-09     4.69657e-09     4.69675e-09     4.91257e-09     5.30093e-09     4.75062e-09
54     7.17459e-05     3.59446e-09     3.59438e-09     3.59452e-09     3.75969e-09     4.05691e-09     3.63574e-09
58     8.34595e-05     3.84658e-09     3.84649e-09     3.84664e-09     4.02339e-09     4.34146e-09     3.89075e-09
62     9.51731e-05     4.05918e-09     4.05908e-09     4.05924e-09     4.24576e-09     4.58141e-09     4.10579e-09
66     8.63879e-05     3.46156e-09     3.46148e-09     3.46161e-09     3.62067e-09     3.90691e-09     3.50131e-09
70     0.000112011     4.27041e-09     4.27031e-09     4.27047e-09     4.46671e-09     4.81982e-09     4.31945e-09
74     0.000112011     4.10183e-09     4.10173e-09     4.10189e-09     4.29037e-09     4.62955e-09     4.14893e-09
78     0.000131046     4.63748e-09     4.63737e-09     4.63755e-09     4.85065e-09     5.23411e-09     4.69073e-09
82     0.000115672     3.99586e-09     3.99576e-09     3.99592e-09     4.17953e-09     4.50995e-09     4.04174e-09
86     0.000131046     4.45966e-09     4.45956e-09     4.45973e-09     4.66465e-09     5.03342e-09     4.51087e-09
90     0.00015667     5.28742e-09     5.2873e-09     5.2875e-09     5.53046e-09     5.96768e-09     5.34814e-09
94     0.000145688     4.90828e-09     4.90816e-09     4.90835e-09     5.13389e-09     5.53975e-09     4.96464e-09
98     0.000150813     5.10061e-09     5.10049e-09     5.10069e-09     5.33507e-09     5.75683e-09     5.15918e-09
102     0.000161794     5.51571e-09     5.51559e-09     5.5158e-09     5.76925e-09     6.22534e-09     5.57906e-09
106     0.000172776     5.97353e-09     5.9734e-09     5.97362e-09     6.24812e-09     6.74206e-09     6.04213e-09
110     0.000194007     6.86676e-09     6.8666e-09     6.86686e-09     7.1824e-09     7.75021e-09     6.94562e-09
114     0.000194739     7.13072e-09     7.13056e-09     7.13083e-09     7.4585e-09     8.04813e-09     7.21261e-09
118     0.000177901     6.85349e-09     6.85333e-09     6.85359e-09     7.16852e-09     7.73523e-09     6.9322e-09
122     0.000186686     7.73104e-09     7.73087e-09     7.73116e-09     8.08641e-09     8.72569e-09     7.81983e-09
126     0.000212309     9.65467e-09     9.65445e-09     9.65481e-09     1.00985e-08     1.08968e-08     9.76554e-09
130     0.000234272     1.2106e-08     1.21057e-08     1.21062e-08     1.26625e-08     1.36635e-08     1.2245e-08
134     0.000234272     1.41622e-08     1.41619e-08     1.41624e-08     1.48132e-08     1.59843e-08     1.43249e-08
138     0.000224023     1.60689e-08     1.60685e-08     1.60691e-08     1.68075e-08     1.81362e-08     1.62534e-08
142     0.000249646     2.23922e-08     2.23917e-08     2.23926e-08     2.34215e-08     2.52731e-08     2.26494e-08
146     0.000248182     2.88849e-08     2.88842e-08     2.88853e-08     3.02126e-08     3.26011e-08     2.92166e-08
150     0.000227683     3.63008e-08     3.63e-08     3.63013e-08     3.79694e-08     4.09711e-08     3.67177e-08
154     0.000241593     5.8622e-08     5.86207e-08     5.86229e-08     6.13167e-08     6.61641e-08     5.92952e-08
158     0.000282591     1.27845e-07     1.27842e-07     1.27847e-07     1.33722e-07     1.44293e-07     1.29313e-07
162     0.000259164     3.12421e-07     3.12414e-07     3.12426e-07     3.26782e-07     3.52616e-07     3.16009e-07
166     0.000273806     6.24529e-07     6.24515e-07     6.24539e-07     6.53237e-07     7.04879e-07     6.31702e-07
170     0.00029284     8.9563e-07     8.9561e-07     8.95644e-07     9.36799e-07     1.01086e-06     9.05916e-07
174     0.000273806     1.03114e-06     1.03111e-06     1.03115e-06     1.07853e-06     1.1638e-06     1.04298e-06
178     0.000299429     1.3201e-06     1.32007e-06     1.32012e-06     1.38078e-06     1.48994e-06     1.33526e-06
182     0.000297965     1.58434e-06     1.5843e-06     1.58436e-06     1.65716e-06     1.78817e-06     1.60253e-06
186     0.00033091     2.12039e-06     2.12034e-06     2.12042e-06     2.21786e-06     2.39319e-06     2.14474e-06
190     0.000313339     2.34581e-06     2.34575e-06     2.34584e-06     2.45363e-06     2.64761e-06     2.37274e-06
194     0.000360194     3.05205e-06     3.05198e-06     3.0521e-06     3.19234e-06     3.44472e-06     3.0871e-06
198     0.000329446     3.0745e-06     3.07443e-06     3.07454e-06     3.21582e-06     3.47005e-06     3.10981e-06
202     0.00034848     3.55489e-06     3.55481e-06     3.55495e-06     3.7183e-06     4.01225e-06     3.59572e-06
206     0.00033457     3.72823e-06     3.72816e-06     3.72827e-06     3.8996e-06     4.2079e-06     3.77102e-06
210     0.000351409     4.23032e-06     4.23025e-06     4.23036e-06     4.42825e-06     4.77991e-06     4.28127e-06
214     0.000359462     4.65883e-06     4.65874e-06     4.65887e-06     4.88027e-06     5.26937e-06     4.71731e-06
218     0.000354337     4.91997e-06     4.91989e-06     4.92002e-06     5.15342e-06     5.56413e-06     4.98145e-06
222     0.000377032     5.57308e-06     5.57298e-06     5.57313e-06     5.83853e-06     6.30431e-06     5.6434e-06
226     0.000366783     5.78181e-06     5.78171e-06     5.78186e-06     6.05767e-06     6.54114e-06     5.85509e-06
230     0.000403388     6.74052e-06     6.7404e-06     6.74058e-06     7.06231e-06     7.62605e-06     6.82607e-06
234     0.000367515     6.51209e-06     6.51198e-06     6.51214e-06     6.82277e-06     7.36731e-06     6.5946e-06
238     0.000372639     6.99154e-06     6.99142e-06     6.99159e-06     7.32436e-06     7.9086e-06     7.07961e-06
242     0.000361658     7.165e-06     7.16489e-06     7.16506e-06     7.50791e-06     8.10763e-06     7.25651e-06
246     0.000419494     8.75168e-06     8.75154e-06     8.75175e-06     9.17132e-06     9.90427e-06     8.86399e-06
250     0.000396067     8.70231e-06     8.70217e-06     8.70238e-06     9.11938e-06     9.84809e-06     8.81384e-06
254     0.000400459     9.25087e-06     9.25072e-06     9.25094e-06     9.69409e-06     1.04687e-05     9.36934e-06
258     0.000423154     1.02646e-05     1.02645e-05     1.02647e-05     1.07573e-05     1.16172e-05     1.03967e-05
262     0.0004356     1.10829e-05     1.10827e-05     1.1083e-05     1.16193e-05     1.25501e-05     1.12285e-05
266     0.00043194     1.15094e-05     1.15093e-05     1.15095e-05     1.20656e-05     1.30317e-05     1.16601e-05
270     0.000411441     1.14607e-05     1.14605e-05     1.14608e-05     1.20154e-05     1.2978e-05     1.16113e-05
274     0.000457563     1.33071e-05     1.33069e-05     1.33072e-05     1.3953e-05     1.50716e-05     1.34832e-05
278     0.000432672     1.31521e-05     1.31519e-05     1.31522e-05     1.37924e-05     1.4899e-05     1.33274e-05
282     0.000436332     1.38343e-05     1.38341e-05     1.38344e-05     1.4507e-05     1.56706e-05     1.40182e-05
286     0.00046342     1.53253e-05     1.53251e-05     1.53254e-05     1.60726e-05     1.73627e-05     1.55304e-05
290     0.00044585     1.53541e-05     1.53539e-05     1.53542e-05     1.61053e-05     1.73991e-05     1.55613e-05
294     0.000456099     1.63132e-05     1.6313e-05     1.63133e-05     1.71141e-05     1.84902e-05     1.65352e-05
298     0.000458295     1.7047e-05     1.70468e-05     1.70471e-05     1.78873e-05     1.93272e-05     1.72813e-05
302     0.000478062     1.84409e-05     1.84406e-05     1.84409e-05     1.93462e-05     2.0902e-05     1.86917e-05
306     0.000468545     1.87769e-05     1.87766e-05     1.87769e-05     1.97026e-05     2.12888e-05     1.90349e-05
310     0.000458295     1.90281e-05     1.90278e-05     1.90281e-05     1.99751e-05     2.15872e-05     1.92957e-05
314     0.000502953     2.1641e-05     2.16407e-05     2.16411e-05     2.27262e-05     2.4564e-05     2.19509e-05
318     0.000515399     2.29774e-05     2.29772e-05     2.29775e-05     2.41243e-05     2.60727e-05     2.33028e-05
322     0.000483919     2.23131e-05     2.23129e-05     2.23131e-05     2.34341e-05     2.533e-05     2.2634e-05
326     0.00047733     2.27348e-05     2.27346e-05     2.27349e-05     2.38835e-05     2.58187e-05     2.30663e-05
330     0.000508078     2.49794e-05     2.49792e-05     2.49795e-05     2.62484e-05     2.83781e-05     2.53483e-05
334     0.00058202     2.95277e-05     2.95275e-05     2.95277e-05     3.1035e-05     3.3556e-05     2.99688e-05
338     0.000518328     2.71095e-05     2.71093e-05     2.71095e-05     2.84997e-05     3.08172e-05     2.7519e-05
342     0.000545415     2.94415e-05     2.94412e-05     2.94414e-05     3.09652e-05     3.34885e-05     2.9896e-05
346     0.000538826     3.00618e-05     3.00616e-05     3.00617e-05     3.16246e-05     3.42037e-05     3.05312e-05
350     0.00054688     3.17255e-05     3.17254e-05     3.17254e-05     3.33853e-05     3.6112e-05     3.22283e-05
354     0.000549076     3.33557e-05     3.33555e-05     3.33555e-05     3.51144e-05     3.79884e-05     3.38935e-05
358     0.000580556     3.69544e-05     3.69543e-05     3.69542e-05     3.89168e-05     4.21086e-05     3.75595e-05
362     0.000535166     3.56819e-05     3.56818e-05     3.56816e-05     3.75947e-05     4.06871e-05     3.6278e-05
366     0.000549808     3.82584e-05     3.82584e-05     3.82581e-05     4.03245e-05     4.36485e-05     3.89076e-05
370     0.000579824     4.20962e-05     4.20962e-05     4.20958e-05     4.44135e-05     4.80946e-05     4.28402e-05
374     0.000543219     4.11891e-05     4.11891e-05     4.11887e-05     4.34903e-05     4.71104e-05     4.19398e-05
378     0.000619358     4.89853e-05     4.89854e-05     4.89848e-05     5.1699e-05     5.59936e-05     4.98618e-05
382     0.000582753     4.79885e-05     4.79886e-05     4.79879e-05     5.0717e-05     5.49628e-05     4.8894e-05
386     0.000586413     5.01589e-05     5.0159e-05     5.01582e-05     5.3049e-05     5.75083e-05     5.11306e-05
390     0.000603251     5.34652e-05     5.34654e-05     5.34645e-05     5.65768e-05     6.13477e-05     5.45214e-05
394     0.000614233     5.6389e-05     5.63893e-05     5.63883e-05     5.97025e-05     6.47527e-05     5.75238e-05
398     0.000613501     5.82506e-05     5.82509e-05     5.82498e-05     6.17088e-05     6.69459e-05     5.94461e-05
402     0.000599591     5.88504e-05     5.88508e-05     5.88495e-05     6.23928e-05     6.77121e-05     6.009e-05
406     0.00063766     6.46482e-05     6.46486e-05     6.46472e-05     6.85839e-05     7.4453e-05     6.60389e-05
410     0.000622286     6.51038e-05     6.51042e-05     6.51027e-05     6.91118e-05     7.50483e-05     6.65334e-05
414     0.000653766     7.04552e-05     7.04558e-05     7.04541e-05     7.48372e-05     8.12876e-05     7.20314e-05
418     0.000655963     7.27866e-05     7.27872e-05     7.27854e-05     7.73551e-05     8.40435e-05     7.44418e-05
422     0.000685979     7.82495e-05     7.82502e-05     7.82481e-05     8.32463e-05     9.04868e-05     8.00846e-05
426     0.000641321     7.51857e-05     7.51864e-05     7.51843e-05     8.00483e-05     8.70418e-05     7.69887e-05
430     0.000680122     8.18902e-05     8.1891e-05     8.18887e-05     8.72592e-05     9.49189e-05     8.39015e-05
434     0.000647177     7.9991e-05     7.99918e-05     7.99895e-05     8.5304e-05     9.28258e-05     8.20005e-05
438     0.00066914     8.48433e-05     8.48442e-05     8.48417e-05     9.05488e-05     9.85677e-05     8.70205e-05
442     0.000671337     8.73134e-05     8.73143e-05     8.73116e-05     9.33028e-05     0.000101626     8.96303e-05
446     0.000713066     9.50563e-05     9.50574e-05     9.50544e-05     0.000101659     0.000110771     9.76305e-05
450     0.000694764     9.47355e-05     9.47366e-05     9.47336e-05     0.000101393     0.000110523     9.73503e-05
454     0.000666212     9.29474e-05     9.29485e-05     9.29455e-05     9.95712e-05     0.000108584     9.55719e-05
458     0.000691836     9.86912e-05     9.86924e-05     9.86891e-05     0.000105827     0.000115457     0.000101545
462     0.000732833     0.000106832     0.000106833     0.000106829     0.000114704     0.000125212     0.000110018
466     0.000688907     0.000102667     0.000102668     0.000102665     0.000110338     0.000120497     0.000105799
470     0.000728441     0.000110833     0.000110834     0.000110831     0.000119251     0.000130294     0.000114304
474     0.000706478     0.000109764     0.000109766     0.000109762     0.000118249     0.000129271     0.000113299
478     0.00072112     0.000114323     0.000114325     0.00011432     0.000123275     0.000134822     0.000118079
482     0.000747475     0.000120845     0.000120847     0.000120843     0.000130482     0.000142796     0.000124926
486     0.000770902     0.000127187     0.000127188     0.000127184     0.000137481     0.000150537     0.000131579
490     0.000733565     0.000123361     0.000123363     0.000123359     0.00013353     0.000146303     0.000127739
494     0.00075626     0.000129644     0.000129646     0.000129641     0.000140539     0.000154086     0.00013438
498     0.000734297     0.000128184     0.000128186     0.000128181     0.000139091     0.000152566     0.000132954
502     0.000796526     0.000141625     0.000141627     0.000141622     0.000154065     0.000169183     0.000147148
506     0.000740886     0.000134162     0.000134164     0.000134159     0.000146138     0.000160578     0.000139516
510     0.000741618     0.000136738     0.00013674     0.000136735     0.000149158     0.000164007     0.00014233
514     0.00078408     0.000147129     0.000147132     0.000147126     0.000160729     0.000176855     0.000153296
518     0.000819221     0.000156492     0.000156495     0.000156488     0.000171236     0.000188564     0.000163228
522     0.000833863     0.00016209     0.000162093     0.000162086     0.000177788     0.000196     0.000169338
526     0.000828738     0.000163775     0.000163778     0.00016377     0.00017982     0.000198335     0.000171215
530     0.000819953     0.000164728     0.000164731     0.000164724     0.00018117     0.000199973     0.000172406
534     0.000847041     0.000172914     0.000172917     0.000172909     0.000190509     0.000210446     0.000181192
538     0.000844113     0.000175124     0.000175127     0.000175119     0.000193207     0.000213554     0.000183678
542     0.000858755     0.000181008     0.000181012     0.000181003     0.000200156     0.000221457     0.000190145
546     0.000890235     0.000190668     0.000190671     0.000190662     0.000211412     0.000234191     0.000200664
550     0.000869736     0.00018935     0.000189354     0.000189345     0.000210409     0.000233308     0.000199571
554     0.000828738     0.000183428     0.000183432     0.000183423     0.000204188     0.000226593     0.000193557
558     0.000890235     0.000200089     0.000200094     0.000200084     0.000223054     0.000247699     0.000211339
562     0.00088511     0.00020186     0.000201865     0.000201854     0.000225731     0.000251034     0.000213655
566     0.000938554     0.000216929     0.000216933     0.000216922     0.000243003     0.000270462     0.000229868
570     0.000934893     0.000219089     0.000219093     0.000219082     0.000245986     0.000274069     0.000232514
574     0.000852166     0.000202829     0.000202834     0.000202823     0.000228316     0.000254675     0.000215632
578     0.000939286     0.000227034     0.000227039     0.000227027     0.000256146     0.000286008     0.000241737
582     0.000950999     0.000233237     0.000233242     0.000233229     0.000264025     0.000295245     0.000248902
586     0.000981748     0.000244214     0.000244219     0.000244206     0.000277063     0.000310135     0.000261002
590     0.000975891     0.000246512     0.000246518     0.000246505     0.000280445     0.000314312     0.000263948
594     0.000970766     0.000249375     0.000249382     0.000249368     0.000284449     0.000319179     0.000267484
598     0.00100298     0.000262157     0.000262163     0.000262149     0.000299714     0.000336661     0.000281623
602     0.000984676     0.000261209     0.000261216     0.000261201     0.000299643     0.000337111     0.000281238
606     0.00102128     0.000274361     0.000274369     0.000274352     0.000315756     0.000355764     0.000296041
610     0.00106008     0.000288457     0.000288465     0.000288448     0.000332739     0.000375295     0.000311725
614     0.00102275     0.0002824     0.000282408     0.000282391     0.000326536     0.000368698     0.00030567
618     0.00105057     0.000294675     0.000294684     0.000294666     0.000341972     0.00038674     0.000319744
622     0.00104032     0.000296448     0.000296457     0.000296438     0.000345201     0.00039098     0.000322403
626     0.00102348     0.000295921     0.00029593     0.000295911     0.000345603     0.000391946     0.000322466
630     0.00106594     0.000312595     0.000312605     0.000312584     0.000366101     0.000415715     0.000341276
634     0.0010674     0.00031736     0.00031737     0.000317349     0.000372764     0.000423832     0.000347153
638     0.0011494     0.000346524     0.000346535     0.000346512     0.000408296     0.000464878     0.000379851
642     0.00115452     0.000353421     0.000353432     0.000353408     0.000417887     0.000476565     0.000388314
646     0.00110035     0.000342388     0.000342399     0.000342375     0.000406099     0.000463766     0.00037697
650     0.00107546     0.000340158     0.000340169     0.000340145     0.000404856     0.000463051     0.000375388
654     0.00109815     0.000352869     0.00035288     0.000352856     0.000421307     0.000482524     0.000390242
658     0.00114354     0.000373201     0.000373213     0.000373186     0.000446686     0.000512139     0.000413415
662     0.00115818     0.000383871     0.000383884     0.000383856     0.000461358     0.000529934     0.00042641
666     0.00122481     0.000412157     0.000412171     0.000412141     0.000496746     0.000571327     0.000458676
670     0.001227     0.000419218     0.000419233     0.000419202     0.000506936     0.000583911     0.000467566
674     0.00115892     0.000401997     0.000402011     0.000401981     0.000487641     0.000562462     0.0004493
678     0.00121822     0.000428841     0.000428857     0.000428824     0.000521324     0.000601889     0.00047999
682     0.00119259     0.000425977     0.000425993     0.00042596     0.000520901     0.000602893     0.000478697
686     0.00119991     0.000434952     0.000434968     0.000434933     0.000533397     0.00061812     0.000489714
690     0.00125555     0.00046217     0.000462188     0.00046215     0.000568458     0.00065963     0.000521381
694     0.0012475     0.000466748     0.000466767     0.000466728     0.000575856     0.000669154     0.000527613
698     0.00120065     0.000456966     0.000456984     0.000456946     0.000565721     0.000658397     0.000517722
702     0.00128777     0.000498361     0.000498382     0.000498339     0.00061954     0.000722396     0.000566171
706     0.00126727     0.000498537     0.000498558     0.000498515     0.000620924     0.000724645     0.00056706
710     0.00130021     0.000520318     0.00052034     0.000520295     0.000649886     0.000759384     0.000592948
714     0.00128923     0.000525632     0.000525655     0.000525608     0.000658517     0.000770484     0.000600216
718     0.00132291     0.000549477     0.000549501     0.000549452     0.000690098     0.000808325     0.000628469
722     0.00129802     0.000548808     0.000548833     0.000548782     0.000692579     0.000812963     0.000629709
726     0.00130168     0.00055969     0.000559715     0.000559663     0.000708126     0.000832222     0.000643257
730     0.00137562     0.0006015     0.000601528     0.000601472     0.000762683     0.000897271     0.000692279
734     0.00135439     0.000602961     0.00060299     0.000602932     0.000766217     0.000902354     0.000694951
738     0.00131559     0.000597122     0.000597151     0.000597093     0.000760615     0.000896713     0.000689309
742     0.00136537     0.000632413     0.000632445     0.000632382     0.000808471     0.000954707     0.000731762
746     0.00133901     0.00063331     0.000633342     0.000633279     0.000811375     0.000959167     0.000733799
750     0.00134487     0.000649197     0.00064923     0.000649165     0.000833205     0.000985855     0.000753043
754     0.00138953     0.00068413     0.000684165     0.000684095     0.000879354     0.00104126     0.000794302
758     0.00144297     0.000724345     0.000724383     0.000724308     0.000932105     0.00110437     0.000841582
762     0.00138294     0.000708262     0.0007083     0.000708226     0.000914739     0.00108556     0.000824856
766     0.00140344     0.000734203     0.000734243     0.000734165     0.000949111     0.00112702     0.000855498
770     0.00143419     0.00076715     0.000767192     0.00076711     0.000992819     0.00117968     0.000894476
774     0.00135878     0.00074406     0.000744101     0.000744021     0.000964222     0.00114654     0.000868249
778     0.0014071     0.000788927     0.000788972     0.000788886     0.00102383     0.00121835     0.00092141
782     0.00132364     0.000759259     0.000759303     0.000759219     0.000986858     0.00117543     0.000887555
786     0.00143492     0.000841998     0.000842047     0.000841953     0.001094     0.00130322     0.000983881
790     0.00144077     0.000864636     0.000864687     0.00086459     0.00112399     0.00133952     0.00101055
794     0.00143638     0.00088314     0.000883192     0.000883093     0.00114887     0.00136986     0.00103255
798     0.00145029     0.000913879     0.000913934     0.00091383     0.00118911     0.00141824     0.00106854
802     0.00145908     0.000943365     0.000943423     0.000943314     0.00122679     0.00146325     0.00110242
806     0.00144517     0.000959339     0.000959398     0.000959288     0.00124715     0.00148769     0.00112068
810     0.00141222     0.000962683     0.000962742     0.000962631     0.00125129     0.00149289     0.0011243
814     0.00140929     0.000987264     0.000987325     0.000987211     0.00128253     0.00153024     0.00115241
818     0.00142174     0.00102344     0.0010235     0.00102338     0.00132766     0.00158359     0.00119334
822     0.00140929     0.00104206     0.00104212     0.001042     0.00135026     0.00161002     0.00121399
826     0.00147738     0.00112323     0.0011233     0.00112316     0.00145383     0.0017329     0.00130749
830     0.00144736     0.00113144     0.00113152     0.00113138     0.0014621     0.00174215     0.00131539
834     0.00143565     0.00115557     0.00115564     0.00115551     0.00149052     0.00177551     0.00134142
838     0.0013478     0.00111708     0.00111715     0.00111702     0.0014384     0.00171317     0.00129487
842     0.00137928     0.00117735     0.00117742     0.00117728     0.00151253     0.00180038     0.00136237
846     0.00137269     0.0012065     0.00120657     0.00120643     0.00154508     0.00183665     0.00139311
850     0.00136683     0.00123814     0.00123822     0.00123808     0.00158119     0.00187757     0.00142688
854     0.00127971     0.00119568     0.00119575     0.00119561     0.00152299     0.00180694     0.00137535
858     0.0013295     0.00128145     0.00128154     0.00128139     0.00162759     0.00192952     0.00147087
862     0.00127605     0.00126943     0.00126951     0.00126937     0.00160618     0.00190206     0.00145296
866     0.00134414     0.00137932     0.00137941     0.00137926     0.00173815     0.00205535     0.00157423
870     0.00131485     0.00139152     0.00139161     0.00139145     0.00174622     0.0020617     0.00158353
874     0.00127312     0.00139032     0.0013904     0.00139025     0.00173723     0.00204777     0.00157744
878     0.00127678     0.0014387     0.00143879     0.00143863     0.00179111     0.00210836     0.00162817
882     0.00128777     0.00149709     0.00149719     0.00149703     0.00185227     0.00217487     0.00168711
886     0.00124457     0.00149362     0.00149371     0.00149355     0.00184063     0.00215773     0.00167862
890     0.00125409     0.00155404     0.00155414     0.00155398     0.00190659     0.00223119     0.00174117
894     0.00119406     0.00152848     0.00152857     0.00152841     0.00186564     0.00217902     0.00170645
898     0.00119332     0.00157776     0.00157785     0.00157769     0.00191593     0.00223341     0.0017552
902     0.00115599     0.00157806     0.00157815     0.001578     0.00190424     0.0022139     0.00174807
906     0.00111792     0.0015754     0.00157549     0.00157534     0.00189008     0.00219158     0.00173852
910     0.00112304     0.00163297     0.00163306     0.00163291     0.00194877     0.00225419     0.00179574
914     0.00111719     0.00167627     0.00167636     0.00167621     0.00198984     0.00229625     0.00183686
918     0.00109596     0.001697     0.00169709     0.00169694     0.0020026     0.00230498     0.00185226
922     0.00108058     0.00172622     0.0017263     0.00172616     0.0020214     0.0023186     0.00187452
926     0.00102201     0.00168171     0.00168179     0.00168166     0.00195789     0.00223968     0.00181925
930     0.00107253     0.00181919     0.00181927     0.00181913     0.00210485     0.00240068     0.00196003
934     0.00101396     0.00177063     0.0017707     0.00177057     0.00203648     0.002316     0.00190035
938     0.000998586     0.00179639     0.00179647     0.00179634     0.00205352     0.00232832     0.0019204
942     0.000948071     0.00175483     0.0017549     0.00175479     0.0019895     0.00224627     0.00186608
946     0.000991265     0.00188659     0.00188666     0.00188654     0.00212496     0.00239113     0.00199788
950     0.000929036     0.00181661     0.00181667     0.00181656     0.0020334     0.00228071     0.00191615
954     0.000925376     0.00185864     0.00185853     0.00185877     0.0020666     0.00217833     0.00207006
958     0.000914394     0.00188576     0.00188565     0.00188589     0.00208281     0.0022008     0.00207896
962     0.00095466     0.00201951     0.00201939     0.00201965     0.00221154     0.00234426     0.00219726
966     0.000838988     0.00182032     0.00182022     0.00182044     0.0019804     0.00210444     0.00196043
970     0.00083972     0.00186745     0.00186734     0.00186757     0.00201776     0.00214976     0.00198964
974     0.000855094     0.00194672     0.00194662     0.00194684     0.0020897     0.00223201     0.0020528
978     0.000819221     0.0019084     0.00190829     0.00190851     0.0020347     0.00217899     0.00199079
982     0.000799454     0.00190354     0.00190344     0.00190364     0.00201116     0.00216146     0.00195703
986     0.000746011     0.00181491     0.00181482     0.00181501     0.00190452     0.00205237     0.00184553
990     0.000768706     0.00190901     0.00190891     0.0019091     0.00199009     0.0021416     0.00192824
994     0.00075626     0.00191702     0.00191693     0.00191712     0.00198455     0.00212745     0.00192715
998     0.000699157     0.00180676     0.00180668     0.00180685     0.001858     0.00198326     0.00180911
1002     0.000707942     0.00186371     0.00186363     0.0018638     0.00189928     0.00201527     0.00185616
1006     0.000672069     0.0018024     0.00180232     0.00180248     0.00182435     0.00192693     0.00178793
1010     0.000661087     0.00180428     0.00180421     0.00180436     0.00181395     0.0019071     0.00178274
1014     0.000633268     0.00175722     0.00175715     0.00175729     0.00175496     0.00183659     0.00172956
1018     0.000616429     0.00173923     0.00173916     0.0017393     0.00172517     0.00179669     0.0017051
1022     0.000611304     0.00175153     0.00175146     0.0017516     0.00172222     0.00178226     0.00170855
1026     0.000577628     0.00167966     0.00167959     0.00167972     0.00164042     0.00168912     0.00163214
1030     0.000609108     0.00179642     0.00179636     0.00179649     0.0017435     0.0017868     0.00173942
1034     0.000588609     0.00176052     0.00176046     0.00176058     0.00169739     0.00173071     0.00169832
1038     0.000554933     0.00168234     0.00168228     0.0016824     0.00161074     0.00163341     0.00161658
1042     0.000548344     0.00168343     0.00168337     0.00168348     0.00159753     0.00160852     0.00160967
1046     0.00056445     0.00175444     0.00175438     0.00175449     0.00165456     0.0016574     0.00167182
1050     0.000502221     0.00157961     0.00157955     0.00157965     0.00147999     0.00147444     0.00149986
1054     0.000507346     0.00161323     0.00161318     0.00161327     0.00150257     0.00148938     0.00152687
1058     0.000468545     0.00150619     0.00150615     0.00150623     0.00139379     0.00137377     0.00142058
1062     0.00047733     0.00155051     0.00155046     0.00155055     0.00142203     0.00139052     0.00145539
1066     0.00045976     0.00150806     0.00150801     0.00150809     0.00137524     0.00133775     0.00141129
1070     0.000429011     0.00142087     0.00142082     0.0014209     0.00128728     0.00124456     0.00132513
1074     0.000431208     0.00144089     0.00144085     0.00144092     0.0012976     0.00124741     0.00133958
1078     0.000394603     0.00133019     0.00133015     0.00133022     0.00119054     0.00113766     0.00123271
1082     0.000398263     0.00135402     0.00135398     0.00135404     0.00120219     0.00113968     0.00124963
1086     0.00039387     0.00134998     0.00134994     0.00135001     0.00119122     0.0011222     0.00124199
1090     0.000359462     0.00124191     0.00124188     0.00124194     0.00108938     0.00101996     0.00113915
1094     0.000371907     0.00129455     0.00129451     0.00129457     0.00112883     0.00105025     0.0011839
1098     0.00034482     0.00120861     0.00120858     0.00120863     0.00104814     0.000969353     0.00110231
1102     0.000329446     0.00116311     0.00116308     0.00116314     0.00100116     0.000918222     0.00105692
1106     0.000366783     0.0013041     0.00130406     0.00130412     0.00111542     0.0010157     0.00118137
1110     0.000349212     0.0012495     0.00124947     0.00124952     0.001063     0.000961972     0.00112896
1114     0.000322857     0.00116273     0.0011627     0.00116275     0.000983213     0.000883433     0.0010475
1118     0.000345552     0.00125226     0.00125223     0.00125228     0.0010531     0.00093989     0.00112521
1122     0.000292108     0.0010651     0.00106507     0.00106511     0.000889836     0.000787643     0.000954111
1126     0.00032066     0.00117588     0.00117585     0.0011759     0.000976988     0.00085875     0.00105064
1130     0.000305286     0.00112604     0.00112601     0.00112606     0.000930028     0.000811227     0.00100333
1134     0.000281859     0.00104541     0.00104538     0.00104543     0.000858758     0.000743668     0.000929182
1138     0.000263556     0.000982798     0.000982774     0.000982813     0.000803869     0.000691971     0.000871867
1142     0.00026136     0.000979854     0.00097983     0.000979869     0.000796012     0.00067872     0.000866599
1146     0.000259896     0.000979653     0.00097963     0.000979668     0.000792173     0.000670907     0.000864665
1150     0.000265753     0.00100687     0.00100684     0.00100688     0.000809696     0.00068025     0.000886527
1154     0.000263556     0.00100349     0.00100347     0.00100351     0.000803091     0.000669891     0.000881688
1158     0.000267217     0.00102265     0.00102262     0.00102266     0.00081441     0.000674269     0.000896621
1162     0.000268681     0.00103331     0.00103328     0.00103332     0.000817447     0.000669811     0.000903396
1166     0.00021597     0.000834455     0.000834435     0.000834468     0.000657249     0.000534756     0.000728206
1170     0.000221095     0.000858463     0.000858443     0.000858476     0.000672917     0.000543174     0.000747668
1174     0.000222559     0.000868202     0.000868181     0.000868215     0.000677445     0.000542644     0.000754728
1178     0.000213041     0.000834997     0.000834977     0.00083501     0.000648324     0.000514994     0.000724386
1182     0.000228416     0.00089934     0.000899319     0.000899355     0.000694075     0.000545507     0.000778306
1186     0.000194739     0.000770301     0.000770283     0.000770313     0.000591319     0.000460386     0.000665178
1190     0.000213041     0.000846392     0.000846372     0.000846406     0.000647218     0.000500293     0.000729779
1194     0.000190346     0.000759743     0.000759725     0.000759755     0.000578416     0.00044337     0.000653969
1198     0.000207185     0.000830756     0.000830736     0.00083077     0.00062962     0.000478472     0.000713831
1202     0.000172044     0.000692866     0.000692849     0.000692877     0.000522129     0.000392327     0.000594056
1206     0.000200596     0.000811368     0.000811348     0.000811381     0.00060906     0.000454001     0.000694663
1210     0.00017424     0.000707848     0.000707831     0.00070786     0.000529329     0.000391409     0.000605187
1214     0.000140563     0.000573689     0.000573675     0.000573699     0.000426908     0.000312435     0.000489595
1218     0.000174972     0.000717077     0.000717059     0.000717088     0.000531263     0.000385264     0.000610942
1222     0.000149349     0.000614875     0.00061486     0.000614885     0.000453678     0.000325776     0.000523158
1226     0.000143492     0.00059324     0.000593225     0.000593249     0.000435905     0.00031011     0.000504003
1230     0.000143492     0.00059585     0.000595835     0.000595859     0.000435819     0.000306803     0.000505393
1234     0.000166187     0.000693098     0.000693081     0.000693109     0.00050489     0.000352029     0.000587037
1238     0.000128118     0.000536668     0.000536655     0.000536677     0.000389447     0.000269024     0.000453947
1242     0.000140563     0.00059133     0.000591315     0.000591339     0.000427055     0.000291425     0.000499393
1246     0.000154473     0.00065269     0.000652674     0.000652701     0.000469765     0.00031763     0.000550624
1250     0.000136903     0.000580851     0.000580837     0.00058086     0.000416547     0.000278997     0.000489434
1254     0.000142028     0.000605266     0.000605251     0.000605275     0.000432344     0.00028655     0.000509347
1258     0.000136171     0.000582781     0.000582767     0.00058279     0.000414933     0.000272464     0.00048994
1262     0.000131046     0.000563416     0.000563402     0.000563425     0.000398894     0.000257938     0.000472781
1266     0.000117868     0.000508828     0.000508816     0.000508837     0.00035913     0.000230084     0.000426585
1270     0.000129582     0.000561835     0.000561821     0.000561844     0.000395135     0.000250495     0.000470513
1274     0.000127386     0.000554753     0.000554739     0.000554762     0.000388652     0.000243488     0.000464045
1278     0.000122261     0.000534679     0.000534666     0.000534688     0.00037352     0.000231802     0.00044691
1282     0.000103226     0.00045339     0.000453379     0.000453397     0.000315447     0.000193114     0.00037854
1286     9.95658e-05     0.000439265     0.000439254     0.000439272     0.000304477     0.000184164     0.000366342
1290     9.81016e-05     0.000434758     0.000434747     0.000434765     0.000300424     0.000179767     0.000362289
1294     0.000109815     0.000488706     0.000488694     0.000488714     0.000336738     0.000199453     0.000406939
1298     9.95658e-05     0.000445032     0.000445021     0.000445039     0.000305415     0.000178435     0.000370137
1302     0.000110547     0.000496177     0.000496165     0.000496185     0.000339136     0.000195132     0.000412245
1306     9.88337e-05     0.000445653     0.000445643     0.000445661     0.000303851     0.000173007     0.000370079
1310     0.000101762     0.000460838     0.000460827     0.000460845     0.000313234     0.000176228     0.000382388
1314     0.000103958     0.000472884     0.000472873     0.000472892     0.000320169     0.000177488     0.000391964
1318     0.000103958     0.000474937     0.000474925     0.000474945     0.000320357     0.000175074     0.000393251
1322     8.19953e-05     0.000376226     0.000376217     0.000376232     0.000253125     0.000136539     0.000311406
1326     8.12632e-05     0.000374442     0.000374433     0.000374449     0.000251283     0.000133983     0.000309761
1330     7.90669e-05     0.00036598     0.000365971     0.000365986     0.000244747     0.000128549     0.000302499
1334     7.90669e-05     0.000367558     0.000367549     0.000367564     0.000245063     0.000127003     0.000303583
1338     9.4441e-05     0.000441034     0.000441023     0.000441041     0.000293384     0.000150194     0.000364144
1342     7.90669e-05     0.000370826     0.000370817     0.000370832     0.00024566     0.000123323     0.000305891
1346     7.61385e-05     0.000358612     0.000358603     0.000358618     0.000237089     0.00011769     0.000295723
1350     7.61385e-05     0.00036029     0.000360281     0.000360296     0.000237537     0.000116182     0.000296951
1354     7.68706e-05     0.000365303     0.000365294     0.000365309     0.000240152     0.000115687     0.000300909
1358     8.19953e-05     0.000391455     0.000391445     0.000391461     0.000256655     0.00012182     0.000322286
1362     7.2478e-05     0.000347562     0.000347553     0.000347567     0.000227033     0.000105546     0.000285948
1366     7.17459e-05     0.000345588     0.00034558     0.000345594     0.000225371     0.000103479     0.000284305
1370     6.88175e-05     0.000332877     0.000332868     0.000332882     0.000216695     9.82947e-05     0.000273797
1374     6.88175e-05     0.000334354     0.000334345     0.000334359     0.000217078     9.68798e-05     0.000274886
1378     6.58891e-05     0.000321636     0.000321628     0.000321641     0.000208016     9.08648e-05     0.000264192
1382     7.02817e-05     0.000344475     0.000344467     0.000344481     0.000222062     9.48917e-05     0.000282814
1386     6.36928e-05     0.000313569     0.000313561     0.000313574     0.00020195     8.54728e-05     0.000257469
1390     6.07644e-05     0.00030048     0.000300472     0.000300484     0.000192935     7.99989e-05     0.000246595
1394     4.61224e-05     0.000229105     0.0002291     0.000229109     0.000146625     5.94883e-05     0.000187903
1398     6.07644e-05     0.000303143     0.000303135     0.000303147     0.000193803     7.76768e-05     0.000248668
1402     6.07644e-05     0.000304589     0.000304581     0.000304593     0.000193997     7.56591e-05     0.000249698
1406     5.56397e-05     0.000280066     0.00028006     0.000280071     0.00017816     6.85785e-05     0.000229608
1410     5.56397e-05     0.000281381     0.000281375     0.000281386     0.000178583     6.73364e-05     0.000230644
1414     4.83187e-05     0.000245441     0.000245435     0.000245444     0.000155426     5.75195e-05     0.000201127
1418     3.5873e-05     0.000183083     0.000183078     0.000183086     0.000115637     4.18552e-05     0.000149975
1422     5.27113e-05     0.000270163     0.000270156     0.000270167     0.000170097     5.98391e-05     0.000221227
1426     6.14965e-05     0.000316634     0.000316626     0.000316639     0.000198976     6.85951e-05     0.000259259
1430     5.19792e-05     0.000268788     0.000268781     0.000268792     0.000168621     5.70073e-05     0.00022008
1434     4.90508e-05     0.000254769     0.000254763     0.000254773     0.000159595     5.30611e-05     0.000208598
1438     4.3194e-05     0.000225347     0.000225341     0.00022535     0.000140855     4.57199e-05     0.000184483
1442     4.90508e-05     0.000257057     0.000257051     0.000257061     0.000160404     5.08016e-05     0.000210483
1446     4.24619e-05     0.000223469     0.000223464     0.000223473     0.000139012     4.27299e-05     0.000182883
1450     5.85681e-05     0.000309586     0.000309579     0.000309591     0.000192204     5.76855e-05     0.000253332
1454     5.12471e-05     0.000272207     0.000272201     0.000272212     0.000168757     4.94682e-05     0.000222789
1458     4.02656e-05     0.000214802     0.000214797     0.000214805     0.000133005     3.82196e-05     0.000175827
1462     3.80693e-05     0.000203898     0.000203893     0.000203901     0.000125872     3.48047e-05     0.000166858
1466     3.66051e-05     0.000196995     0.00019699     0.000196998     0.000121351     3.25784e-05     0.00016119
1470     3.88014e-05     0.000209743     0.000209738     0.000209747     0.000128994     3.36869e-05     0.000171638
1474     4.61224e-05     0.000250388     0.000250382     0.000250392     0.000153815     3.9303e-05     0.000204927
1478     3.51409e-05     0.000191644     0.000191639     0.000191647     0.00011756     2.92271e-05     0.00015687
1482     3.88014e-05     0.000212548     0.000212543     0.000212552     0.000130131     3.11622e-05     0.000174009
1486     4.46582e-05     0.00024571     0.000245704     0.000245714     0.000150187     3.48037e-05     0.000201185
1490     3.80693e-05     0.00021041     0.000210405     0.000210414     0.0001284     2.88158e-05     0.000172292
1494     4.09977e-05     0.000227538     0.000227532     0.000227541     0.000138615     3.01428e-05     0.000186307
1498     3.95335e-05     0.000220372     0.000220367     0.000220376     0.000133883     2.77806e-05     0.000180393
1502     3.80693e-05     0.000213208     0.000213203     0.000213212     0.000129504     2.61029e-05     0.000174658
1506     2.56235e-05     0.000144139     0.000144135     0.000144141     8.73934e-05     1.69001e-05     0.000118086
1510     3.88014e-05     0.000219216     0.000219211     0.00021922     0.000132738     2.47125e-05     0.000179631
1514     3.14803e-05     0.000178569     0.000178565     0.000178572     0.000108006     1.95011e-05     0.00014634
1518     3.73372e-05     0.000212787     0.000212782     0.00021279     0.000128384     2.18859e-05     0.000174362
1522     3.00161e-05     0.000171753     0.000171749     0.000171755     0.000103598     1.70001e-05     0.000140841
1526     2.78198e-05     0.000159954     0.000159951     0.000159957     9.62525e-05     1.48113e-05     0.000131161
1530     3.44088e-05     0.000198638     0.000198633     0.000198641     0.00011931     1.74282e-05     0.000162872
1534     2.85519e-05     0.000165498     0.000165494     0.000165501     9.9247e-05     1.37917e-05     0.000135701
1538     3.44088e-05     0.000200433     0.000200428     0.000200436     0.000120067     1.57771e-05     0.000164408
1542     3.07482e-05     0.000179859     0.000179854     0.000179862     0.00010759     1.31503e-05     0.000147588
1546     2.04988e-05     0.000120371     0.000120368     0.000120373     7.18894e-05     8.21572e-06     9.87831e-05
1550     2.41593e-05     0.000142567     0.000142563     0.000142569     8.5059e-05     9.09347e-06     0.000117042
1554     2.70877e-05     0.000160497     0.000160494     0.0001605     9.56852e-05     9.67227e-06     0.000131805
1558     2.56235e-05     0.000152534     0.00015253     0.000152536     9.07937e-05     8.41033e-06     0.000125286
1562     2.85519e-05     0.000170647     0.000170643     0.00017065     0.000101503     8.59895e-06     0.000140249
1566     2.85519e-05     0.000171364     0.00017136     0.000171367     0.000101724     7.69679e-06     0.000140833
1570     3.07482e-05     0.000185379     0.000185375     0.000185382     0.000109943     7.54074e-06     0.000152407
1574     1.61062e-05     9.75228e-05     9.75205e-05     9.75244e-05     5.78056e-05     3.5943e-06     8.02165e-05
1578     2.34272e-05     0.000142444     0.000142441     0.000142447     8.43089e-05     4.55404e-06     0.000117185
1582     2.26951e-05     0.000138602     0.000138599     0.000138604     8.19845e-05     3.7831e-06     0.000114099
1586     2.04988e-05     0.000125691     0.000125688     0.000125693     7.42362e-05     2.76044e-06     0.000103493
1590     2.12309e-05     0.000130751     0.000130748     0.000130753     7.71808e-05     2.44547e-06     0.000107698
1594     2.34272e-05     0.000144905     0.000144901     0.000144907     8.54358e-05     1.96044e-06     0.000119403
1598     2.48914e-05     0.000154611     0.000154608     0.000154614     9.10097e-05     1.32786e-06     0.000127408
1602     2.26951e-05     0.00014159     0.000141586     0.000141592     8.33253e-05     6.1116e-07     0.000116766
1606     2.48914e-05     0.000155912     0.000155909     0.000155915     9.16895e-05     1.51669e-07     0.000128614
1610     1.31778e-05     8.29187e-05     8.29167e-05     8.292e-05     4.87564e-05     -2.7325e-07     6.84559e-05
1614     2.34272e-05     0.000148005     0.000148001     0.000148007     8.70015e-05     -8.92828e-07     0.000122237
1618     2.04988e-05     0.000130025     0.000130022     0.000130027     7.62617e-05     -1.63316e-06     0.00010739
1622     1.4642e-05     9.32578e-05     9.32556e-05     9.32592e-05     5.4578e-05     -1.85035e-06     7.70379e-05
1626     2.26951e-05     0.000145157     0.000145154     0.000145159     8.49548e-05     -3.23225e-06     0.000119973
1630     1.39099e-05     8.9375e-05     8.93729e-05     8.93764e-05     5.23004e-05     -2.30213e-06     7.39151e-05
1634     1.83025e-05     0.000118058     0.000118055     0.00011806     6.9033e-05     -3.54969e-06     9.76781e-05
1638     1.75704e-05     0.000113813     0.000113811     0.000113815     6.64109e-05     -4.15704e-06     9.41719e-05
1642     1.53741e-05     0.00010004     0.000100037     0.000100041     5.83613e-05     -4.09893e-06     8.28381e-05
1646     1.97667e-05     0.000129214     0.000129211     0.000129216     7.528e-05     -6.05791e-06     0.000107037
1650     1.90346e-05     0.000124855     0.000124853     0.000124857     7.2756e-05     -6.03664e-06     0.000103468
1654     1.39099e-05     9.15795e-05     9.15773e-05     9.15809e-05     5.33912e-05     -4.6347e-06     7.59461e-05
1658     1.53741e-05     0.000101692     0.00010169     0.000101694     5.9172e-05     -5.84971e-06     8.43529e-05
1662     1.24457e-05     8.267e-05     8.26681e-05     8.26713e-05     4.81776e-05     -4.92194e-06     6.8659e-05
1666     1.75704e-05     0.00011719     0.000117188     0.000117192     6.81937e-05     -7.61118e-06     9.7349e-05
1670     1.39099e-05     9.31615e-05     9.31593e-05     9.31629e-05     5.41448e-05     -6.55901e-06     7.74147e-05
1674     1.4642e-05     9.84675e-05     9.84652e-05     9.8469e-05     5.71948e-05     -7.26813e-06     8.18487e-05
1678     1.17136e-05     7.90661e-05     7.90642e-05     7.90673e-05     4.59093e-05     -6.17284e-06     6.5761e-05
1682     1.83025e-05     0.000124078     0.000124075     0.00012408     7.1964e-05     -1.04487e-05     0.00010325
1686     1.02494e-05     6.97556e-05     6.9754e-05     6.97567e-05     4.04454e-05     -6.12963e-06     5.80756e-05
1690     1.31778e-05     9.00864e-05     9.00843e-05     9.00878e-05     5.22146e-05     -8.25815e-06     7.50395e-05
1694     1.39099e-05     9.54758e-05     9.54736e-05     9.54773e-05     5.53228e-05     -9.11863e-06     7.95724e-05
1698     1.31778e-05     9.08251e-05     9.08229e-05     9.08265e-05     5.26315e-05     -8.98907e-06     7.57464e-05
1702     1.39099e-05     9.62178e-05     9.62155e-05     9.62192e-05     5.56399e-05     -1.02644e-05     8.02646e-05
1706     1.4642e-05     0.000101729     0.000101726     0.00010173     5.88171e-05     -1.12774e-05     8.49161e-05
1710     1.17136e-05     8.17284e-05     8.17264e-05     8.17296e-05     4.72529e-05     -9.3312e-06     6.82606e-05
1714     5.12471e-06     3.58611e-05     3.58603e-05     3.58617e-05     2.07341e-05     -4.16622e-06     2.99625e-05
1718     8.78521e-06     6.17585e-05     6.1757e-05     6.17595e-05     3.57306e-05     -7.3971e-06     5.16501e-05
1722     1.39099e-05     9.8163e-05     9.81607e-05     9.81645e-05     5.68067e-05     -1.21802e-05     8.2167e-05
1726     1.17136e-05     8.30389e-05     8.30369e-05     8.30402e-05     4.80037e-05     -1.07325e-05     6.95307e-05
1730     8.05311e-06     5.72639e-05     5.72625e-05     5.72647e-05     3.30922e-05     -7.57306e-06     4.79645e-05
1734     1.24457e-05     8.89211e-05     8.8919e-05     8.89225e-05     5.13826e-05     -1.22011e-05     7.45401e-05
1738     1.09815e-05     7.87227e-05     7.87209e-05     7.8724e-05     4.54785e-05     -1.10933e-05     6.60245e-05
1742     1.31778e-05     9.48717e-05     9.48695e-05     9.48732e-05     5.49072e-05     -1.35592e-05     7.96687e-05
1746     1.53741e-05     0.000111072     0.00011107     0.000111074     6.41734e-05     -1.65067e-05     9.32784e-05
1750     9.51731e-06     6.90471e-05     6.90455e-05     6.90482e-05     3.9878e-05     -1.05822e-05     5.80192e-05
1754     5.85681e-06     4.26462e-05     4.26452e-05     4.26469e-05     2.46465e-05     -6.62776e-06     3.58599e-05
1758     1.39099e-05     0.000101766     0.000101764     0.000101768     5.87621e-05     -1.63907e-05     8.5612e-05
1762     1.31778e-05     9.6703e-05     9.67008e-05     9.67045e-05     5.58492e-05     -1.60216e-05     8.14212e-05
1766     9.51731e-06     7.01499e-05     7.01483e-05     7.0151e-05     4.04483e-05     -1.20709e-05     5.90764e-05
1770     7.32101e-06     5.41691e-05     5.41679e-05     5.417e-05     3.12368e-05     -9.50795e-06     4.56454e-05
1774     8.78521e-06     6.52935e-05     6.5292e-05     6.52945e-05     3.76668e-05     -1.16897e-05     5.50607e-05
1778     5.85681e-06     4.3677e-05     4.36759e-05     4.36776e-05     2.51876e-05     -7.99193e-06     3.68479e-05
1782     1.17136e-05     8.76772e-05     8.76751e-05     8.76785e-05     5.06548e-05     -1.6215e-05     7.40597e-05
1786     1.02494e-05     7.70302e-05     7.70284e-05     7.70314e-05     4.4438e-05     -1.47092e-05     6.50792e-05
1790     3.66051e-06     2.76125e-05     2.76119e-05     2.7613e-05     1.59306e-05     -5.3657e-06     2.33414e-05
1794     1.09815e-05     8.3159e-05     8.31571e-05     8.31603e-05     4.80294e-05     -1.63518e-05     7.03579e-05
1798     4.39261e-06     3.33835e-05     3.33827e-05     3.3384e-05     1.92886e-05     -6.67958e-06     2.82648e-05
1802     6.58891e-06     5.03288e-05     5.03276e-05     5.03296e-05     2.90371e-05     -1.04477e-05     4.26295e-05
1806     1.09815e-05     8.41391e-05     8.41372e-05     8.41404e-05     4.8566e-05     -1.7757e-05     7.13193e-05
1810     8.05311e-06     6.19515e-05     6.19501e-05     6.19525e-05     3.57532e-05     -1.3359e-05     5.25439e-05
1814     1.09815e-05     8.47824e-05     8.47804e-05     8.47837e-05     4.89175e-05     -1.8564e-05     7.19347e-05
1818     4.39261e-06     3.40353e-05     3.40345e-05     3.40358e-05     1.96312e-05     -7.61496e-06     2.88931e-05
1822     4.39261e-06     3.4154e-05     3.41532e-05     3.41545e-05     1.9704e-05     -7.80612e-06     2.90172e-05
1826     8.78521e-06     6.85993e-05     6.85977e-05     6.86003e-05     3.96103e-05     -1.58194e-05     5.83231e-05
1830     8.78521e-06     6.88427e-05     6.88411e-05     6.88437e-05     3.97666e-05     -1.61633e-05     5.85761e-05
1834     8.05311e-06     6.3354e-05     6.33525e-05     6.3355e-05     3.66143e-05     -1.51434e-05     5.39515e-05
1838     7.32101e-06     5.78101e-05     5.78088e-05     5.7811e-05     3.34247e-05     -1.39138e-05     4.92522e-05
1842     8.78521e-06     6.9648e-05     6.96464e-05     6.96491e-05     4.02373e-05     -1.72251e-05     5.9371e-05
1846     5.85681e-06     4.65829e-05     4.65818e-05     4.65836e-05     2.69632e-05     -1.15283e-05     3.9745e-05
1850     4.39261e-06     3.50755e-05     3.50746e-05     3.5076e-05     2.02955e-05     -8.89568e-06     2.99476e-05
1854     5.12471e-06     4.10693e-05     4.10683e-05     4.10699e-05     2.37519e-05     -1.05547e-05     3.50735e-05
1858     5.85681e-06     4.71114e-05     4.71103e-05     4.71121e-05     2.72861e-05     -1.22113e-05     4.0272e-05
1862     5.12471e-06     4.13727e-05     4.13717e-05     4.13733e-05     2.39805e-05     -1.0894e-05     3.53985e-05
1866     8.05311e-06     6.52285e-05     6.52269e-05     6.52295e-05     3.77679e-05     -1.75524e-05     5.58258e-05
1870     3.66051e-06     2.9758e-05     2.97573e-05     2.97585e-05     1.72331e-05     -8.10706e-06     2.54818e-05
1874     3.66051e-06     2.98562e-05     2.98555e-05     2.98567e-05     1.73047e-05     -8.18649e-06     2.55819e-05
1878     6.58891e-06     5.39553e-05     5.3954e-05     5.39561e-05     3.13074e-05     -1.49819e-05     4.62756e-05
1882     5.12471e-06     4.21083e-05     4.21074e-05     4.2109e-05     2.43869e-05     -1.20666e-05     3.61256e-05
1886     1.4642e-06     1.20825e-05     1.20822e-05     1.20827e-05     7.00009e-06     -3.488e-06     1.03703e-05
1890     2.9284e-06     2.42481e-05     2.42476e-05     2.42485e-05     1.40607e-05     -7.09643e-06     2.08309e-05
1894     6.58891e-06     5.47458e-05     5.47446e-05     5.47467e-05     3.1778e-05     -1.61415e-05     4.70654e-05
1898     6.58891e-06     5.49236e-05     5.49223e-05     5.49245e-05     3.19374e-05     -1.62573e-05     4.72623e-05
1902     6.58891e-06     5.51562e-05     5.51549e-05     5.5157e-05     3.20533e-05     -1.66927e-05     4.74893e-05
1906     5.12471e-06     4.30574e-05     4.30564e-05     4.30581e-05     2.50396e-05     -1.31823e-05     3.71001e-05
1910     3.66051e-06     3.08738e-05     3.08731e-05     3.08743e-05     1.79636e-05     -9.55167e-06     2.66189e-05
1914     7.32101e-06     6.19681e-05     6.19667e-05     6.19691e-05     3.60755e-05     -1.93871e-05     5.34639e-05
1918     4.39261e-06     3.73194e-05     3.73185e-05     3.73199e-05     2.17352e-05     -1.17718e-05     3.22141e-05
1922     2.9284e-06     2.4953e-05     2.49524e-05     2.49534e-05     1.45424e-05     -7.98162e-06     2.15573e-05
1926     4.39261e-06     3.75513e-05     3.75504e-05     3.75519e-05     2.1906e-05     -1.20504e-05     3.24589e-05
1930     6.58891e-06     5.65339e-05     5.65326e-05     5.65348e-05     3.30033e-05     -1.84042e-05     4.89097e-05
1934     2.1963e-06     1.8916e-05     1.89156e-05     1.89163e-05     1.10405e-05     -6.21236e-06     1.63692e-05
1938     5.85681e-06     5.06001e-05     5.05989e-05     5.06008e-05     2.95629e-05     -1.68105e-05     4.3826e-05
1942     8.05311e-06     6.98126e-05     6.9811e-05     6.98137e-05     4.08009e-05     -2.3549e-05     6.05108e-05
1946     4.39261e-06     3.8222e-05     3.82211e-05     3.82225e-05     2.23686e-05     -1.29775e-05     3.3157e-05
1950     3.66051e-06     3.19874e-05     3.19866e-05     3.19878e-05     1.87128e-05     -1.1059e-05     2.77641e-05
1954     4.39261e-06     3.85035e-05     3.85026e-05     3.8504e-05     2.25336e-05     -1.3401e-05     3.34343e-05
1958     3.66051e-06     3.21944e-05     3.21936e-05     3.21948e-05     1.88621e-05     -1.12615e-05     2.79745e-05
1962     5.85681e-06     5.16733e-05     5.16721e-05     5.1674e-05     3.03207e-05     -1.82208e-05     4.49435e-05
1966     5.12471e-06     4.53646e-05     4.53635e-05     4.53653e-05     2.65972e-05     -1.62145e-05     3.94644e-05
1970     7.32101e-07     6.50993e-06     6.50978e-06     6.51003e-06     3.82116e-06     -2.36584e-06     5.6698e-06
1974     3.66051e-06     3.26249e-05     3.26242e-05     3.26254e-05     1.915e-05     -1.18565e-05     2.84146e-05
1978     3.66051e-06     3.27864e-05     3.27856e-05     3.27869e-05     1.9252e-05     -1.20804e-05     2.85756e-05
1982     2.1963e-06     1.97492e-05     1.97487e-05     1.97495e-05     1.16175e-05     -7.32271e-06     1.72299e-05
1986     3.66051e-06     3.29667e-05     3.29659e-05     3.29672e-05     1.93959e-05     -1.23267e-05     2.87732e-05
1990     3.66051e-06     3.31183e-05     3.31176e-05     3.31188e-05     1.95136e-05     -1.25574e-05     2.89394e-05
1994     5.12471e-06     4.65134e-05     4.65123e-05     4.65141e-05     2.73717e-05     -1.77496e-05     4.06339e-05
1998     3.66051e-06     3.33104e-05     3.33096e-05     3.33109e-05     1.95694e-05     -1.28193e-05     2.90899e-05
2002     5.12471e-06     4.68142e-05     4.68132e-05     4.68149e-05     4.89661e-05     5.28372e-05     4.73519e-05
2006     2.1963e-06     2.01398e-05     2.01393e-05     2.01401e-05     2.10656e-05     2.27309e-05     2.03711e-05
2010     6.58891e-06     6.05771e-05     6.05757e-05     6.0578e-05     6.33616e-05     6.83706e-05     6.12727e-05
2014     3.66051e-06     3.37511e-05     3.37503e-05     3.37516e-05     3.53025e-05     3.80934e-05     3.41387e-05
2018     1.4642e-06     1.35656e-05     1.35653e-05     1.35658e-05     1.41892e-05     1.53109e-05     1.37214e-05
2022     6.58891e-06     6.12002e-05     6.11988e-05     6.12011e-05     6.40134e-05     6.9074e-05     6.1903e-05
2026     3.66051e-06     3.41091e-05     3.41083e-05     3.41096e-05     3.5677e-05     3.84974e-05     3.45008e-05
2030     1.4642e-06     1.36822e-05     1.36819e-05     1.36824e-05     1.43111e-05     1.54425e-05     1.38393e-05
2034     2.1963e-06     2.05915e-05     2.0591e-05     2.05918e-05     2.1538e-05     2.32407e-05     2.0828e-05
2038     4.39261e-06     4.13405e-05     4.13396e-05     4.13411e-05     4.32408e-05     4.66592e-05     4.18153e-05
2042     7.32101e-06     6.91249e-05     6.91233e-05     6.91259e-05     7.23023e-05     7.80182e-05     6.99187e-05
2046     4.39261e-06     4.15807e-05     4.15797e-05     4.15813e-05     4.3492e-05     4.69303e-05     4.20582e-05
2050     2.1963e-06     2.08644e-05     2.08639e-05     2.08647e-05     2.18235e-05     2.35487e-05     2.1104e-05
2054     2.1963e-06     2.09538e-05     2.09533e-05     2.09541e-05     2.19169e-05     2.36496e-05     2.11944e-05
2058     2.9284e-06     2.8031e-05     2.80304e-05     2.80314e-05     2.93195e-05     3.16373e-05     2.83529e-05
2062     7.32101e-07     7.02656e-06     7.0264e-06     7.02667e-06     7.34955e-06     7.93057e-06     7.10725e-06
2066     3.66051e-06     3.52662e-05     3.52654e-05     3.52667e-05     3.68873e-05     3.98034e-05     3.56712e-05
2070     5.12471e-06     4.94921e-05     4.9491e-05     4.94929e-05     5.17671e-05     5.58595e-05     5.00605e-05
2074     5.85681e-06     5.67831e-05     5.67818e-05     5.6784e-05     5.93932e-05     6.40886e-05     5.74352e-05
2078     2.9284e-06     2.84783e-05     2.84777e-05     2.84788e-05     2.97874e-05     3.21422e-05     2.88054e-05
2082     2.1963e-06     2.14262e-05     2.14257e-05     2.14265e-05     2.24111e-05     2.41828e-05     2.16722e-05
2086     2.9284e-06     2.86689e-05     2.86683e-05     2.86694e-05     2.99867e-05     3.23573e-05     2.89981e-05
2090     1.4642e-06     1.43923e-05     1.4392e-05     1.43925e-05     1.50539e-05     1.6244e-05     1.45576e-05
2094     3.66051e-06     3.6078e-05     3.60772e-05     3.60786e-05     3.77364e-05     4.07197e-05     3.64923e-05
2098     7.32101e-07     7.24268e-06     7.24252e-06     7.24279e-06     7.57561e-06     8.1745e-06     7.32586e-06
2102     2.9284e-06     2.90465e-05     2.90458e-05     2.90469e-05     3.03817e-05     3.27835e-05     2.93801e-05
2106     2.1963e-06     2.18395e-05     2.1839e-05     2.18398e-05     2.28434e-05     2.46493e-05     2.20903e-05
2110     2.1963e-06     2.19226e-05     2.19221e-05     2.19229e-05     2.29303e-05     2.47431e-05     2.21744e-05
2114     1.4642e-06     1.46433e-05     1.46429e-05     1.46435e-05     1.53164e-05     1.65272e-05     1.48114e-05
2118     2.1963e-06     2.20498e-05     2.20493e-05     2.20501e-05     2.30633e-05     2.48866e-05     2.2303e-05
2122     1.4642e-06     1.47431e-05     1.47427e-05     1.47433e-05     1.54207e-05     1.66398e-05     1.49124e-05
2126     2.1963e-06     2.22007e-05     2.22002e-05     2.2201e-05     2.32212e-05     2.50569e-05     2.24556e-05
2130     3.66051e-06     3.71298e-05     3.71289e-05     3.71304e-05     3.88365e-05     4.19068e-05     3.75562e-05
2134     2.1963e-06     2.234e-05     2.23395e-05     2.23404e-05     2.33669e-05     2.52142e-05     2.25966e-05
2138     7.32101e-07     7.45835e-06     7.45817e-06     7.45846e-06     7.80118e-06     8.4179e-06     7.544e-06
2142     1.4642e-06     1.49717e-05     1.49714e-05     1.4972e-05     1.56599e-05     1.68979e-05     1.51437e-05
2146     2.1963e-06     2.25219e-05     2.25214e-05     2.25223e-05     2.35572e-05     2.54195e-05     2.27806e-05
2150     4.39261e-06     4.52201e-05     4.52191e-05     4.52208e-05     4.72987e-05     5.10379e-05     4.57394e-05
2154     7.32101e-07     7.56092e-06     7.56074e-06     7.56103e-06     7.90846e-06     8.53367e-06     7.64774e-06
2158     1.4642e-06     1.51584e-05     1.5158e-05     1.51586e-05     1.58551e-05     1.71086e-05     1.53324e-05
2162     1.4642e-06     1.52184e-05     1.5218e-05     1.52186e-05     1.59179e-05     1.71763e-05     1.53931e-05
2166     0     0     0     0     0     0     0
2170     1.4642e-06     1.52924e-05     1.52921e-05     1.52927e-05     1.59954e-05     1.72599e-05     1.5468e-05
2174     2.1963e-06     2.30032e-05     2.30027e-05     2.30036e-05     2.40606e-05     2.59627e-05     2.32674e-05
2178     2.9284e-06     3.08077e-05     3.0807e-05     3.08081e-05     3.22238e-05     3.47712e-05     3.11615e-05
2182     2.1963e-06     2.31618e-05     2.31612e-05     2.31621e-05     2.42264e-05     2.61417e-05     2.34278e-05
2186     7.32101e-07     7.75017e-06     7.75e-06     7.75029e-06     8.10642e-06     8.74728e-06     7.83918e-06
2190     2.1963e-06     2.33044e-05     2.33039e-05     2.33047e-05     2.43756e-05     2.63026e-05     2.3572e-05
2194     7.32101e-07     7.78525e-06     7.78507e-06     7.78536e-06     8.14311e-06     8.78686e-06     7.87465e-06
2198     7.32101e-07     7.81959e-06     7.81941e-06     7.81971e-06     8.17903e-06     8.82562e-06     7.90939e-06
2202     1.4642e-06     1.56873e-05     1.56869e-05     1.56875e-05     1.64084e-05     1.77055e-05     1.58674e-05
2206     1.4642e-06     1.57178e-05     1.57174e-05     1.5718e-05     1.64403e-05     1.774e-05     1.58983e-05
2210     1.4642e-06     1.57541e-05     1.57537e-05     1.57543e-05     1.64782e-05     1.77809e-05     1.5935e-05
2214     7.32101e-07     7.90939e-06     7.90921e-06     7.90951e-06     8.27295e-06     8.92698e-06     8.00022e-06
2218     2.1963e-06     2.38019e-05     2.38013e-05     2.38022e-05     2.4896e-05     2.68641e-05     2.40752e-05
2222     7.32101e-07     7.95803e-06     7.95784e-06     7.95815e-06     8.32383e-06     8.98187e-06     8.04942e-06
2226     2.1963e-06     2.39286e-05     2.39281e-05     2.3929e-05     2.50285e-05     2.70072e-05     2.42034e-05
2230     7.32101e-07     8.00547e-06     8.00529e-06     8.00559e-06     8.37346e-06     9.03542e-06     8.09741e-06
2234     2.9284e-06     3.20932e-05     3.20924e-05     3.20936e-05     3.35684e-05     3.62221e-05     3.24617e-05
2238     1.4642e-06     1.61105e-05     1.61101e-05     1.61107e-05     1.6851e-05     1.81832e-05     1.62955e-05
2242     1.4642e-06     1.61488e-05     1.61484e-05     1.6149e-05     1.68911e-05     1.82264e-05     1.63342e-05
2246     7.32101e-07     8.1003e-06     8.10011e-06     8.10042e-06     8.47264e-06     9.14245e-06     8.19332e-06
2250     1.4642e-06     1.62421e-05     1.62417e-05     1.62423e-05     1.69887e-05     1.83317e-05     1.64286e-05
2254     2.9284e-06     3.26144e-05     3.26137e-05     3.26149e-05     3.41136e-05     3.68104e-05     3.2989e-05
2258     7.32101e-07     8.16403e-06     8.16384e-06     8.16415e-06     8.5393e-06     9.21437e-06     8.25778e-06
2262     0     0     0     0     0     0     0
2266     0     0     0     0     0     0     0
2270     2.1963e-06     2.47396e-05     2.47391e-05     2.474e-05     2.58768e-05     2.79225e-05     2.50237e-05
2274     1.4642e-06     1.65359e-05     1.65355e-05     1.65362e-05     1.7296e-05     1.86633e-05     1.67258e-05
2278     7.32101e-07     8.29512e-06     8.29493e-06     8.29524e-06     8.67641e-06     9.36233e-06     8.39038e-06
2282     1.4642e-06     1.66442e-05     1.66438e-05     1.66444e-05     1.74092e-05     1.87855e-05     1.68353e-05
2286     1.4642e-06     1.6687e-05     1.66866e-05     1.66872e-05     1.7454e-05     1.88339e-05     1.68786e-05
2290     7.32101e-07     8.36043e-06     8.36024e-06     8.36056e-06     8.74473e-06     9.43605e-06     8.45644e-06
2294     0     0     0     0     0     0     0
2298     7.32101e-07     8.41059e-06     8.4104e-06     8.41072e-06     8.7972e-06     9.49266e-06     8.50718e-06
2302     7.32101e-07     8.4274e-06     8.42721e-06     8.42753e-06     8.81478e-06     9.51163e-06     8.52418e-06
2306     1.4642e-06     1.6921e-05     1.69206e-05     1.69213e-05     1.76988e-05     1.9098e-05     1.71154e-05
2310     2.1963e-06     2.54528e-05     2.54522e-05     2.54532e-05     2.66228e-05     2.87274e-05     2.57451e-05
2314     7.32101e-07     8.4992e-06     8.499e-06     8.49933e-06     8.88988e-06     9.59267e-06     8.5968e-06
2318     0     0     0     0     0     0     0
2322     2.9284e-06     3.41965e-05     3.41957e-05     3.4197e-05     3.57684e-05     3.85961e-05     3.45892e-05
2326     2.1963e-06     2.5735e-05     2.57344e-05     2.57354e-05     2.6918e-05     2.9046e-05     2.60306e-05
2330     1.4642e-06     1.71931e-05     1.71928e-05     1.71934e-05     1.79835e-05     1.94051e-05     1.73906e-05
2334     7.32101e-07     8.61824e-06     8.61805e-06     8.61837e-06     9.0144e-06     9.72703e-06     8.71722e-06
2338     2.1963e-06     2.59666e-05     2.5966e-05     2.5967e-05     2.71602e-05     2.93074e-05     2.62648e-05
2342     7.32101e-07     8.68362e-06     8.68342e-06     8.68376e-06     9.08278e-06     9.80082e-06     8.78335e-06
2346     7.32101e-07     8.70778e-06     8.70758e-06     8.70791e-06     9.10804e-06     9.82808e-06     8.80778e-06
2350     0     0     0     0     0     0     0
2354     7.32101e-07     8.73398e-06     8.73378e-06     8.73411e-06     9.13545e-06     9.85766e-06     8.83428e-06
2358     2.1963e-06     2.63199e-05     2.63193e-05     2.63203e-05     2.75298e-05     2.97061e-05     2.66222e-05
2362     7.32101e-07     8.79361e-06     8.7934e-06     8.79374e-06     9.19782e-06     9.92495e-06     8.89459e-06
2366     7.32101e-07     8.81147e-06     8.81127e-06     8.81161e-06     9.21651e-06     9.94512e-06     8.91266e-06
2370     7.32101e-07     8.84079e-06     8.84058e-06     8.84092e-06     9.24717e-06     9.97821e-06     8.94231e-06
2374     7.32101e-07     8.87156e-06     8.87135e-06     8.87169e-06     9.27935e-06     1.00129e-05     8.97344e-06
2378     1.4642e-06     1.77708e-05     1.77704e-05     1.7771e-05     1.85876e-05     2.00571e-05     1.79749e-05
2382     7.32101e-07     8.92443e-06     8.92423e-06     8.92457e-06     9.33466e-06     1.00726e-05     9.02692e-06
2386     7.32101e-07     8.93264e-06     8.93243e-06     8.93277e-06     9.34324e-06     1.00819e-05     9.03522e-06
2390     1.4642e-06     1.79143e-05     1.79139e-05     1.79146e-05     1.87378e-05     2.02191e-05     1.812e-05
2394     0     0     0     0     0     0     0
2398     0     0     0     0     0     0     0
2402     0     0     0     0     0     0     0
2406     7.32101e-07     9.0534e-06     9.0532e-06     9.05354e-06     9.46956e-06     1.02182e-05     9.15737e-06
2410     0     0     0     0     0     0     0
2414     0     0     0     0     0     0     0
2418     0     0     0     0     0     0     0
2422     7.32101e-07     9.1612e-06     9.16099e-06     9.16134e-06     9.58231e-06     1.03398e-05     9.26641e-06
2426     7.32101e-07     9.17259e-06     9.17237e-06     9.17272e-06     9.59422e-06     1.03527e-05     9.27792e-06
2430     0     0     0     0     0     0     0
2434     0     0     0     0     0     0     0
2438     7.32101e-07     9.26344e-06     9.26323e-06     9.26358e-06     9.68925e-06     1.04552e-05     9.36982e-06
2442     7.32101e-07     9.26887e-06     9.26865e-06     9.26901e-06     9.69493e-06     1.04614e-05     9.37531e-06
2446     7.32101e-07     9.29395e-06     9.29373e-06     9.29409e-06     9.72116e-06     1.04897e-05     9.40068e-06
2450     0     0     0     0     0     0     0
2454     1.4642e-06     1.87086e-05     1.87082e-05     1.87089e-05     1.95686e-05     2.11156e-05     1.89234e-05
2458     2.1963e-06     2.81335e-05     2.81329e-05     2.81339e-05     2.94267e-05     3.1753e-05     2.84566e-05
2462     7.32101e-07     9.40724e-06     9.40702e-06     9.40738e-06     9.83966e-06     1.06175e-05     9.51527e-06
2466     0     0     0     0     0     0     0
2470     1.4642e-06     1.89089e-05     1.89085e-05     1.89092e-05     1.97781e-05     2.13416e-05     1.91261e-05
2474     0     0     0     0     0     0     0
2478     7.32101e-07     9.4889e-06     9.48868e-06     9.48904e-06     9.92507e-06     1.07097e-05     9.59787e-06
2482     0     0     0     0     0     0     0
2486     0     0     0     0     0     0     0
2490     0     0     0     0     0     0     0
2494     7.32101e-07     9.59517e-06     9.59495e-06     9.59532e-06     1.00362e-05     1.08296e-05     9.70536e-06
2498     0     0     0     0     0     0     0
2502     1.4642e-06     1.92952e-05     1.92948e-05     1.92955e-05     2.01822e-05     2.17777e-05     1.95168e-05
2506     0     0     0     0     0     0     0
2510     7.32101e-07     9.70615e-06     9.70592e-06     9.70629e-06     1.01523e-05     1.09549e-05     9.81761e-06
2514     7.32101e-07     9.70714e-06     9.70692e-06     9.70729e-06     1.01533e-05     1.0956e-05     9.81861e-06
2518     7.32101e-07     9.73817e-06     9.73795e-06     9.73832e-06     1.01858e-05     1.0991e-05     9.85001e-06
2522     1.4642e-06     1.95356e-05     1.95351e-05     1.95359e-05     2.04336e-05     2.20489e-05     1.97599e-05
2526     2.1963e-06     2.93757e-05     2.9375e-05     2.93762e-05     3.0726e-05     3.31551e-05     2.97131e-05
2530     7.32101e-07     9.82222e-06     9.82199e-06     9.82236e-06     1.02737e-05     1.10859e-05     9.93501e-06
2534     0     0     0     0     0     0     0
2538     0     0     0     0     0     0     0
2542     0     0     0     0     0     0     0
2546     7.32101e-07     9.92128e-06     9.92105e-06     9.92143e-06     1.03773e-05     1.11977e-05     1.00352e-05
2550     0     0     0     0     0     0     0
2554     0     0     0     0     0     0     0
2558     0     0     0     0     0     0     0
2562     7.32101e-07     1.0006e-05     1.00058e-05     1.00062e-05     1.0466e-05     1.12934e-05     1.0121e-05
2566     0     0     0     0     0     0     0
2570     7.32101e-07     1.0064e-05     1.00638e-05     1.00642e-05     1.05266e-05     1.13588e-05     1.01796e-05
2574     0     0     0     0     0     0     0
2578     0     0     0     0     0     0     0
2582     1.4642e-06     2.02861e-05     2.02856e-05     2.02864e-05     2.12185e-05     2.2896e-05     2.0519e-05
2586     0     0     0     0     0     0     0
2590     0     0     0     0     0     0     0
2594     0     0     0     0     0     0     0
2598     0     0     0     0     0     0     0
2602     7.32101e-07     1.02514e-05     1.02511e-05     1.02515e-05     1.07226e-05     1.15702e-05     1.03691e-05
2606     0     0     0     0     0     0     0
2610     7.32101e-07     1.02993e-05     1.0299e-05     1.02994e-05     1.07727e-05     1.16243e-05     1.04175e-05
2614     7.32101e-07     1.03279e-05     1.03276e-05     1.0328e-05     1.08026e-05     1.16566e-05     1.04465e-05
2618     0     0     0     0     0     0     0
2622     7.32101e-07     1.03966e-05     1.03964e-05     1.03968e-05     1.08745e-05     1.17342e-05     1.0516e-05
2626     0     0     0     0     0     0     0
2630     7.32101e-07     1.04306e-05     1.04304e-05     1.04308e-05     1.09101e-05     1.17726e-05     1.05504e-05
2634     0     0     0     0     0     0     0
2638     0     0     0     0     0     0     0
2642     0     0     0     0     0     0     0
2646     0     0     0     0     0     0     0
2650     0     0     0     0     0     0     0
2654     7.32101e-07     1.05734e-05     1.05731e-05     1.05735e-05     1.10594e-05     1.19337e-05     1.06948e-05
2658     7.32101e-07     1.06182e-05     1.06179e-05     1.06183e-05     1.11062e-05     1.19842e-05     1.07401e-05
2662     0     0     0     0     0     0     0
2666     7.32101e-07     1.06698e-05     1.06695e-05     1.06699e-05     1.11602e-05     1.20425e-05     1.07923e-05
2670     0     0     0     0     0     0     0
2674     0     0     0     0     0     0     0
2678     0     0     0     0     0     0     0
2682     7.32101e-07     1.07633e-05     1.07631e-05     1.07635e-05     1.12581e-05     1.21481e-05     1.08869e-05
2686     1.4642e-06     2.15718e-05     2.15713e-05     2.15721e-05     2.25634e-05     2.43472e-05     2.18195e-05
2690     1.4642e-06     2.16246e-05     2.16241e-05     2.16249e-05     2.26186e-05     2.44067e-05     2.18729e-05
2694     0     0     0     0     0     0     0
2698     7.32101e-07     1.087e-05     1.08698e-05     1.08702e-05     1.13697e-05     1.22685e-05     1.09948e-05
2702     0     0     0     0     0     0     0
2706     0     0     0     0     0     0     0
2710     0     0     0     0     0     0     0
2714     7.32101e-07     1.09541e-05     1.09539e-05     1.09543e-05     1.14576e-05     1.23634e-05     1.10799e-05
2718     0     0     0     0     0     0     0
2722     0     0     0     0     0     0     0
2726     0     0     0     0     0     0     0
2730     0     0     0     0     0     0     0
2734     0     0     0     0     0     0     0
2738     0     0     0     0     0     0     0
2742     7.32101e-07     1.11339e-05     1.11337e-05     1.11341e-05     1.16457e-05     1.25664e-05     1.12618e-05
2746     7.32101e-07     1.1165e-05     1.11647e-05     1.11651e-05     1.16782e-05     1.26014e-05     1.12932e-05
2750     0     0     0     0     0     0     0
2754     0     0     0     0     0     0     0
2758     7.32101e-07     1.12215e-05     1.12213e-05     1.12217e-05     1.17373e-05     1.26652e-05     1.13504e-05
2762     0     0     0     0     0     0     0
2766     0     0     0     0     0     0     0
2770     0     0     0     0     0     0     0
2774     0     0     0     0     0     0     0
2778     0     0     0     0     0     0     0
2782     0     0     0     0     0     0     0
2786     7.32101e-07     1.14124e-05     1.14122e-05     1.14126e-05     1.1937e-05     1.28807e-05     1.15435e-05
2790     0     0     0     0     0     0     0
2794     0     0     0     0     0     0     0
2798     0     0     0     0     0     0     0
2802     0     0     0     0     0     0     0
2806     0     0     0     0     0     0     0
2810     0     0     0     0     0     0     0
2814     7.32101e-07     1.15944e-05     1.15942e-05     1.15946e-05     1.21274e-05     1.30861e-05     1.17276e-05
2818     0     0     0     0     0     0     0
2822     0     0     0     0     0     0     0
2826     0     0     0     0     0     0     0
2830     0     0     0     0     0     0     0
2834     2.1963e-06     3.51043e-05     3.51035e-05     3.51049e-05     3.6718e-05     3.96207e-05     3.55075e-05
2838     7.32101e-07     1.17297e-05     1.17294e-05     1.17299e-05     1.22689e-05     1.32388e-05     1.18644e-05
2842     0     0     0     0     0     0     0
2846     0     0     0     0     0     0     0
2850     0     0     0     0     0     0     0
2854     0     0     0     0     0     0     0
2858     0     0     0     0     0     0     0
2862     0     0     0     0     0     0     0
2866     0     0     0     0     0     0     0
2870     7.32101e-07     1.19404e-05     1.19401e-05     1.19406e-05     1.24892e-05     1.34766e-05     1.20775e-05
2874     0     0     0     0     0     0     0
2878     0     0     0     0     0     0     0
2882     0     0     0     0     0     0     0
2886     0     0     0     0     0     0     0
2890     0     0     0     0     0     0     0
2894     0     0     0     0     0     0     0
2898     2.1963e-06     3.63482e-05     3.63474e-05     3.63488e-05     3.8019e-05     4.10246e-05     3.67656e-05
2902     0     0     0     0     0     0     0
2906     0     0     0     0     0     0     0
2910     0     0     0     0     0     0     0
2914     0     0     0     0     0     0     0
2918     0     0     0     0     0     0     0
2922     0     0     0     0     0     0     0
2926     0     0     0     0     0     0     0
2930     0     0     0     0     0     0     0
2934     0     0     0     0     0     0     0
2938     0     0     0     0     0     0     0
2942     0     0     0     0     0     0     0
2946     0     0     0     0     0     0     0
2950     7.32101e-07     1.24569e-05     1.24566e-05     1.24571e-05     1.30295e-05     1.40595e-05     1.25999e-05
2954     0     0     0     0     0     0     0
2958     0     0     0     0     0     0     0
2962     0     0     0     0     0     0     0
2966     0     0     0     0     0     0     0
2970     7.32101e-07     1.25796e-05     1.25793e-05     1.25797e-05     1.31578e-05     1.4198e-05     1.2724e-05
2974     0     0     0     0     0     0     0
2978     0     0     0     0     0     0     0
2982     7.32101e-07     1.26433e-05     1.26431e-05     1.26435e-05     1.32245e-05     1.427e-05     1.27885e-05
2986     0     0     0     0     0     0     0
2990     0     0     0     0     0     0     0
2994     0     0     0     0     0     0     0
2998     0     0     0     0     0     0     0
3002     7.32101e-07     1.27821e-05     1.27818e-05     1.27823e-05     1.33697e-05     1.44266e-05     1.29289e-05
3006     7.32101e-07     1.28141e-05     1.28138e-05     1.28143e-05     1.34031e-05     1.44627e-05     1.29612e-05
3010     0     0     0     0     0     0     0
3014     0     0     0     0     0     0     0
3018     0     0     0     0     0     0     0
3022     0     0     0     0     0     0     0
3026     0     0     0     0     0     0     0
3030     0     0     0     0     0     0     0
3034     7.32101e-07     1.29805e-05     1.29802e-05     1.29807e-05     1.35772e-05     1.46505e-05     1.31296e-05
3038     0     0     0     0     0     0     0
3042     0     0     0     0     0     0     0
3046     0     0     0     0     0     0     0
3050     0     0     0     0     0     0     0
3054     0     0     0     0     0     0     0
3058     0     0     0     0     0     0     0
3062     0     0     0     0     0     0     0
3066     0     0     0     0     0     0     0
3070     0     0     0     0     0     0     0
3074     0     0     0     0     0     0     0
3078     0     0     0     0     0     0     0
3082     0     0     0     0     0     0     0
3086     0     0     0     0     0     0     0
3090     0     0     0     0     0     0     0
3094     0     0     0     0     0     0     0
3098     0     0     0     0     0     0     0
3102     0     0     0     0     0     0     0
3106     0     0     0     0     0     0     0
3110     0     0     0     0     0     0     0
3114     0     0     0     0     0     0     0
3118     0     0     0     0     0     0     0
3122     0     0     0     0     0     0     0
3126     0     0     0     0     0     0     0
3130     0     0     0     0     0     0     0
3134     7.32101e-07     1.36215e-05     1.36212e-05     1.36217e-05     1.42476e-05     1.53739e-05     1.37779e-05
3138     0     0     0     0     0     0     0
3142     0     0     0     0     0     0     0
3146     0     0     0     0     0     0     0
3150     0     0     0     0     0     0     0
3154     0     0     0     0     0     0     0
3158     0     0     0     0     0     0     0
3162     0     0     0     0     0     0     0
3166     0     0     0     0     0     0     0
3170     0     0     0     0     0     0     0
3174     0     0     0     0     0     0     0
3178     0     0     0     0     0     0     0
3182     0     0     0     0     0     0     0
3186     0     0     0     0     0     0     0
3190     0     0     0     0     0     0     0
3194     0     0     0     0     0     0     0
3198     0     0     0     0     0     0     0
3202     0     0     0     0     0     0     0
3206     0     0     0     0     0     0     0
3210     0     0     0     0     0     0     0
3214     0     0     0     0     0     0     0
3218     0     0     0     0     0     0     0
3222     0     0     0     0     0     0     0
3226     0     0     0     0     0     0     0
3230     0     0     0     0     0     0     0
3234     0     0     0     0     0     0     0
3238     0     0     0     0     0     0     0
3242     0     0     0     0     0     0     0
3246     0     0     0     0     0     0     0
3250     0     0     0     0     0     0     0
3254     0     0     0     0     0     0     0
3258     0     0     0     0     0     0     0
3262     0     0     0     0     0     0     0
3266     0     0     0     0     0     0     0
3270     0     0     0     0     0     0     0
3274     7.32101e-07     1.45325e-05     1.45322e-05     1.45327e-05     1.52005e-05     1.64022e-05     1.46994e-05
3278     0     0     0     0     0     0     0
3282     0     0     0     0     0     0     0
3286     0     0     0     0     0     0     0
3290     0     0     0     0     0     0     0
3294     0     0     0     0     0     0     0
3298     0     0     0     0     0     0     0
3302     0     0     0     0     0     0     0
3306     0     0     0     0     0     0     0
3310     0     0     0     0     0     0     0
3314     0     0     0     0     0     0     0
3318     0     0     0     0     0     0     0
3322     0     0     0     0     0     0     0
3326     0     0     0     0     0     0     0
3330     0     0     0     0     0     0     0
3334     0     0     0     0     0     0     0
3338     0     0     0     0     0     0     0
3342     0     0     0     0     0     0     0
3346     0     0     0     0     0     0     0
3350     0     0     0     0     0     0     0
3354     0     0     0     0     0     0     0
3358     0     0     0     0     0     0     0
3362     0     0     0     0     0     0     0
3366     0     0     0     0     0     0     0
3370     0     0     0     0     0     0     0
3374     0     0     0     0     0     0     0
3378     0     0     0     0     0     0     0
3382     0     0     0     0     0     0     0
3386     0     0     0     0     0     0     0
3390     0     0     0     0     0     0     0
3394     0     0     0     0     0     0     0
3398     0     0     0     0     0     0     0
3402     0     0     0     0     0     0     0
3406     0     0     0     0     0     0     0
3410     0     0     0     0     0     0     0
3414     0     0     0     0     0     0     0
3418     0     0     0     0     0     0     0
3422     0     0     0     0     0     0     0
3426     0     0     0     0     0     0     0
3430     0     0     0     0     0     0     0
3434     0     0     0     0     0     0     0
3438     0     0     0     0     0     0     0
3442     0     0     0     0     0     0     0
3446     0     0     0     0     0     0     0
3450     0     0     0     0     0     0     0
3454     0     0     0     0     0     0     0
3458     0     0     0     0     0     0     0
3462     0     0     0     0     0     0     0
3466     0     0     0     0     0     0     0
3470     0     0     0     0     0     0     0
3474     0     0     0     0     0     0     0
3478     0     0     0     0     0     0     0
3482     0     0     0     0     0     0     0
3486     0     0     0     0     0     0     0
3490     0     0     0     0     0     0     0
3494     0     0     0     0     0     0     0
3498     0     0     0     0     0     0     0
3502     0     0     0     0     0     0     0
3506     0     0     0     0     0     0     0
3510     0     0     0     0     0     0     0
3514     0     0     0     0     0     0     0
3518     0     0     0     0     0     0     0
3522     0     0     0     0     0     0     0
3526     0     0     0     0     0     0     0
3530     0     0     0     0     0     0     0
3534     0     0     0     0     0     0     0
3538     0     0     0     0     0     0     0
3542     0     0     0     0     0     0     0
3546     0     0     0     0     0     0     0
3550     0     0     0     0     0     0     0
3554     0     0     0     0     0     0     0
3558     0     0     0     0     0     0     0
3562     0     0     0     0     0     0     0
3566     0     0     0     0     0     0     0
3570     0     0     0     0     0     0     0
3574     0     0     0     0     0     0     0
3578     0     0     0     0     0     0     0
3582     0     0     0     0     0     0     0
3586     0     0     0     0     0     0     0
3590     0     0     0     0     0     0     0
3594     0     0     0     0     0     0     0
3598     0     0     0     0     0     0     0
3602     0     0     0     0     0     0     0
3606     0     0     0     0     0     0     0
3610     0     0     0     0     0     0     0
3614     0     0     0     0     0     0     0
3618     0     0     0     0     0     0     0
3622     0     0     0     0     0     0     0
3626     0     0     0     0     0     0     0
3630     0     0     0     0     0     0     0
3634     0     0     0     0     0     0     0
3638     0     0     0     0     0     0     0
3642     0     0     0     0     0     0     0
3646     0     0     0     0     0     0     0
3650     0     0     0     0     0     0     0
3654     0     0     0     0     0     0     0
3658     0     0     0     0     0     0     0
3662     0     0     0     0     0     0     0
3666     0     0     0     0     0     0     0
3670     0     0     0     0     0     0     0
3674     0     0     0     0     0     0     0
3678     0     0     0     0     0     0     0
3682     0     0     0     0     0     0     0
3686     0     0     0     0     0     0     0
3690     0     0     0     0     0     0     0
3694     0     0     0     0     0     0     0
3698     0     0     0     0     0     0     0
3702     0     0     0     0     0     0     0
3706     0     0     0     0     0     0     0
3710     0     0     0     0     0     0     0
3714     0     0     0     0     0     0     0
3718     0     0     0     0     0     0     0
3722     0     0     0     0     0     0     0
3726     0     0     0     0     0     0     0
3730     0     0     0     0     0     0     0
3734     0     0     0     0     0     0     0
3738     0     0     0     0     0     0     0
3742     0     0     0     0     0     0     0
3746     0     0     0     0     0     0     0
3750     0     0     0     0     0     0     0
3754     0     0     0     0     0     0     0
3758     0     0     0     0     0     0     0
3762     0     0     0     0     0     0     0
3766     0     0     0     0     0     0     0
3770     0     0     0     0     0     0     0
3774     0     0     0     0     0     0     0
3778     0     0     0     0     0     0     0
3782     0     0     0     0     0     0     0
3786     0     0     0     0     0     0     0
3790     0     0     0     0     0     0     0
3794     0     0     0     0     0     0     0
3798     0     0     0     0     0     0     0
3802     0     0     0     0     0     0     0
3806     0     0     0     0     0     0     0
3810     0     0     0     0     0     0     0
3814     0     0     0     0     0     0     0
3818     0     0     0     0     0     0     0
3822     0     0     0     0     0     0     0
3826     0     0     0     0     0     0     0
3830     0     0     0     0     0     0     0
3834     0     0     0     0     0     0     0
3838     0     0     0     0     0     0     0
3842     0     0     0     0     0     0     0
3846     0     0     0     0     0     0     0
3850     0     0     0     0     0     0     0
3854     0     0     0     0     0     0     0
3858     0     0     0     0     0     0     0
3862     0     0     0     0     0     0     0
3866     0     0     0     0     0     0     0
3870     0     0     0     0     0     0     0
3874     0     0     0     0     0     0     0
3878     0     0     0     0     0     0     0
3882     0     0     0     0     0     0     0
3886     7.32101e-07     1.85444e-05     1.85439e-05     1.85446e-05     1.93968e-05     2.09302e-05     1.87573e-05
3890     0     0     0     0     0     0     0
3894     0     0     0     0     0     0     0
3898     0     0     0     0     0     0     0
3902     0     0     0     0     0     0     0
3906     0     0     0     0     0     0     0
3910     0     0     0     0     0     0     0
3914     0     0     0     0     0     0     0
3918     0     0     0     0     0     0     0
3922     0     0     0     0     0     0     0
3926     0     0     0     0     0     0     0
3930     0     0     0     0     0     0     0
3934     0     0     0     0     0     0     0
3938     0     0     0     0     0     0     0
3942     0     0     0     0     0     0     0
3946     0     0     0     0     0     0     0
3950     0     0     0     0     0     0     0
3954     0     0     0     0     0     0     0
3958     0     0     0     0     0     0     0
3962     0     0     0     0     0     0     0
3966     0     0     0     0     0     0     0
3970     0     0     0     0     0     0     0
3974     0     0     0     0     0     0     0
3978     0     0     0     0     0     0     0
3982     0     0     0     0     0     0     0
3986     0     0     0     0     0     0     0
3990     0     0     0     0     0     0     0
3994     0     0     0     0     0     0     0
3998     0     0     0     0     0     0     0
