2     0     0     0     0     0     0     0
6     3.97018e-05     1.31921e-07     1.31921e-07     1.31921e-07     1.35654e-07     1.37645e-07     1.34308e-07
10     3.97018e-05     8.09673e-08     8.09673e-08     8.09673e-08     8.32581e-08     8.44802e-08     8.24321e-08
14     3.97018e-05     5.79212e-08     5.79212e-08     5.79212e-08     5.956e-08     6.04342e-08     5.89691e-08
18     0.000158807     1.54916e-07     1.54916e-07     1.54916e-07     1.59299e-07     1.61638e-07     1.57719e-07
22     0.000198509     1.47928e-07     1.47928e-07     1.47928e-07     1.52114e-07     1.54346e-07     1.50605e-07
26     7.94036e-05     4.83927e-08     4.83927e-08     4.83927e-08     4.97619e-08     5.04923e-08     4.92682e-08
30     0.000317614     1.61544e-07     1.61544e-07     1.61544e-07     1.66115e-07     1.68553e-07     1.64467e-07
34     0.00043672     1.89122e-07     1.89122e-07     1.89122e-07     1.94473e-07     1.97327e-07     1.92543e-07
38     0.000238211     9.08364e-08     9.08364e-08     9.08364e-08     9.34064e-08     9.47774e-08     9.24797e-08
42     0.00043672     1.41126e-07     1.41126e-07     1.41126e-07     1.45119e-07     1.47249e-07     1.4368e-07
46     0.000317614     9.33006e-08     9.33006e-08     9.33006e-08     9.59404e-08     9.73486e-08     9.49886e-08
50     0.00043672     1.12636e-07     1.12636e-07     1.12636e-07     1.15823e-07     1.17523e-07     1.14674e-07
54     0.000357316     8.19724e-08     8.19724e-08     8.19724e-08     8.42916e-08     8.55289e-08     8.34554e-08
58     0.000635229     1.33987e-07     1.33987e-07     1.33987e-07     1.37778e-07     1.39801e-07     1.36411e-07
62     0.000794036     1.57758e-07     1.57758e-07     1.57758e-07     1.62222e-07     1.64603e-07     1.60612e-07
66     0.000397018     7.39882e-08     7.39882e-08     7.39882e-08     7.60815e-08     7.71983e-08     7.53267e-08
70     0.000635229     1.12177e-07     1.12177e-07     1.12177e-07     1.1535e-07     1.17043e-07     1.14206e-07
74     0.00131016     2.22713e-07     2.22713e-07     2.22713e-07     2.29014e-07     2.32375e-07     2.26742e-07
78     0.000913141     1.50712e-07     1.50712e-07     1.50712e-07     1.54976e-07     1.57251e-07     1.53439e-07
82     0.00087344     1.40435e-07     1.40435e-07     1.40435e-07     1.44408e-07     1.46528e-07     1.42975e-07
86     0.000794036     1.25668e-07     1.25668e-07     1.25668e-07     1.29224e-07     1.3112e-07     1.27942e-07
90     0.00087344     1.37103e-07     1.37103e-07     1.37103e-07     1.40982e-07     1.43051e-07     1.39583e-07
94     0.00115135     1.80441e-07     1.80441e-07     1.80441e-07     1.85546e-07     1.88269e-07     1.83705e-07
98     0.00123076     1.9363e-07     1.9363e-07     1.9363e-07     1.99108e-07     2.02031e-07     1.97133e-07
102     0.00103225     1.6382e-07     1.6382e-07     1.6382e-07     1.68455e-07     1.70927e-07     1.66783e-07
106     0.000794036     1.27509e-07     1.27509e-07     1.27509e-07     1.31117e-07     1.33042e-07     1.29816e-07
110     0.00123076     2.02148e-07     2.02148e-07     2.02148e-07     2.07868e-07     2.10919e-07     2.05805e-07
114     0.00142926     2.43908e-07     2.43908e-07     2.43908e-07     2.50808e-07     2.5449e-07     2.4832e-07
118     0.00119105     2.14385e-07     2.14385e-07     2.14385e-07     2.20451e-07     2.23687e-07     2.18264e-07
122     0.00134986     2.59498e-07     2.59498e-07     2.59498e-07     2.6684e-07     2.70756e-07     2.64192e-07
126     0.00115135     2.42652e-07     2.42652e-07     2.42652e-07     2.49517e-07     2.5318e-07     2.47042e-07
130     0.00115135     2.76355e-07     2.76355e-07     2.76355e-07     2.84174e-07     2.88345e-07     2.81354e-07
134     0.0021042     5.89093e-07     5.89093e-07     5.89093e-07     6.0576e-07     6.14651e-07     5.9975e-07
138     0.00174688     5.78909e-07     5.78909e-07     5.78909e-07     5.95288e-07     6.04026e-07     5.89382e-07
142     0.00178658     7.6579e-07     7.6579e-07     7.6579e-07     7.87457e-07     7.99015e-07     7.79645e-07
146     0.00186598     1.01937e-06     1.01937e-06     1.01937e-06     1.04821e-06     1.0636e-06     1.03781e-06
150     0.0021439     1.63762e-06     1.63762e-06     1.63762e-06     1.68396e-06     1.70867e-06     1.66725e-06
154     0.00206449     2.28774e-06     2.28774e-06     2.28774e-06     2.35247e-06     2.387e-06     2.32913e-06
158     0.00162777     3.38008e-06     3.38008e-06     3.38008e-06     3.47571e-06     3.52673e-06     3.44123e-06
162     0.00190569     1.12584e-05     1.12584e-05     1.12584e-05     1.15769e-05     1.17469e-05     1.14621e-05
166     0.00162777     1.68363e-05     1.68363e-05     1.68363e-05     1.73126e-05     1.75667e-05     1.71409e-05
170     0.00190569     2.69047e-05     2.69047e-05     2.69047e-05     2.76659e-05     2.8072e-05     2.73915e-05
174     0.00234241     4.09158e-05     4.09158e-05     4.09158e-05     4.20734e-05     4.2691e-05     4.1656e-05
178     0.00258062     5.3492e-05     5.3492e-05     5.3492e-05     5.50055e-05     5.58129e-05     5.44598e-05
182     0.00174688     4.30321e-05     4.30321e-05     4.30321e-05     4.42496e-05     4.48991e-05     4.38106e-05
186     0.00194539     5.82066e-05     5.82066e-05     5.82066e-05     5.98534e-05     6.0732e-05     5.92596e-05
190     0.0021836     7.62046e-05     7.62046e-05     7.62046e-05     7.83607e-05     7.95109e-05     7.75833e-05
194     0.00273942     0.000108769     0.000108769     0.000108769     0.000111846     0.000113488     0.000110737
198     0.00325555     0.000142454     0.000142454     0.000142454     0.000146485     0.000148635     0.000145032
202     0.00353346     0.000167769     0.000167769     0.000167769     0.000172516     0.000175048     0.000170804
206     0.00242181     0.000125848     0.000125848     0.000125848     0.000129409     0.000131308     0.000128125
210     0.00289823     0.000162874     0.000162874     0.000162874     0.000167882     0.000170522     0.000166099
214     0.00285853     0.000172857     0.000172857     0.000172857     0.00017867     0.000181698     0.000176625
218     0.00361286     0.000234174     0.000234174     0.000234174     0.000242074     0.000246189     0.000239295
222     0.00301734     0.000209185     0.000209185     0.000209185     0.000216311     0.000220019     0.000213807
226     0.00325555     0.000239091     0.000239091     0.000239091     0.000247324     0.000251604     0.000244435
230     0.00333495     0.000261386     0.000261386     0.000261386     0.00027046     0.000275172     0.000267277
234     0.00333495     0.000276589     0.000276589     0.000276589     0.000286305     0.000291343     0.000282902
238     0.00341435     0.000299761     0.000299761     0.000299761     0.00031039     0.000315896     0.000306671
242     0.00373197     0.00034619     0.00034619     0.00034619     0.000358577     0.000364989     0.000354247
246     0.00385107     0.000376979     0.000376979     0.000376979     0.000390627     0.000397683     0.000385862
250     0.00424809     0.000437273     0.000437273     0.000437273     0.00045334     0.000461631     0.000447739
254     0.00404958     0.000437302     0.000437302     0.000437302     0.000453588     0.000461975     0.000447922
258     0.00416869     0.000474207     0.000474207     0.000474207     0.000492038     0.000501204     0.000485844
262     0.00408929     0.000487762     0.000487762     0.000487762     0.000506391     0.000515945     0.000499932
266     0.00472451     0.000590221     0.000590221     0.000590221     0.000613048     0.000624738     0.000605145
270     0.00500243     0.000653436     0.000653436     0.000653436     0.000679     0.000692075     0.000670158
274     0.00559795     0.000765064     0.000765064     0.000765064     0.000795586     0.00081117     0.000785048
278     0.0044863     0.000640392     0.000640392     0.000640392     0.000666429     0.000679699     0.000657456
282     0.00535974     0.000796107     0.000796107     0.000796107     0.000828817     0.000845464     0.000817557
286     0.00452601     0.000702911     0.000702911     0.000702911     0.000732327     0.000747259     0.000722223
290     0.00535974     0.000866163     0.000866163     0.000866163     0.000903103     0.000921811     0.00089044
294     0.00563766     0.00094732     0.00094732     0.00094732     0.000988561     0.00100941     0.000974447
298     0.00635229     0.00111031     0.00111031     0.00111031     0.00115978     0.00118475     0.00114288
302     0.00710662     0.00129052     0.00129052     0.00129052     0.00134927     0.00137886     0.00132924
306     0.00567736     0.0010687     0.0010687     0.0010687     0.00111852     0.00114354     0.00110157
310     0.0066302     0.00129654     0.00129654     0.00129654     0.00135833     0.00138929     0.00133735
314     0.00762275     0.0015461     0.0015461     0.0015461     0.00162174     0.00165953     0.00159613
318     0.0067096     0.00140779     0.00140779     0.00140779     0.00147835     0.0015135     0.00145451
322     0.00706692     0.0015341     0.0015341     0.0015341     0.00161398     0.00165362     0.00158708
326     0.00905201     0.00202867     0.00202867     0.00202867     0.00213707     0.00219073     0.00210064
330     0.00869469     0.00201243     0.00201243     0.00201243     0.00212339     0.00217814     0.00208621
334     0.0088535     0.00211402     0.00211402     0.00211402     0.00223616     0.00229609     0.00219542
338     0.00845648     0.00208369     0.00208369     0.00208369     0.00220788     0.00226854     0.00216661
342     0.00984605     0.00250251     0.00250251     0.00250251     0.00265935     0.0027355     0.00260748
346     0.00968724     0.0025476     0.0025476     0.0025476     0.00271568     0.00279708     0.00266022
350     0.0109577     0.00299306     0.00299306     0.00299306     0.003204     0.00330582     0.00313462
354     0.0111562     0.00318754     0.00318754     0.00318754     0.00342423     0.00353833     0.0033465
358     0.0122282     0.0036632     0.0036632     0.0036632     0.0039519     0.00409094     0.0038572
362     0.0107592     0.00337732     0.00337732     0.00337732     0.00365885     0.00379427     0.00356663
366     0.0124267     0.00408218     0.00408218     0.00408218     0.00444398     0.00461767     0.00432568
370     0.0137368     0.00470097     0.00470097     0.00470097     0.00513948     0.0053498     0.00499624
374     0.0130619     0.00467232     0.00467232     0.00467232     0.00513387     0.00535512     0.00498323
378     0.0148882     0.00554741     0.00554741     0.00554741     0.00612257     0.00639824     0.00593491
382     0.0160395     0.00622229     0.00622229     0.00622229     0.00690082     0.00722601     0.00667949
386     0.0169924     0.00684792     0.00684792     0.00684792     0.00763571     0.00801316     0.00737884
390     0.0166748     0.00696191     0.00696191     0.00696191     0.00780501     0.00820886     0.0075302
394     0.0181834     0.00786583     0.00786583     0.00786583     0.00886633     0.0093455     0.00854032
398     0.0177864     0.00795611     0.00795611     0.00795611     0.00902022     0.00952982     0.00867352
402     0.0204067     0.00944024     0.00944024     0.00944024     0.0107633     0.0113971     0.0103321
406     0.0239402     0.0114371     0.0114371     0.0114371     0.01311     0.0139119     0.0125647
410     0.0230667     0.011373     0.011373     0.011373     0.0131098     0.0139426     0.0125434
414     0.0258459     0.0131318     0.0131318     0.0131318     0.0152221     0.0162247     0.0145405
418     0.0265605     0.0139154     0.0139154     0.0139154     0.0162169     0.017321     0.0154661
422     0.0283868     0.0152996     0.0152996     0.0152996     0.017925     0.0191856     0.0170679
426     0.0327937     0.0181875     0.0181875     0.0181875     0.0214081     0.0229567     0.0203556
430     0.0351361     0.020022     0.020022     0.020022     0.0236618     0.0254138     0.0224715
434     0.0370815     0.0217339     0.0217339     0.0217339     0.0257743     0.0277195     0.0244525
438     0.0425206     0.0256461     0.0256461     0.0256461     0.030494     0.0328291     0.0289071
442     0.0456968     0.0283274     0.0283274     0.0283274     0.0337323     0.0363406     0.0319605
446     0.0516123     0.0329327     0.0329327     0.0329327     0.0392282     0.042276     0.0371594
450     0.0592351     0.0388881     0.0388881     0.0388881     0.046291     0.0498858     0.0438528
454     0.0629671     0.0425654     0.0425654     0.0425654     0.0505352     0.0544124     0.047906
458     0.0713441     0.0497791     0.0497791     0.0497791     0.0588468     0.0632617     0.0558526
462     0.0769818     0.0555437     0.0555437     0.0555437     0.0652868     0.0700296     0.0620685
466     0.0871454     0.0652002     0.0652002     0.0652002     0.0760869     0.0813839     0.0724899
470     0.0994927     0.0776034     0.0776034     0.0776034     0.0897191     0.0956158     0.0857127
474     0.109299     0.0891214     0.0891214     0.0891214     0.101947     0.1082     0.0976984
478     0.119264     0.102167     0.102167     0.102167     0.115459     0.12196     0.111042
482     0.130897     0.11852     0.11852     0.11852     0.132137     0.138829     0.127592
486     0.140544     0.135089     0.135089     0.135089     0.148478     0.1551     0.143984
490     0.144594     0.148084     0.148084     0.148084     0.160287     0.166369     0.156163
494     0.150708     0.164487     0.164487     0.164487     0.175245     0.180659     0.171575
498     0.150748     0.174405     0.174405     0.174405     0.182869     0.187196     0.179937
502     0.14642     0.178138     0.178138     0.178138     0.183817     0.186262     0.182328
506     0.137448     0.174078     0.174078     0.174078     0.176772     0.178326     0.175726
510     0.126053     0.16428     0.16428     0.16428     0.164228     0.164441     0.164092
514     0.114381     0.151807     0.151807     0.151807     0.149504     0.148604     0.150122
518     0.101716     0.136411     0.136411     0.136411     0.132376     0.130607     0.133583
522     0.0928228     0.125081     0.125081     0.125081     0.119719     0.117281     0.121378
526     0.0786493     0.106137     0.106137     0.106137     0.100234     0.0975028     0.10209
530     0.0696767     0.0940095     0.0940095     0.0940095     0.0876771     0.0847216     0.0896865
534     0.0622921     0.0839868     0.0839868     0.0839868     0.0773931     0.0743004     0.0794967
538     0.0541533     0.0729905     0.0729905     0.0729905     0.0665026     0.0634515     0.0685798
542     0.0474437     0.063989     0.063989     0.063989     0.0576886     0.0547175     0.0597114
546     0.0458953     0.062017     0.062017     0.062017     0.0553604     0.0522129     0.0575037
550     0.0381137     0.0516764     0.0516764     0.0516764     0.0457012     0.0428683     0.0476303
554     0.0330319     0.0449826     0.0449826     0.0449826     0.0394517     0.0368239     0.0412414
558     0.0308086     0.0421695     0.0421695     0.0421695     0.0366782     0.0340619     0.0384594
562     0.0273942     0.0376642     0.0376642     0.0376642     0.0325114     0.0300483     0.0341873
566     0.0248533     0.0343216     0.0343216     0.0343216     0.029422     0.0270722     0.03102
570     0.0244563     0.0339668     0.0339668     0.0339668     0.0289315     0.0265107     0.0305775
574     0.0202876     0.0283924     0.0283924     0.0283924     0.0240259     0.0219239     0.0254552
578     0.0179055     0.0252749     0.0252749     0.0252749     0.0212641     0.0193325     0.022578
582     0.0171512     0.0244144     0.0244144     0.0244144     0.0204154     0.0184875     0.0217269
586     0.0158013     0.0226765     0.0226765     0.0226765     0.0188673     0.0170285     0.0201182
590     0.0145706     0.0211096     0.0211096     0.0211096     0.017474     0.0157161     0.0186697
594     0.0118708     0.0174084     0.0174084     0.0174084     0.0143426     0.0128576     0.0153525
598     0.0112753     0.0167412     0.0167412     0.0167412     0.0137259     0.0122622     0.0147209
602     0.0109577     0.0164383     0.0164383     0.0164383     0.0134147     0.0119435     0.0144144
606     0.0106798     0.0161588     0.0161588     0.0161588     0.0131365     0.0116623     0.0141379
610     0.00905201     0.0138126     0.0138126     0.0138126     0.0111822     0.00989632     0.0120551
614     0.00921082     0.0142041     0.0142041     0.0142041     0.0114576     0.0101139     0.01237
618     0.00801976     0.0125139     0.0125139     0.0125139     0.0100557     0.00885211     0.0108728
622     0.00694781     0.0109692     0.0109692     0.0109692     0.0087783     0.0077049     0.00950726
626     0.00718603     0.011466     0.011466     0.011466     0.0091522     0.00801744     0.00992282
630     0.00575676     0.00928832     0.00928832     0.00928832     0.00738043     0.00644347     0.00801669
634     0.00587587     0.00957948     0.00957948     0.00957948     0.00759163     0.00661408     0.00825538
638     0.00512153     0.00843469     0.00843469     0.00843469     0.00666086     0.00578716     0.00725387
642     0.00516123     0.00859989     0.00859989     0.00859989     0.00677029     0.00586747     0.0073829
646     0.00563766     0.00951621     0.00951621     0.00951621     0.00746418     0.00644966     0.00815242
650     0.00416869     0.00712051     0.00712051     0.00712051     0.00556752     0.00479876     0.00608897
654     0.00452601     0.00783257     0.00783257     0.00783257     0.00610785     0.00525371     0.00668729
658     0.00424809     0.00743786     0.00743786     0.00743786     0.00577752     0.00495496     0.00633564
662     0.00357316     0.00632754     0.00632754     0.00632754     0.00489916     0.00419068     0.00537978
666     0.00373197     0.00668451     0.00668451     0.00668451     0.00516013     0.00440236     0.00567402
670     0.00345406     0.00625846     0.00625846     0.00625846     0.00482165     0.00410592     0.00530683
674     0.00313644     0.00574275     0.00574275     0.00574275     0.00441014     0.00374532     0.00486063
678     0.00385107     0.00712748     0.00712748     0.00712748     0.005459     0.0046261     0.00602343
682     0.00281883     0.00526999     0.00526999     0.00526999     0.00402867     0.00340871     0.00444888
686     0.00309674     0.0058521     0.0058521     0.0058521     0.00445635     0.00375857     0.00492926
690     0.00273942     0.00522544     0.00522544     0.00522544     0.00396741     0.00333765     0.00439416
694     0.00250121     0.00483059     0.00483059     0.00483059     0.00365641     0.00306726     0.00405548
698     0.00266002     0.00519639     0.00519639     0.00519639     0.00392393     0.00328388     0.00435715
702     0.0022233     0.00438834     0.00438834     0.00438834     0.00330763     0.00276316     0.00367607
706     0.0021836     0.00436204     0.00436204     0.00436204     0.00327964     0.00273357     0.00364909
710     0.0023027     0.00465224     0.00465224     0.00465224     0.00348335     0.00289317     0.00388267
714     0.00190569     0.00390025     0.00390025     0.00390025     0.00291463     0.00241648     0.00325162
718     0.00174688     0.0036194     0.0036194     0.0036194     0.002696     0.00222872     0.00301206
722     0.00186598     0.0039067     0.0039067     0.0039067     0.00289968     0.00238908     0.00324492
726     0.00182628     0.00386249     0.00386249     0.00386249     0.00285878     0.00234859     0.00320352
730     0.00206449     0.00440806     0.00440806     0.00440806     0.0032588     0.00267348     0.0036542
734     0.00131016     0.00282588     0.00282588     0.00282588     0.00208295     0.00170404     0.00233883
738     0.00194539     0.00424605     0.00424605     0.00424605     0.00312099     0.00254653     0.00350884
742     0.00123076     0.00272164     0.00272164     0.00272164     0.00199285     0.0016201     0.00224448
746     0.00134986     0.0030181     0.0030181     0.0030181     0.00220687     0.00179118     0.00248738
750     0.00138956     0.0031446     0.0031446     0.0031446     0.00229259     0.00185505     0.00258766
754     0.000952843     0.00217915     0.00217915     0.00217915     0.00158305     0.00127651     0.0017897
758     0.00103225     0.00238188     0.00238188     0.00238188     0.001728     0.0013915     0.00195488
762     0.00146897     0.00342714     0.00342714     0.00342714     0.00247839     0.00198931     0.002808
766     0.00162777     0.00383677     0.00383677     0.00383677     0.00277073     0.0022202     0.00314166
770     0.000992545     0.00236931     0.00236931     0.00236931     0.00170439     0.00136028     0.00193613
774     0.00146897     0.00354625     0.00354625     0.00354625     0.00254286     0.00202271     0.00289298
778     0.000992545     0.00242095     0.00242095     0.00242095     0.00173196     0.00137422     0.00197267
782     0.00119105     0.0029402     0.0029402     0.0029402     0.00209848     0.00166043     0.00239312
786     0.00087344     0.00217844     0.00217844     0.00217844     0.00154954     0.00122136     0.00177012
790     0.000952843     0.00240076     0.00240076     0.00240076     0.00170235     0.00133706     0.00194771
794     0.000754334     0.00191635     0.00191635     0.00191635     0.00135772     0.0010651     0.0015542
798     0.00115135     0.00295566     0.00295566     0.00295566     0.00208745     0.00163208     0.00239315
802     0.00103225     0.00268411     0.00268411     0.00268411     0.00189113     0.00147453     0.00217071
806     0.000595527     0.00156411     0.00156411     0.00156411     0.00109888     0.000854031     0.00126312
810     0.00087344     0.00232378     0.00232378     0.00232378     0.0016285     0.0012616     0.00187442
814     0.000674931     0.00181542     0.00181542     0.00181542     0.0012675     0.000977669     0.00146168
818     0.000754334     0.00205077     0.00205077     0.00205077     0.00143022     0.00110134     0.00165043
822     0.000952843     0.00261553     0.00261553     0.00261553     0.00182045     0.00139907     0.00210264
826     0.000635229     0.00176208     0.00176208     0.00176208     0.00122239     0.00093651     0.00141394
830     0.000357316     0.00100215     0.00100215     0.00100215     0.000692329     0.000527832     0.00080249
834     0.000833738     0.00236142     0.00236142     0.00236142     0.0016271     0.0012351     0.00188914
838     0.000754334     0.00216089     0.00216089     0.00216089     0.00148669     0.00112444     0.00172832
842     0.000635229     0.00183562     0.00183562     0.00183562     0.00125744     0.000946096     0.00146495
846     0.000397018     0.00116263     0.00116263     0.00116263     0.000794644     0.000596821     0.000926613
850     0.000635229     0.00187387     0.00187387     0.00187387     0.00128071     0.000962199     0.00149334
854     0.000555825     0.00166061     0.00166061     0.00166061     0.00112909     0.000842974     0.00131996
858     0.000555825     0.00167649     0.00167649     0.00167649     0.00114131     0.000852091     0.00133399
862     0.000277913     0.000849261     0.000849261     0.000849261     0.000573451     0.0004236     0.000673115
866     0.000555825     0.00171374     0.00171374     0.00171374     0.00115865     0.000856316     0.0013596
870     0.000674931     0.00210179     0.00210179     0.00210179     0.001414     0.00103835     0.00166344
874     0.000516123     0.00162443     0.00162443     0.00162443     0.0010908     0.000798523     0.00128473
878     0.000238211     0.000755525     0.000755525     0.000755525     0.000507558     0.000371477     0.000597808
882     0.000317614     0.00101919     0.00101919     0.00101919     0.000680089     0.000493773     0.000803632
886     0.00043672     0.00141731     0.00141731     0.00141731     0.00094319     0.000682481     0.00111605
890     0.000913141     0.00299209     0.00299209     0.00299209     0.00198859     0.00143539     0.00235511
894     0.000238211     0.000787893     0.000787893     0.000787893     0.000520676     0.000372638     0.000618591
898     0.000397018     0.00132847     0.00132847     0.00132847     0.000879126     0.000628622     0.00104445
902     0.000277913     0.000940815     0.000940815     0.000940815     0.000620379     0.000441256     0.000738498
906     0.000238211     0.000812452     0.000812452     0.000812452     0.000534855     0.000379686     0.000637196
910     0.000317614     0.00109626     0.00109626     0.00109626     0.000719537     0.000508986     0.000858446
914     0.000555825     0.00193928     0.00193928     0.00193928     0.00127001     0.000894996     0.00151723
918     0.000277913     0.000979859     0.000979859     0.000979859     0.000637907     0.000445498     0.000764573
922     0.000397018     0.00141349     0.00141349     0.00141349     0.000919884     0.000641164     0.00110316
926     0.000158807     0.000571345     0.000571345     0.000571345     0.000371344     0.00025802     0.000445782
930     0.000516123     0.00187655     0.00187655     0.00187655     0.00121304     0.000836098     0.00146045
934     0.000238211     0.00087739     0.00087739     0.00087739     0.000564455     0.000386184     0.000681368
938     0.000158807     0.000590416     0.000590416     0.000590416     0.000379867     0.000259663     0.000458641
942     0.000238211     0.000892944     0.000892944     0.000892944     0.000572584     0.000389473     0.00069256
946     0.000357316     0.00135444     0.00135444     0.00135444     0.000865737     0.000585989     0.00104896
950     0.000317614     0.00121471     0.00121471     0.00121471     0.000776238     0.000524794     0.000940844
954     0.000198509     0.000767299     0.000767299     0.000767299     0.000488305     0.000327598     0.000593338
958     0.000238211     0.000929518     0.000929518     0.000929518     0.000588526     0.000391256     0.000717281
962     0.000277913     0.00109673     0.00109673     0.00109673     0.00069434     0.000460446     0.000846734
966     0.000158807     0.00063309     0.00063309     0.00063309     0.00039979     0.000263699     0.000488362
970     0.000238211     0.000958109     0.000958109     0.000958109     0.000604311     0.000397313     0.000738876
974     0.000198509     0.000807229     0.000807229     0.000807229     0.00050888     0.000333777     0.000622605
978     0.000198509     0.000815111     0.000815111     0.000815111     0.000511541     0.000332805     0.000627505
982     0.000119105     0.000496087     0.000496087     0.000496087     0.000309802     0.000199719     0.000381127
986     0.000277913     0.00116416     0.00116416     0.00116416     0.000726977     0.00046824     0.000894574
990     0.000119105     0.000503596     0.000503596     0.000503596     0.000313147     0.000200185     0.000386259
994     0.000357316     0.00152916     0.00152916     0.00152916     0.000949856     0.000605553     0.00117258
998     0.000119105     0.000513042     0.000513042     0.000513042     0.000317946     0.000201825     0.00039302
1002     0.000158807     0.000693443     0.000693443     0.000693443     0.000713063     0.000723529     0.000705988
1006     7.94036e-05     0.000350261     0.000350261     0.000350261     0.000360171     0.000365458     0.000356598
1010     0.000119105     0.000530299     0.000530299     0.000530299     0.000545303     0.000553307     0.000539893
1014     0.000238211     0.00107615     0.00107615     0.00107615     0.0011066     0.00112284     0.00109562
1018     0.000317614     0.00144651     0.00144651     0.00144651     0.00148743     0.00150927     0.00147268
1022     0.000158807     0.000733161     0.000733161     0.000733161     0.000753904     0.00076497     0.000746425
1026     7.94036e-05     0.00036944     0.00036944     0.00036944     0.000379893     0.000385469     0.000376124
1030     0.000277913     0.00130489     0.00130489     0.00130489     0.00134181     0.0013615     0.00132849
1034     7.94036e-05     0.000377399     0.000377399     0.000377399     0.000388076     0.000393773     0.000384226
1038     0.000198509     0.000952052     0.000952052     0.000952052     0.000978989     0.000993358     0.000969276
1042     0     0     0     0     0     0     0
1046     0.000119105     0.000583769     0.000583769     0.000583769     0.000600286     0.000609097     0.000594331
1050     0.000119105     0.000589548     0.000589548     0.000589548     0.000606229     0.000615127     0.000600214
1054     0     0     0     0     0     0     0
1058     0.000277913     0.00140569     0.00140569     0.00140569     0.00144546     0.00146668     0.00143112
1062     0.000277913     0.00141897     0.00141897     0.00141897     0.00145911     0.00148053     0.00144464
1066     7.94036e-05     0.000409475     0.000409475     0.000409475     0.00042106     0.000427241     0.000416883
1070     0.000158807     0.00083092     0.00083092     0.00083092     0.000854429     0.000866971     0.000845953
1074     0.000119105     0.000630716     0.000630716     0.000630716     0.000648561     0.000658081     0.000642127
1078     7.94036e-05     0.000424166     0.000424166     0.000424166     0.000436167     0.000442569     0.00043184
1082     0.000119105     0.000641548     0.000641548     0.000641548     0.0006597     0.000669383     0.000653155
1086     0.000158807     0.000866986     0.000866986     0.000866986     0.000891516     0.000904602     0.000882671
1090     7.94036e-05     0.000436872     0.000436872     0.000436872     0.000449233     0.000455827     0.000444776
1094     7.94036e-05     0.00043972     0.00043972     0.00043972     0.000452161     0.000458798     0.000447675
1098     0.000277913     0.00156203     0.00156203     0.00156203     0.00160622     0.0016298     0.00159029
1102     7.94036e-05     0.000450071     0.000450071     0.000450071     0.000462805     0.000469598     0.000458213
1106     0     0     0     0     0     0     0
1110     7.94036e-05     0.000459687     0.000459687     0.000459687     0.000472693     0.000479631     0.000468003
1114     0.000119105     0.000695598     0.000695598     0.000695598     0.000715278     0.000725777     0.000708182
1118     0.000119105     0.00070463     0.00070463     0.00070463     0.000724566     0.000735202     0.000717378
1122     0     0     0     0     0     0     0
1126     7.94036e-05     0.000478543     0.000478543     0.000478543     0.000492082     0.000499305     0.000487201
1130     0.000119105     0.000726435     0.000726435     0.000726435     0.000746988     0.000757952     0.000739577
1134     0.000198509     0.00122364     0.00122364     0.00122364     0.00125826     0.00127673     0.00124578
1138     3.97018e-05     0.000245903     0.000245903     0.000245903     0.00025286     0.000256572     0.000250352
1142     0.000119105     0.000747779     0.000747779     0.000747779     0.000768936     0.000780223     0.000761308
1146     7.94036e-05     0.000503629     0.000503629     0.000503629     0.000517878     0.00052548     0.000512741
1150     0.000119105     0.000763844     0.000763844     0.000763844     0.000785455     0.000796984     0.000777663
1154     0     0     0     0     0     0     0
1158     0.000158807     0.00103916     0.00103916     0.00103916     0.00106856     0.00108425     0.00105796
1162     0.000238211     0.00157056     0.00157056     0.00157056     0.001615     0.0016387     0.00159897
1166     0     0     0     0     0     0     0
1170     0     0     0     0     0     0     0
1174     0.000158807     0.00107786     0.00107786     0.00107786     0.00110836     0.00112463     0.00109736
1178     7.94036e-05     0.000545213     0.000545213     0.000545213     0.000560639     0.000568868     0.000555077
1182     0     0     0     0     0     0     0
1186     0     0     0     0     0     0     0
1190     0     0     0     0     0     0     0
1194     0     0     0     0     0     0     0
1198     0     0     0     0     0     0     0
1202     0     0     0     0     0     0     0
1206     0     0     0     0     0     0     0
1210     0     0     0     0     0     0     0
1214     0     0     0     0     0     0     0
1218     0     0     0     0     0     0     0
1222     0     0     0     0     0     0     0
1226     0     0     0     0     0     0     0
1230     0     0     0     0     0     0     0
1234     0     0     0     0     0     0     0
1238     0     0     0     0     0     0     0
1242     0     0     0     0     0     0     0
1246     0     0     0     0     0     0     0
1250     0     0     0     0     0     0     0
1254     0     0     0     0     0     0     0
1258     0     0     0     0     0     0     0
1262     0     0     0     0     0     0     0
1266     0     0     0     0     0     0     0
1270     0     0     0     0     0     0     0
1274     0     0     0     0     0     0     0
1278     0     0     0     0     0     0     0
1282     0     0     0     0     0     0     0
1286     0     0     0     0     0     0     0
1290     0     0     0     0     0     0     0
1294     0     0     0     0     0     0     0
1298     0     0     0     0     0     0     0
1302     0     0     0     0     0     0     0
1306     0     0     0     0     0     0     0
1310     0     0     0     0     0     0     0
1314     0     0     0     0     0     0     0
1318     0     0     0     0     0     0     0
1322     0     0     0     0     0     0     0
1326     0     0     0     0     0     0     0
1330     0     0     0     0     0     0     0
1334     0     0     0     0     0     0     0
1338     0     0     0     0     0     0     0
1342     0     0     0     0     0     0     0
1346     0     0     0     0     0     0     0
1350     0     0     0     0     0     0     0
1354     0     0     0     0     0     0     0
1358     0     0     0     0     0     0     0
1362     0     0     0     0     0     0     0
1366     0     0     0     0     0     0     0
1370     0     0     0     0     0     0     0
1374     0     0     0     0     0     0     0
1378     0     0     0     0     0     0     0
1382     0     0     0     0     0     0     0
1386     0     0     0     0     0     0     0
1390     0     0     0     0     0     0     0
1394     0     0     0     0     0     0     0
1398     0     0     0     0     0     0     0
1402     0     0     0     0     0     0     0
1406     0     0     0     0     0     0     0
1410     0     0     0     0     0     0     0
1414     0     0     0     0     0     0     0
1418     0     0     0     0     0     0     0
1422     0     0     0     0     0     0     0
1426     0     0     0     0     0     0     0
1430     0     0     0     0     0     0     0
1434     0     0     0     0     0     0     0
1438     0     0     0     0     0     0     0
1442     0     0     0     0     0     0     0
1446     0     0     0     0     0     0     0
1450     0     0     0     0     0     0     0
1454     0     0     0     0     0     0     0
1458     0     0     0     0     0     0     0
1462     0     0     0     0     0     0     0
1466     0     0     0     0     0     0     0
1470     0     0     0     0     0     0     0
1474     0     0     0     0     0     0     0
1478     0     0     0     0     0     0     0
1482     0     0     0     0     0     0     0
1486     0     0     0     0     0     0     0
1490     0     0     0     0     0     0     0
1494     0     0     0     0     0     0     0
1498     0     0     0     0     0     0     0
1502     0     0     0     0     0     0     0
1506     0     0     0     0     0     0     0
1510     0     0     0     0     0     0     0
1514     0     0     0     0     0     0     0
1518     0     0     0     0     0     0     0
1522     0     0     0     0     0     0     0
1526     0     0     0     0     0     0     0
1530     0     0     0     0     0     0     0
1534     0     0     0     0     0     0     0
1538     0     0     0     0     0     0     0
1542     0     0     0     0     0     0     0
1546     0     0     0     0     0     0     0
1550     0     0     0     0     0     0     0
1554     0     0     0     0     0     0     0
1558     0     0     0     0     0     0     0
1562     0     0     0     0     0     0     0
1566     0     0     0     0     0     0     0
1570     0     0     0     0     0     0     0
1574     0     0     0     0     0     0     0
1578     0     0     0     0     0     0     0
1582     0     0     0     0     0     0     0
1586     0     0     0     0     0     0     0
1590     0     0     0     0     0     0     0
1594     0     0     0     0     0     0     0
1598     0     0     0     0     0     0     0
1602     0     0     0     0     0     0     0
1606     0     0     0     0     0     0     0
1610     0     0     0     0     0     0     0
1614     0     0     0     0     0     0     0
1618     0     0     0     0     0     0     0
1622     0     0     0     0     0     0     0
1626     0     0     0     0     0     0     0
1630     0     0     0     0     0     0     0
1634     0     0     0     0     0     0     0
1638     0     0     0     0     0     0     0
1642     0     0     0     0     0     0     0
1646     0     0     0     0     0     0     0
1650     0     0     0     0     0     0     0
1654     0     0     0     0     0     0     0
1658     0     0     0     0     0     0     0
1662     0     0     0     0     0     0     0
1666     0     0     0     0     0     0     0
1670     0     0     0     0     0     0     0
1674     0     0     0     0     0     0     0
1678     0     0     0     0     0     0     0
1682     0     0     0     0     0     0     0
1686     0     0     0     0     0     0     0
1690     0     0     0     0     0     0     0
1694     0     0     0     0     0     0     0
1698     0     0     0     0     0     0     0
1702     0     0     0     0     0     0     0
1706     0     0     0     0     0     0     0
1710     0     0     0     0     0     0     0
1714     0     0     0     0     0     0     0
1718     0     0     0     0     0     0     0
1722     0     0     0     0     0     0     0
1726     0     0     0     0     0     0     0
1730     0     0     0     0     0     0     0
1734     0     0     0     0     0     0     0
1738     0     0     0     0     0     0     0
1742     0     0     0     0     0     0     0
1746     0     0     0     0     0     0     0
1750     0     0     0     0     0     0     0
1754     0     0     0     0     0     0     0
1758     0     0     0     0     0     0     0
1762     0     0     0     0     0     0     0
1766     0     0     0     0     0     0     0
1770     0     0     0     0     0     0     0
1774     0     0     0     0     0     0     0
1778     0     0     0     0     0     0     0
1782     0     0     0     0     0     0     0
1786     0     0     0     0     0     0     0
1790     0     0     0     0     0     0     0
1794     0     0     0     0     0     0     0
1798     0     0     0     0     0     0     0
1802     0     0     0     0     0     0     0
1806     0     0     0     0     0     0     0
1810     0     0     0     0     0     0     0
1814     0     0     0     0     0     0     0
1818     0     0     0     0     0     0     0
1822     0     0     0     0     0     0     0
1826     0     0     0     0     0     0     0
1830     0     0     0     0     0     0     0
1834     0     0     0     0     0     0     0
1838     0     0     0     0     0     0     0
1842     0     0     0     0     0     0     0
1846     0     0     0     0     0     0     0
1850     0     0     0     0     0     0     0
1854     0     0     0     0     0     0     0
1858     0     0     0     0     0     0     0
1862     0     0     0     0     0     0     0
1866     0     0     0     0     0     0     0
1870     0     0     0     0     0     0     0
1874     0     0     0     0     0     0     0
1878     0     0     0     0     0     0     0
1882     0     0     0     0     0     0     0
1886     0     0     0     0     0     0     0
1890     0     0     0     0     0     0     0
1894     0     0     0     0     0     0     0
1898     0     0     0     0     0     0     0
1902     0     0     0     0     0     0     0
1906     0     0     0     0     0     0     0
1910     0     0     0     0     0     0     0
1914     0     0     0     0     0     0     0
1918     0     0     0     0     0     0     0
1922     0     0     0     0     0     0     0
1926     0     0     0     0     0     0     0
1930     0     0     0     0     0     0     0
1934     0     0     0     0     0     0     0
1938     0     0     0     0     0     0     0
1942     0     0     0     0     0     0     0
1946     0     0     0     0     0     0     0
1950     0     0     0     0     0     0     0
1954     0     0     0     0     0     0     0
1958     0     0     0     0     0     0     0
1962     0     0     0     0     0     0     0
1966     0     0     0     0     0     0     0
1970     0     0     0     0     0     0     0
1974     0     0     0     0     0     0     0
1978     0     0     0     0     0     0     0
1982     0     0     0     0     0     0     0
1986     0     0     0     0     0     0     0
1990     0     0     0     0     0     0     0
1994     0     0     0     0     0     0     0
1998     0     0     0     0     0     0     0
2002     0     0     0     0     0     0     0
2006     0     0     0     0     0     0     0
2010     0     0     0     0     0     0     0
2014     0     0     0     0     0     0     0
2018     0     0     0     0     0     0     0
2022     0     0     0     0     0     0     0
2026     0     0     0     0     0     0     0
2030     0     0     0     0     0     0     0
2034     0     0     0     0     0     0     0
2038     0     0     0     0     0     0     0
2042     0     0     0     0     0     0     0
2046     0     0     0     0     0     0     0
2050     0     0     0     0     0     0     0
2054     0     0     0     0     0     0     0
2058     0     0     0     0     0     0     0
2062     0     0     0     0     0     0     0
2066     0     0     0     0     0     0     0
2070     0     0     0     0     0     0     0
2074     0     0     0     0     0     0     0
2078     0     0     0     0     0     0     0
2082     0     0     0     0     0     0     0
2086     0     0     0     0     0     0     0
2090     0     0     0     0     0     0     0
2094     0     0     0     0     0     0     0
2098     0     0     0     0     0     0     0
2102     0     0     0     0     0     0     0
2106     0     0     0     0     0     0     0
2110     0     0     0     0     0     0     0
2114     0     0     0     0     0     0     0
2118     0     0     0     0     0     0     0
2122     0     0     0     0     0     0     0
2126     0     0     0     0     0     0     0
2130     0     0     0     0     0     0     0
2134     0     0     0     0     0     0     0
2138     0     0     0     0     0     0     0
2142     0     0     0     0     0     0     0
2146     0     0     0     0     0     0     0
2150     0     0     0     0     0     0     0
2154     0     0     0     0     0     0     0
2158     0     0     0     0     0     0     0
2162     0     0     0     0     0     0     0
2166     0     0     0     0     0     0     0
2170     0     0     0     0     0     0     0
2174     0     0     0     0     0     0     0
2178     0     0     0     0     0     0     0
2182     0     0     0     0     0     0     0
2186     0     0     0     0     0     0     0
2190     0     0     0     0     0     0     0
2194     0     0     0     0     0     0     0
2198     0     0     0     0     0     0     0
2202     0     0     0     0     0     0     0
2206     0     0     0     0     0     0     0
2210     0     0     0     0     0     0     0
2214     0     0     0     0     0     0     0
2218     0     0     0     0     0     0     0
2222     0     0     0     0     0     0     0
2226     0     0     0     0     0     0     0
2230     0     0     0     0     0     0     0
2234     0     0     0     0     0     0     0
2238     0     0     0     0     0     0     0
2242     0     0     0     0     0     0     0
2246     0     0     0     0     0     0     0
2250     0     0     0     0     0     0     0
2254     0     0     0     0     0     0     0
2258     0     0     0     0     0     0     0
2262     0     0     0     0     0     0     0
2266     0     0     0     0     0     0     0
2270     0     0     0     0     0     0     0
2274     0     0     0     0     0     0     0
2278     0     0     0     0     0     0     0
2282     0     0     0     0     0     0     0
2286     0     0     0     0     0     0     0
2290     0     0     0     0     0     0     0
2294     0     0     0     0     0     0     0
2298     0     0     0     0     0     0     0
2302     0     0     0     0     0     0     0
2306     0     0     0     0     0     0     0
2310     0     0     0     0     0     0     0
2314     0     0     0     0     0     0     0
2318     0     0     0     0     0     0     0
2322     0     0     0     0     0     0     0
2326     0     0     0     0     0     0     0
2330     0     0     0     0     0     0     0
2334     0     0     0     0     0     0     0
2338     0     0     0     0     0     0     0
2342     0     0     0     0     0     0     0
2346     0     0     0     0     0     0     0
2350     0     0     0     0     0     0     0
2354     0     0     0     0     0     0     0
2358     0     0     0     0     0     0     0
2362     0     0     0     0     0     0     0
2366     0     0     0     0     0     0     0
2370     0     0     0     0     0     0     0
2374     0     0     0     0     0     0     0
2378     0     0     0     0     0     0     0
2382     0     0     0     0     0     0     0
2386     0     0     0     0     0     0     0
2390     0     0     0     0     0     0     0
2394     0     0     0     0     0     0     0
2398     0     0     0     0     0     0     0
2402     0     0     0     0     0     0     0
2406     0     0     0     0     0     0     0
2410     0     0     0     0     0     0     0
2414     0     0     0     0     0     0     0
2418     0     0     0     0     0     0     0
2422     0     0     0     0     0     0     0
2426     0     0     0     0     0     0     0
2430     0     0     0     0     0     0     0
2434     0     0     0     0     0     0     0
2438     0     0     0     0     0     0     0
2442     0     0     0     0     0     0     0
2446     0     0     0     0     0     0     0
2450     0     0     0     0     0     0     0
2454     0     0     0     0     0     0     0
2458     0     0     0     0     0     0     0
2462     0     0     0     0     0     0     0
2466     0     0     0     0     0     0     0
2470     0     0     0     0     0     0     0
2474     0     0     0     0     0     0     0
2478     0     0     0     0     0     0     0
2482     0     0     0     0     0     0     0
2486     0     0     0     0     0     0     0
2490     0     0     0     0     0     0     0
2494     0     0     0     0     0     0     0
2498     0     0     0     0     0     0     0
2502     0     0     0     0     0     0     0
2506     0     0     0     0     0     0     0
2510     0     0     0     0     0     0     0
2514     0     0     0     0     0     0     0
2518     0     0     0     0     0     0     0
2522     0     0     0     0     0     0     0
2526     0     0     0     0     0     0     0
2530     0     0     0     0     0     0     0
2534     0     0     0     0     0     0     0
2538     0     0     0     0     0     0     0
2542     0     0     0     0     0     0     0
2546     0     0     0     0     0     0     0
2550     0     0     0     0     0     0     0
2554     0     0     0     0     0     0     0
2558     0     0     0     0     0     0     0
2562     0     0     0     0     0     0     0
2566     0     0     0     0     0     0     0
2570     0     0     0     0     0     0     0
2574     0     0     0     0     0     0     0
2578     0     0     0     0     0     0     0
2582     0     0     0     0     0     0     0
2586     0     0     0     0     0     0     0
2590     0     0     0     0     0     0     0
2594     0     0     0     0     0     0     0
2598     0     0     0     0     0     0     0
2602     0     0     0     0     0     0     0
2606     0     0     0     0     0     0     0
2610     0     0     0     0     0     0     0
2614     0     0     0     0     0     0     0
2618     0     0     0     0     0     0     0
2622     0     0     0     0     0     0     0
2626     0     0     0     0     0     0     0
2630     0     0     0     0     0     0     0
2634     0     0     0     0     0     0     0
2638     0     0     0     0     0     0     0
2642     0     0     0     0     0     0     0
2646     0     0     0     0     0     0     0
2650     0     0     0     0     0     0     0
2654     0     0     0     0     0     0     0
2658     0     0     0     0     0     0     0
2662     0     0     0     0     0     0     0
2666     0     0     0     0     0     0     0
2670     0     0     0     0     0     0     0
2674     0     0     0     0     0     0     0
2678     0     0     0     0     0     0     0
2682     0     0     0     0     0     0     0
2686     0     0     0     0     0     0     0
2690     0     0     0     0     0     0     0
2694     0     0     0     0     0     0     0
2698     0     0     0     0     0     0     0
2702     0     0     0     0     0     0     0
2706     0     0     0     0     0     0     0
2710     0     0     0     0     0     0     0
2714     0     0     0     0     0     0     0
2718     0     0     0     0     0     0     0
2722     0     0     0     0     0     0     0
2726     0     0     0     0     0     0     0
2730     0     0     0     0     0     0     0
2734     0     0     0     0     0     0     0
2738     0     0     0     0     0     0     0
2742     0     0     0     0     0     0     0
2746     0     0     0     0     0     0     0
2750     0     0     0     0     0     0     0
2754     0     0     0     0     0     0     0
2758     0     0     0     0     0     0     0
2762     0     0     0     0     0     0     0
2766     0     0     0     0     0     0     0
2770     0     0     0     0     0     0     0
2774     0     0     0     0     0     0     0
2778     0     0     0     0     0     0     0
2782     0     0     0     0     0     0     0
2786     0     0     0     0     0     0     0
2790     0     0     0     0     0     0     0
2794     0     0     0     0     0     0     0
2798     0     0     0     0     0     0     0
2802     0     0     0     0     0     0     0
2806     0     0     0     0     0     0     0
2810     0     0     0     0     0     0     0
2814     0     0     0     0     0     0     0
2818     0     0     0     0     0     0     0
2822     0     0     0     0     0     0     0
2826     0     0     0     0     0     0     0
2830     0     0     0     0     0     0     0
2834     0     0     0     0     0     0     0
2838     0     0     0     0     0     0     0
2842     0     0     0     0     0     0     0
2846     0     0     0     0     0     0     0
2850     0     0     0     0     0     0     0
2854     0     0     0     0     0     0     0
2858     0     0     0     0     0     0     0
2862     0     0     0     0     0     0     0
2866     0     0     0     0     0     0     0
2870     0     0     0     0     0     0     0
2874     0     0     0     0     0     0     0
2878     0     0     0     0     0     0     0
2882     0     0     0     0     0     0     0
2886     0     0     0     0     0     0     0
2890     0     0     0     0     0     0     0
2894     0     0     0     0     0     0     0
2898     0     0     0     0     0     0     0
2902     0     0     0     0     0     0     0
2906     0     0     0     0     0     0     0
2910     0     0     0     0     0     0     0
2914     0     0     0     0     0     0     0
2918     0     0     0     0     0     0     0
2922     0     0     0     0     0     0     0
2926     0     0     0     0     0     0     0
2930     0     0     0     0     0     0     0
2934     0     0     0     0     0     0     0
2938     0     0     0     0     0     0     0
2942     0     0     0     0     0     0     0
2946     0     0     0     0     0     0     0
2950     0     0     0     0     0     0     0
2954     0     0     0     0     0     0     0
2958     0     0     0     0     0     0     0
2962     0     0     0     0     0     0     0
2966     0     0     0     0     0     0     0
2970     0     0     0     0     0     0     0
2974     0     0     0     0     0     0     0
2978     0     0     0     0     0     0     0
2982     0     0     0     0     0     0     0
2986     0     0     0     0     0     0     0
2990     0     0     0     0     0     0     0
2994     0     0     0     0     0     0     0
2998     0     0     0     0     0     0     0
3002     0     0     0     0     0     0     0
3006     0     0     0     0     0     0     0
3010     0     0     0     0     0     0     0
3014     0     0     0     0     0     0     0
3018     0     0     0     0     0     0     0
3022     0     0     0     0     0     0     0
3026     0     0     0     0     0     0     0
3030     0     0     0     0     0     0     0
3034     0     0     0     0     0     0     0
3038     0     0     0     0     0     0     0
3042     0     0     0     0     0     0     0
3046     0     0     0     0     0     0     0
3050     0     0     0     0     0     0     0
3054     0     0     0     0     0     0     0
3058     0     0     0     0     0     0     0
3062     0     0     0     0     0     0     0
3066     0     0     0     0     0     0     0
3070     0     0     0     0     0     0     0
3074     0     0     0     0     0     0     0
3078     0     0     0     0     0     0     0
3082     0     0     0     0     0     0     0
3086     0     0     0     0     0     0     0
3090     0     0     0     0     0     0     0
3094     0     0     0     0     0     0     0
3098     0     0     0     0     0     0     0
3102     0     0     0     0     0     0     0
3106     0     0     0     0     0     0     0
3110     0     0     0     0     0     0     0
3114     0     0     0     0     0     0     0
3118     0     0     0     0     0     0     0
3122     0     0     0     0     0     0     0
3126     0     0     0     0     0     0     0
3130     0     0     0     0     0     0     0
3134     0     0     0     0     0     0     0
3138     0     0     0     0     0     0     0
3142     0     0     0     0     0     0     0
3146     0     0     0     0     0     0     0
3150     0     0     0     0     0     0     0
3154     0     0     0     0     0     0     0
3158     0     0     0     0     0     0     0
3162     0     0     0     0     0     0     0
3166     0     0     0     0     0     0     0
3170     0     0     0     0     0     0     0
3174     0     0     0     0     0     0     0
3178     0     0     0     0     0     0     0
3182     0     0     0     0     0     0     0
3186     0     0     0     0     0     0     0
3190     0     0     0     0     0     0     0
3194     0     0     0     0     0     0     0
3198     0     0     0     0     0     0     0
3202     0     0     0     0     0     0     0
3206     0     0     0     0     0     0     0
3210     0     0     0     0     0     0     0
3214     0     0     0     0     0     0     0
3218     0     0     0     0     0     0     0
3222     0     0     0     0     0     0     0
3226     0     0     0     0     0     0     0
3230     0     0     0     0     0     0     0
3234     0     0     0     0     0     0     0
3238     0     0     0     0     0     0     0
3242     0     0     0     0     0     0     0
3246     0     0     0     0     0     0     0
3250     0     0     0     0     0     0     0
3254     0     0     0     0     0     0     0
3258     0     0     0     0     0     0     0
3262     0     0     0     0     0     0     0
3266     0     0     0     0     0     0     0
3270     0     0     0     0     0     0     0
3274     0     0     0     0     0     0     0
3278     0     0     0     0     0     0     0
3282     0     0     0     0     0     0     0
3286     0     0     0     0     0     0     0
3290     0     0     0     0     0     0     0
3294     0     0     0     0     0     0     0
3298     0     0     0     0     0     0     0
3302     0     0     0     0     0     0     0
3306     0     0     0     0     0     0     0
3310     0     0     0     0     0     0     0
3314     0     0     0     0     0     0     0
3318     0     0     0     0     0     0     0
3322     0     0     0     0     0     0     0
3326     0     0     0     0     0     0     0
3330     0     0     0     0     0     0     0
3334     0     0     0     0     0     0     0
3338     0     0     0     0     0     0     0
3342     0     0     0     0     0     0     0
3346     0     0     0     0     0     0     0
3350     0     0     0     0     0     0     0
3354     0     0     0     0     0     0     0
3358     0     0     0     0     0     0     0
3362     0     0     0     0     0     0     0
3366     0     0     0     0     0     0     0
3370     0     0     0     0     0     0     0
3374     0     0     0     0     0     0     0
3378     0     0     0     0     0     0     0
3382     0     0     0     0     0     0     0
3386     0     0     0     0     0     0     0
3390     0     0     0     0     0     0     0
3394     0     0     0     0     0     0     0
3398     0     0     0     0     0     0     0
3402     0     0     0     0     0     0     0
3406     0     0     0     0     0     0     0
3410     0     0     0     0     0     0     0
3414     0     0     0     0     0     0     0
3418     0     0     0     0     0     0     0
3422     0     0     0     0     0     0     0
3426     0     0     0     0     0     0     0
3430     0     0     0     0     0     0     0
3434     0     0     0     0     0     0     0
3438     0     0     0     0     0     0     0
3442     0     0     0     0     0     0     0
3446     0     0     0     0     0     0     0
3450     0     0     0     0     0     0     0
3454     0     0     0     0     0     0     0
3458     0     0     0     0     0     0     0
3462     0     0     0     0     0     0     0
3466     0     0     0     0     0     0     0
3470     0     0     0     0     0     0     0
3474     0     0     0     0     0     0     0
3478     0     0     0     0     0     0     0
3482     0     0     0     0     0     0     0
3486     0     0     0     0     0     0     0
3490     0     0     0     0     0     0     0
3494     0     0     0     0     0     0     0
3498     0     0     0     0     0     0     0
3502     0     0     0     0     0     0     0
3506     0     0     0     0     0     0     0
3510     0     0     0     0     0     0     0
3514     0     0     0     0     0     0     0
3518     0     0     0     0     0     0     0
3522     0     0     0     0     0     0     0
3526     0     0     0     0     0     0     0
3530     0     0     0     0     0     0     0
3534     0     0     0     0     0     0     0
3538     0     0     0     0     0     0     0
3542     0     0     0     0     0     0     0
3546     0     0     0     0     0     0     0
3550     0     0     0     0     0     0     0
3554     0     0     0     0     0     0     0
3558     0     0     0     0     0     0     0
3562     0     0     0     0     0     0     0
3566     0     0     0     0     0     0     0
3570     0     0     0     0     0     0     0
3574     0     0     0     0     0     0     0
3578     0     0     0     0     0     0     0
3582     0     0     0     0     0     0     0
3586     0     0     0     0     0     0     0
3590     0     0     0     0     0     0     0
3594     0     0     0     0     0     0     0
3598     0     0     0     0     0     0     0
3602     0     0     0     0     0     0     0
3606     0     0     0     0     0     0     0
3610     0     0     0     0     0     0     0
3614     0     0     0     0     0     0     0
3618     0     0     0     0     0     0     0
3622     0     0     0     0     0     0     0
3626     0     0     0     0     0     0     0
3630     0     0     0     0     0     0     0
3634     0     0     0     0     0     0     0
3638     0     0     0     0     0     0     0
3642     0     0     0     0     0     0     0
3646     0     0     0     0     0     0     0
3650     0     0     0     0     0     0     0
3654     0     0     0     0     0     0     0
3658     0     0     0     0     0     0     0
3662     0     0     0     0     0     0     0
3666     0     0     0     0     0     0     0
3670     0     0     0     0     0     0     0
3674     0     0     0     0     0     0     0
3678     0     0     0     0     0     0     0
3682     0     0     0     0     0     0     0
3686     0     0     0     0     0     0     0
3690     0     0     0     0     0     0     0
3694     0     0     0     0     0     0     0
3698     0     0     0     0     0     0     0
3702     0     0     0     0     0     0     0
3706     0     0     0     0     0     0     0
3710     0     0     0     0     0     0     0
3714     0     0     0     0     0     0     0
3718     0     0     0     0     0     0     0
3722     0     0     0     0     0     0     0
3726     0     0     0     0     0     0     0
3730     0     0     0     0     0     0     0
3734     0     0     0     0     0     0     0
3738     0     0     0     0     0     0     0
3742     0     0     0     0     0     0     0
3746     0     0     0     0     0     0     0
3750     0     0     0     0     0     0     0
3754     0     0     0     0     0     0     0
3758     0     0     0     0     0     0     0
3762     0     0     0     0     0     0     0
3766     0     0     0     0     0     0     0
3770     0     0     0     0     0     0     0
3774     0     0     0     0     0     0     0
3778     0     0     0     0     0     0     0
3782     0     0     0     0     0     0     0
3786     0     0     0     0     0     0     0
3790     0     0     0     0     0     0     0
3794     0     0     0     0     0     0     0
3798     0     0     0     0     0     0     0
3802     0     0     0     0     0     0     0
3806     0     0     0     0     0     0     0
3810     0     0     0     0     0     0     0
3814     0     0     0     0     0     0     0
3818     0     0     0     0     0     0     0
3822     0     0     0     0     0     0     0
3826     0     0     0     0     0     0     0
3830     0     0     0     0     0     0     0
3834     0     0     0     0     0     0     0
3838     0     0     0     0     0     0     0
3842     0     0     0     0     0     0     0
3846     0     0     0     0     0     0     0
3850     0     0     0     0     0     0     0
3854     0     0     0     0     0     0     0
3858     0     0     0     0     0     0     0
3862     0     0     0     0     0     0     0
3866     0     0     0     0     0     0     0
3870     0     0     0     0     0     0     0
3874     0     0     0     0     0     0     0
3878     0     0     0     0     0     0     0
3882     0     0     0     0     0     0     0
3886     0     0     0     0     0     0     0
3890     0     0     0     0     0     0     0
3894     0     0     0     0     0     0     0
3898     0     0     0     0     0     0     0
3902     0     0     0     0     0     0     0
3906     0     0     0     0     0     0     0
3910     0     0     0     0     0     0     0
3914     0     0     0     0     0     0     0
3918     0     0     0     0     0     0     0
3922     0     0     0     0     0     0     0
3926     0     0     0     0     0     0     0
3930     0     0     0     0     0     0     0
3934     0     0     0     0     0     0     0
3938     0     0     0     0     0     0     0
3942     0     0     0     0     0     0     0
3946     0     0     0     0     0     0     0
3950     0     0     0     0     0     0     0
3954     0     0     0     0     0     0     0
3958     0     0     0     0     0     0     0
3962     0     0     0     0     0     0     0
3966     0     0     0     0     0     0     0
3970     0     0     0     0     0     0     0
3974     0     0     0     0     0     0     0
3978     0     0     0     0     0     0     0
3982     0     0     0     0     0     0     0
3986     0     0     0     0     0     0     0
3990     0     0     0     0     0     0     0
3994     0     0     0     0     0     0     0
3998     0     0     0     0     0     0     0
