2     0     0     0     0     0     0     0
6     0     0     0     0     0     0     0
10     0     0     0     0     0     0     0
14     0     0     0     0     0     0     0
18     0     0     0     0     0     0     0
22     0     0     0     0     0     0     0
26     0.000162269     1.01571e-07     1.01571e-07     1.01571e-07     1.04273e-07     1.05717e-07     1.03296e-07
30     0.000153728     7.90965e-08     7.90965e-08     7.90965e-08     8.12007e-08     8.23252e-08     8.04397e-08
34     0.000213511     9.28086e-08     9.28086e-08     9.28086e-08     9.52775e-08     9.6597e-08     9.43847e-08
38     0.000145188     5.36122e-08     5.36122e-08     5.36122e-08     5.50384e-08     5.58006e-08     5.45226e-08
42     0.000256214     8.29709e-08     8.29709e-08     8.29709e-08     8.51781e-08     8.63577e-08     8.43799e-08
46     0.000315997     9.19344e-08     9.19344e-08     9.19344e-08     9.438e-08     9.5687e-08     9.34955e-08
50     0.000384321     9.97227e-08     9.97227e-08     9.97227e-08     1.02376e-07     1.03793e-07     1.01416e-07
54     0.000350159     8.24663e-08     8.24663e-08     8.24663e-08     8.46601e-08     8.58325e-08     8.38667e-08
58     0.00037578     8.07503e-08     8.07503e-08     8.07503e-08     8.28985e-08     8.40465e-08     8.21216e-08
62     0.000290376     5.83731e-08     5.83731e-08     5.83731e-08     5.9926e-08     6.07559e-08     5.93644e-08
66     0.000614913     1.15501e-07     1.15501e-07     1.15501e-07     1.18574e-07     1.20216e-07     1.17463e-07
70     0.000520968     9.32593e-08     9.32593e-08     9.32593e-08     9.57402e-08     9.70661e-08     9.4843e-08
74     0.000503887     8.66376e-08     8.66376e-08     8.66376e-08     8.89423e-08     9.0174e-08     8.81088e-08
78     0.000640534     1.06474e-07     1.06474e-07     1.06474e-07     1.09307e-07     1.1082e-07     1.08282e-07
82     0.000674696     1.09486e-07     1.09486e-07     1.09486e-07     1.12399e-07     1.13956e-07     1.11346e-07
86     0.000503887     8.05367e-08     8.05367e-08     8.05367e-08     8.26792e-08     8.38242e-08     8.19044e-08
90     0.000768641     1.21886e-07     1.21886e-07     1.21886e-07     1.25129e-07     1.26862e-07     1.23956e-07
94     0.000811343     1.28424e-07     1.28424e-07     1.28424e-07     1.31841e-07     1.33666e-07     1.30605e-07
98     0.000606373     9.63753e-08     9.63753e-08     9.63753e-08     9.89391e-08     1.00309e-07     9.80119e-08
102     0.000871127     1.39554e-07     1.39554e-07     1.39554e-07     1.43266e-07     1.4525e-07     1.41924e-07
106     0.000896748     1.45842e-07     1.45842e-07     1.45842e-07     1.49721e-07     1.51795e-07     1.48318e-07
110     0.000896748     1.49042e-07     1.49042e-07     1.49042e-07     1.53006e-07     1.55125e-07     1.51572e-07
114     0.000905289     1.55969e-07     1.55969e-07     1.55969e-07     1.60119e-07     1.62336e-07     1.58618e-07
118     0.00100777     1.83072e-07     1.83072e-07     1.83072e-07     1.87942e-07     1.90545e-07     1.86181e-07
122     0.00108464     2.1211e-07     2.1211e-07     2.1211e-07     2.17753e-07     2.20768e-07     2.15712e-07
126     0.00128107     2.75177e-07     2.75177e-07     2.75177e-07     2.82497e-07     2.86409e-07     2.7985e-07
130     0.00101631     2.47895e-07     2.47895e-07     2.47895e-07     2.5449e-07     2.58014e-07     2.52105e-07
134     0.00117004     3.30717e-07     3.30717e-07     3.30717e-07     3.39515e-07     3.44217e-07     3.36334e-07
138     0.00130669     4.47102e-07     4.47102e-07     4.47102e-07     4.58996e-07     4.65352e-07     4.54694e-07
142     0.00112734     4.74498e-07     4.74498e-07     4.74498e-07     4.8712e-07     4.93866e-07     4.82556e-07
146     0.00121275     6.63607e-07     6.63607e-07     6.63607e-07     6.8126e-07     6.90695e-07     6.74876e-07
150     0.00134939     1.02887e-06     1.02887e-06     1.02887e-06     1.05624e-06     1.07086e-06     1.04634e-06
154     0.00140918     1.59716e-06     1.59716e-06     1.59716e-06     1.63965e-06     1.66235e-06     1.62428e-06
158     0.00153728     3.30291e-06     3.30291e-06     3.30291e-06     3.39077e-06     3.43773e-06     3.359e-06
162     0.00153728     8.688e-06     8.688e-06     8.688e-06     8.91912e-06     9.04264e-06     8.83554e-06
166     0.00145188     1.56748e-05     1.56748e-05     1.56748e-05     1.60917e-05     1.63146e-05     1.59409e-05
170     0.00160561     2.31637e-05     2.31637e-05     2.31637e-05     2.37799e-05     2.41092e-05     2.3557e-05
174     0.00170809     3.02494e-05     3.02494e-05     3.02494e-05     3.10541e-05     3.14842e-05     3.07631e-05
178     0.00166539     3.48138e-05     3.48138e-05     3.48138e-05     3.574e-05     3.62349e-05     3.5405e-05
182     0.00168247     4.23138e-05     4.23138e-05     4.23138e-05     4.34394e-05     4.4041e-05     4.30323e-05
186     0.00165685     5.04955e-05     5.04955e-05     5.04955e-05     5.18388e-05     5.25567e-05     5.1353e-05
190     0.00195576     6.90016e-05     6.90016e-05     6.90016e-05     7.08372e-05     7.18182e-05     7.01733e-05
194     0.00193868     7.75367e-05     7.75367e-05     7.75367e-05     7.95994e-05     8.07017e-05     7.88534e-05
198     0.00211803     9.36514e-05     9.36514e-05     9.36514e-05     9.61428e-05     9.74742e-05     9.52418e-05
202     0.00205825     9.92092e-05     9.92092e-05     9.92092e-05     0.000101848     0.000103259     0.000100894
206     0.00217782     0.000114424     0.000114424     0.000114424     0.000117468     0.000119095     0.000116367
210     0.00203263     0.000115544     0.000115544     0.000115544     0.00011891     0.000120684     0.000117709
214     0.00239133     0.000146302     0.000146302     0.000146302     0.000150973     0.000153406     0.000149328
218     0.00234009     0.000153416     0.000153416     0.000153416     0.000158331     0.000160892     0.000156601
222     0.00233155     0.000163387     0.000163387     0.000163387     0.000168677     0.000171429     0.000166816
226     0.0022803     0.000169954     0.000169954     0.000169954     0.000175516     0.000178407     0.000173562
230     0.00241695     0.000191129     0.000191129     0.000191129     0.000197439     0.000200715     0.000195224
234     0.00258776     0.000217045     0.000217045     0.000217045     0.000224299     0.00022806     0.000221756
238     0.00246819     0.000219324     0.000219324     0.000219324     0.000226732     0.000230568     0.000224139
242     0.00269024     0.000252206     0.000252206     0.000252206     0.000260805     0.000265254     0.000257797
246     0.00298062     0.00029463     0.00029463     0.00029463     0.000304794     0.000310046     0.000301243
250     0.00286959     0.000298409     0.000298409     0.000298409     0.000308865     0.000314257     0.000305219
254     0.00320267     0.000350507     0.000350507     0.000350507     0.000362982     0.0003694     0.000358641
258     0.00300624     0.000344837     0.000344837     0.000344837     0.00035721     0.000363565     0.00035291
262     0.00285251     0.000343639     0.000343639     0.000343639     0.000356179     0.000362603     0.000351831
266     0.00313435     0.000396076     0.000396076     0.000396076     0.000410732     0.000418228     0.000405658
270     0.00321975     0.000425104     0.000425104     0.000425104     0.000441013     0.00044914     0.000435511
274     0.00340764     0.000470201     0.000470201     0.000470201     0.000488158     0.000497315     0.000481959
278     0.00336494     0.000485356     0.000485356     0.000485356     0.000504264     0.000513886     0.000497749
282     0.00356991     0.000537715     0.000537715     0.000537715     0.00055893     0.000569707     0.00055163
286     0.00383467     0.000601484     0.000601484     0.000601484     0.000625635     0.000637873     0.000617342
290     0.00356137     0.000581645     0.000581645     0.000581645     0.00060546     0.000617499     0.0005973
294     0.00400547     0.000680453     0.000680453     0.000680453     0.000708911     0.000723271     0.000699176
298     0.00415066     0.000733132     0.000733132     0.000733132     0.000764538     0.000780356     0.000753815
302     0.00437271     0.000801907     0.000801907     0.000801907     0.00083703     0.000854684     0.00082506
306     0.00434709     0.000827335     0.000827335     0.000827335     0.000864496     0.000883123     0.000851863
310     0.00434709     0.000857745     0.000857745     0.000857745     0.000897107     0.000916785     0.000883755
314     0.00486806     0.000995741     0.000995741     0.000995741     0.00104271     0.00106612     0.00102682
318     0.00505595     0.00107206     0.00107206     0.00107206     0.00112395     0.00114974     0.00110644
322     0.00479974     0.00105175     0.00105175     0.00105175     0.00110462     0.00113079     0.00108683
326     0.00531216     0.00120284     0.00120284     0.00120284     0.00126505     0.00129576     0.00124417
330     0.00544027     0.00127204     0.00127204     0.00127204     0.00133998     0.00137341     0.00131725
334     0.00585875     0.0014122     0.0014122     0.0014122     0.0014913     0.00153     0.00146496
338     0.00577335     0.00143652     0.00143652     0.00143652     0.00151965     0.00156012     0.00149206
342     0.0063541     0.00163199     0.00163199     0.00163199     0.00173146     0.0017796     0.00169862
346     0.0059527     0.00158152     0.00158152     0.00158152     0.00168296     0.00173193     0.00164955
350     0.00691777     0.00190882     0.00190882     0.00190882     0.00204     0.0021031     0.00199693
354     0.00717398     0.00207167     0.00207167     0.00207167     0.00222181     0.00229395     0.00217259
358     0.00737896     0.00223586     0.00223586     0.00223586     0.00240833     0.00249113     0.00235186
362     0.00790846     0.00250878     0.00250878     0.00250878     0.00271353     0.00281169     0.00264658
366     0.00848922     0.00281344     0.00281344     0.00281344     0.00305732     0.00317404     0.00297771
370     0.00869419     0.00300603     0.00300603     0.00300603     0.00328121     0.00341276     0.00319148
374     0.00936034     0.0033764     0.0033764     0.0033764     0.00370318     0.00385933     0.00359671
378     0.00996671     0.0037519     0.0037519     0.0037519     0.00413419     0.00431684     0.00400967
382     0.00994109     0.00389739     0.00389739     0.00389739     0.00431548     0.00451523     0.00417933
386     0.0106841     0.00435073     0.00435073     0.00435073     0.00484316     0.00507836     0.00468286
390     0.0113161     0.00477701     0.00477701     0.00477701     0.00534719     0.00561947     0.00516164
394     0.0121275     0.00530057     0.00530057     0.00530057     0.00596554     0.00628305     0.00574921
398     0.012657     0.00572125     0.00572125     0.00572125     0.00647626     0.00683674     0.00623067
402     0.014032     0.00655467     0.00655467     0.00655467     0.00746042     0.00789303     0.00716572
406     0.0144334     0.00696814     0.00696814     0.00696814     0.00797449     0.00845545     0.00764693
410     0.016039     0.00798991     0.00798991     0.00798991     0.00919507     0.00977128     0.00880268
414     0.0172859     0.00887896     0.00887896     0.00887896     0.0102764     0.0109446     0.00982134
418     0.0175165     0.00927163     0.00927163     0.00927163     0.0107873     0.0115123     0.0102936
422     0.0201982     0.0110013     0.0110013     0.0110013     0.0128685     0.0137625     0.0122599
426     0.0212572     0.0119025     0.0119025     0.0119025     0.013986     0.014985     0.0133062
430     0.0232044     0.0133596     0.0133596     0.0133596     0.0157625     0.0169159     0.0149778
434     0.026706     0.0158179     0.0158179     0.0158179     0.0187281     0.0201253     0.0177774
438     0.0280554     0.0170909     0.0170909     0.0170909     0.0202878     0.0218233     0.0192428
442     0.0308054     0.0193029     0.0193029     0.0193029     0.0229485     0.0247029     0.021755
446     0.0342131     0.0220522     0.0220522     0.0220522     0.0262246     0.0282389     0.0248554
450     0.0374499     0.0248334     0.0248334     0.0248334     0.0295124     0.0317782     0.0279734
454     0.041259     0.0281848     0.0281848     0.0281848     0.0334062     0.0359396     0.0316859
458     0.0461612     0.0325346     0.0325346     0.0325346     0.0383977     0.0412447     0.0364643
462     0.0519772     0.0378892     0.0378892     0.0378892     0.04446     0.04765     0.0422924
466     0.0583484     0.0441313     0.0441313     0.0441313     0.0514106     0.0549428     0.0490087
470     0.0641047     0.0504772     0.0504772     0.0504772     0.0582698     0.062052     0.0556964
474     0.0716032     0.0589488     0.0589488     0.0589488     0.0673284     0.0714028     0.0645564
478     0.0793323     0.0686388     0.0686388     0.0686388     0.0774408     0.0817341     0.0745198
482     0.0870016     0.0795823     0.0795823     0.0795823     0.0885823     0.0929941     0.0855822
486     0.0919807     0.0893647     0.0893647     0.0893647     0.0980437     0.102326     0.0951341
490     0.0957556     0.0991185     0.0991185     0.0991185     0.107094     0.11106     0.104401
494     0.098591     0.108669     0.108669     0.108669     0.115598     0.119078     0.113236
498     0.0972075     0.113599     0.113599     0.113599     0.118909     0.12162     0.11707
502     0.0947905     0.116509     0.116509     0.116509     0.120014     0.121514     0.119104
506     0.0894015     0.114393     0.114393     0.114393     0.115963     0.116882     0.115343
510     0.083073     0.109367     0.109367     0.109367     0.109158     0.109213     0.109126
514     0.0741739     0.0994581     0.0994581     0.0994581     0.0977737     0.0970988     0.0982374
518     0.0667949     0.0904928     0.0904928     0.0904928     0.0876689     0.086425     0.0885182
522     0.0588267     0.0800778     0.0800778     0.0800778     0.0765049     0.0748789     0.0776127
526     0.0509097     0.0694003     0.0694003     0.0694003     0.0654317     0.0635969     0.066681
530     0.0456317     0.0621916     0.0621916     0.0621916     0.0578933     0.0558889     0.0592579
534     0.0397985     0.0542037     0.0542037     0.0542037     0.0498624     0.0478288     0.0512474
538     0.0359382     0.0489311     0.0489311     0.0489311     0.0445118     0.0424367     0.0459264
542     0.0310616     0.0423188     0.0423188     0.0423188     0.0380925     0.0361027     0.0394489
546     0.0273038     0.0372708     0.0372708     0.0372708     0.033214     0.0312991     0.0345196
550     0.02481     0.0339773     0.0339773     0.0339773     0.0300025     0.0281215     0.031285
554     0.0213255     0.0293394     0.0293394     0.0293394     0.0256856     0.0239529     0.0268673
558     0.0198139     0.0273943     0.0273943     0.0273943     0.0237906     0.0220771     0.0249587
562     0.0176958     0.0245752     0.0245752     0.0245752     0.0211799     0.0195603     0.0222834
566     0.0155778     0.0217299     0.0217299     0.0217299     0.0185977     0.0170987     0.0196185
570     0.0145188     0.0203665     0.0203665     0.0203665     0.0173206     0.0158594     0.0183155
574     0.0129473     0.0183032     0.0183032     0.0183032     0.0154625     0.0140978     0.0163915
578     0.0116406     0.0166001     0.0166001     0.0166001     0.0139422     0.0126648     0.0148122
582     0.010983     0.0157945     0.0157945     0.0157945     0.0131858     0.0119309     0.0140406
586     0.00959948     0.0139188     0.0139188     0.0139188     0.0115613     0.0104258     0.0123349
590     0.00891624     0.0130516     0.0130516     0.0130516     0.0107853     0.00969185     0.01153
594     0.00803657     0.0119074     0.0119074     0.0119074     0.00979381     0.00877229     0.0104894
598     0.00727647     0.0109129     0.0109129     0.0109129     0.00893306     0.00797426     0.00958575
602     0.0066701     0.0101092     0.0101092     0.0101092     0.00823539     0.00732571     0.00885435
606     0.00651637     0.00995845     0.00995845     0.00995845     0.0080829     0.00717018     0.00870371
610     0.00600394     0.00925525     0.00925525     0.00925525     0.00748041     0.00661482     0.00806882
614     0.00532925     0.00830255     0.00830255     0.00830255     0.00668627     0.00589737     0.00722268
618     0.00535487     0.00844173     0.00844173     0.00844173     0.00677224     0.00595676     0.00732666
622     0.0047912     0.00764117     0.00764117     0.00764117     0.00610517     0.0053544     0.00661573
626     0.00423607     0.00683292     0.00683292     0.00683292     0.00544354     0.00476373     0.00590585
630     0.00430439     0.0070153     0.0070153     0.0070153     0.00556525     0.00485484     0.00604832
634     0.00416774     0.00686157     0.00686157     0.00686157     0.00542895     0.00472614     0.00590681
638     0.00365532     0.00608253     0.00608253     0.00608253     0.00479553     0.00416316     0.00522535
642     0.00372364     0.0062691     0.0062691     0.0062691     0.00492734     0.00426684     0.00537613
646     0.00330516     0.00563244     0.00563244     0.00563244     0.00441082     0.00380833     0.00482011
650     0.00325391     0.00561839     0.00561839     0.00561839     0.00438507     0.00377603     0.00479876
654     0.00275003     0.00480679     0.00480679     0.00480679     0.00374234     0.00321647     0.00409957
658     0.00265608     0.00469599     0.00469599     0.00469599     0.00364238     0.00312169     0.00399616
662     0.00249381     0.00446081     0.00446081     0.00446081     0.00344816     0.0029471     0.00378854
666     0.00241695     0.00437327     0.00437327     0.00437327     0.00337028     0.0028729     0.00370804
670     0.00251089     0.00459325     0.00459325     0.00459325     0.00353306     0.00300625     0.00389066
674     0.00218636     0.00404358     0.00404358     0.00404358     0.00310069     0.00263148     0.00341907
678     0.00204971     0.00383277     0.00383277     0.00383277     0.00293046     0.00248114     0.00323537
682     0.00187036     0.00353308     0.00353308     0.00353308     0.00269621     0.00227928     0.0029792
686     0.00194722     0.00371431     0.00371431     0.00371431     0.00282452     0.00238082     0.00312564
690     0.0017935     0.00345679     0.00345679     0.00345679     0.00262017     0.00220241     0.00290366
694     0.00139209     0.00271542     0.00271542     0.00271542     0.00205207     0.00172007     0.00227726
698     0.00163123     0.00321928     0.00321928     0.00321928     0.00242706     0.00202958     0.00269646
702     0.00139209     0.00277721     0.00277721     0.00277721     0.00208947     0.00174383     0.00232368
706     0.00119566     0.00241229     0.00241229     0.00241229     0.00181072     0.00150799     0.00201582
710     0.00117858     0.00240428     0.00240428     0.00240428     0.00179749     0.0014919     0.00200454
714     0.00145188     0.00300113     0.00300113     0.00300113     0.00223916     0.00185504     0.00249938
718     0.00141772     0.00296592     0.00296592     0.00296592     0.00220562     0.00182186     0.00246554
722     0.00109318     0.00231285     0.00231285     0.00231285     0.00171402     0.00141117     0.00191907
726     0.00122983     0.00262689     0.00262689     0.00262689     0.00194112     0.00159346     0.00217637
730     0.00105902     0.00228366     0.00228366     0.00228366     0.00168616     0.00138267     0.00189147
734     0.000999234     0.00217792     0.00217792     0.00217792     0.00160247     0.00130972     0.00180043
738     0.000871127     0.00192077     0.00192077     0.00192077     0.00140934     0.00114887     0.00158545
742     0.00105902     0.00236378     0.00236378     0.00236378     0.00172865     0.00140468     0.00194766
746     0.000973612     0.0022002     0.0022002     0.0022002     0.00160584     0.00130202     0.00181113
750     0.00112734     0.00257725     0.00257725     0.00257725     0.00187586     0.00151661     0.00211848
754     0.000828424     0.00191342     0.00191342     0.00191342     0.00138786     0.0011183     0.00156983
758     0.000734479     0.00171253     0.00171253     0.00171253     0.00124024     0.00099781     0.00140393
762     0.000785722     0.00185053     0.00185053     0.00185053     0.00133604     0.00107153     0.00151455
766     0.000666156     0.00158575     0.00158575     0.00158575     0.00114333     0.000915457     0.00129708
770     0.000649075     0.00156223     0.00156223     0.00156223     0.0011215     0.000894059     0.00127488
774     0.000785722     0.0019143     0.0019143     0.0019143     0.0013701     0.00108875     0.00155974
778     0.000760101     0.00187434     0.00187434     0.00187434     0.00133882     0.00106145     0.00152571
782     0.000657615     0.001638     0.001638     0.001638     0.00116761     0.000923512     0.00133204
786     0.000871127     0.0021935     0.0021935     0.0021935     0.00155793     0.0012272     0.00178054
790     0.00056367     0.0014328     0.0014328     0.0014328     0.00101457     0.00079644     0.0011613
794     0.000640534     0.00164387     0.00164387     0.00164387     0.00116299     0.000911785     0.00133191
798     0.000520968     0.00135213     0.00135213     0.00135213     0.000953249     0.000744592     0.00109353
802     0.000358699     0.000941597     0.000941597     0.000941597     0.000662652     0.000516517     0.000760857
806     0.000640534     0.00170109     0.00170109     0.00170109     0.00119271     0.000925833     0.00137198
810     0.000486806     0.00130584     0.00130584     0.00130584     0.00091394     0.000707734     0.00105235
814     0.000409942     0.00111237     0.00111237     0.00111237     0.000775878     0.00059839     0.00089496
818     0.000401402     0.00110199     0.00110199     0.00110199     0.000767442     0.000590624     0.000886007
822     0.00037578     0.00104133     0.00104133     0.00104133     0.000723484     0.000555471     0.000836151
826     0.000444104     0.0012444     0.0012444     0.0012444     0.000861629     0.000659413     0.00099731
830     0.000350159     0.000989451     0.000989451     0.000989451     0.000682204     0.00051964     0.000791251
834     0.000341618     0.000977113     0.000977113     0.000977113     0.000672195     0.000509873     0.000780857
838     0.000461185     0.00133387     0.00133387     0.00133387     0.000916173     0.000692418     0.00106565
842     0.000392861     0.0011492     0.0011492     0.0011492     0.000786256     0.000591362     0.000916351
846     0.000333078     0.000982825     0.000982825     0.000982825     0.000670951     0.000503712     0.000782662
850     0.000281835     0.000841742     0.000841742     0.000841742     0.000573923     0.000430491     0.000669816
854     0.000230592     0.000694915     0.000694915     0.000694915     0.00047171     0.000351892     0.000551758
858     0.000358699     0.00109433     0.00109433     0.00109433     0.000742695     0.000552985     0.000869223
862     0.00037578     0.001158     0.001158     0.001158     0.000781986     0.000578346     0.000917634
866     0.000273295     0.000851874     0.000851874     0.000851874     0.000574263     0.000423427     0.000674651
870     0.000290376     0.000913669     0.000913669     0.000913669     0.000613407     0.000449832     0.000722179
874     0.000298916     0.000950318     0.000950318     0.000950318     0.00063715     0.000466103     0.000750804
878     0.000222052     0.0007132     0.0007132     0.0007132     0.000477729     0.000348815     0.000563334
882     0.000239133     0.000774668     0.000774668     0.000774668     0.000516086     0.000374412     0.000610164
886     0.000213511     0.000699222     0.000699222     0.000699222     0.000464746     0.000336176     0.000550117
890     0.000281835     0.000932952     0.000932952     0.000932952     0.000618979     0.000446352     0.000733509
894     0.000264754     0.000885118     0.000885118     0.000885118     0.000583961     0.000417591     0.000694161
898     0.000256214     0.000865981     0.000865981     0.000865981     0.000572082     0.000408709     0.000680063
902     0.000162269     0.000554497     0.000554497     0.000554497     0.000365039     0.000259431     0.000434782
906     0.000281835     0.000973303     0.000973303     0.000973303     0.000639965     0.00045419     0.000762682
910     0.000204971     0.000715186     0.000715186     0.000715186     0.000468554     0.000331092     0.000559376
914     0.000213511     0.000752098     0.000752098     0.000752098     0.000491937     0.000346591     0.000587899
918     0.000196431     0.000700019     0.000700019     0.000700019     0.000455074     0.000317597     0.000545701
922     0.000239133     0.000859999     0.000859999     0.000859999     0.000558546     0.000388763     0.000670344
926     0.000239133     0.000870213     0.000870213     0.000870213     0.000564697     0.000392062     0.000678258
930     0.000273295     0.00100326     0.00100326     0.00100326     0.000647673     0.000446284     0.000780059
934     0.000204971     0.000759955     0.000759955     0.000759955     0.000488517     0.000334413     0.00058974
938     0.000239133     0.000896987     0.000896987     0.000896987     0.000576053     0.00039339     0.000695936
942     0.000145188     0.000549709     0.000549709     0.000549709     0.000352002     0.000239329     0.000425937
946     0.00018789     0.000718873     0.000718873     0.000718873     0.000459355     0.000311234     0.000556512
950     0.000128107     0.000494862     0.000494862     0.000494862     0.000315702     0.000213248     0.000382869
954     0.000119566     0.000467415     0.000467415     0.000467415     0.00029691     0.00019895     0.000361022
958     0.000153728     0.000606296     0.000606296     0.000606296     0.000383381     0.000254805     0.000467427
962     0.000239133     0.000952583     0.000952583     0.000952583     0.0006021     0.000398994     0.000734637
966     0.000111026     0.000446868     0.000446868     0.000446868     0.000281738     0.000185697     0.000344339
970     0.000136647     0.000556312     0.000556312     0.000556312     0.000350071     0.000229688     0.000428437
974     0.00017935     0.000737882     0.000737882     0.000737882     0.000463386     0.000302624     0.000567912
978     0.000119566     0.000496434     0.000496434     0.000496434     0.000311038     0.000202181     0.000381766
982     5.97832e-05     0.00025058     0.00025058     0.00025058     0.000156763     0.000101526     0.000192616
986     8.54046e-05     0.00036191     0.00036191     0.00036191     0.000225659     0.000145239     0.000277826
990     0.000128107     0.000548676     0.000548676     0.000548676     0.000340516     0.000217376     0.000420337
994     0.000136647     0.00059149     0.00059149     0.00059149     0.000366936     0.000233821     0.000453164
998     0.000145188     0.000634109     0.000634109     0.000634109     0.000391389     0.000247343     0.000484655
1002     0.000136647     0.000602891     0.000602891     0.000602891     0.00061893     0.000627501     0.000613129
1006     0.000153728     0.000684722     0.000684722     0.000684722     0.000702937     0.000712672     0.00069635
1010     9.3945e-05     0.000423484     0.000423484     0.000423484     0.00043475     0.00044077     0.000430676
1014     0.000119566     0.000544171     0.000544171     0.000544171     0.000558647     0.000566383     0.000553412
1018     0.000111026     0.000511105     0.000511105     0.000511105     0.000524701     0.000531967     0.000519784
1022     6.83237e-05     0.000317453     0.000317453     0.000317453     0.000325897     0.000330411     0.000322843
1026     7.68641e-05     0.000360947     0.000360947     0.000360947     0.000370549     0.000375681     0.000367077
1030     6.83237e-05     0.000324395     0.000324395     0.000324395     0.000333025     0.000337637     0.000329904
1034     2.56214e-05     0.000122707     0.000122707     0.000122707     0.000125972     0.000127716     0.000124791
1038     6.83237e-05     0.000331405     0.000331405     0.000331405     0.000340221     0.000344932     0.000337032
1042     0.000145188     0.000712447     0.000712447     0.000712447     0.0007314     0.000741528     0.000724545
1046     0.000119566     0.000591662     0.000591662     0.000591662     0.000607402     0.000615814     0.00060171
1050     6.83237e-05     0.000342144     0.000342144     0.000342144     0.000351246     0.00035611     0.000347954
1054     5.12427e-05     0.000258521     0.000258521     0.000258521     0.000265398     0.000269074     0.000262911
1058     0.000102485     0.000523826     0.000523826     0.000523826     0.00053776     0.000545208     0.000532721
1062     8.54046e-05     0.000440682     0.000440682     0.000440682     0.000452406     0.000458671     0.000448166
1066     7.68641e-05     0.000401085     0.000401085     0.000401085     0.000411754     0.000417457     0.000407896
1070     1.70809e-05     8.97551e-05     8.97551e-05     8.97551e-05     9.21427e-05     9.34188e-05     9.12792e-05
1074     5.97832e-05     0.000318154     0.000318154     0.000318154     0.000326617     0.00033114     0.000323556
1078     5.12427e-05     0.000276128     0.000276128     0.000276128     0.000283473     0.000287399     0.000280817
1082     6.83237e-05     0.000372199     0.000372199     0.000372199     0.0003821     0.000387391     0.000378519
1086     3.41618e-05     0.000187612     0.000187612     0.000187612     0.000192603     0.00019527     0.000190798
1090     7.68641e-05     0.000426924     0.000426924     0.000426924     0.000438281     0.00044435     0.000434173
1094     5.12427e-05     0.000287573     0.000287573     0.000287573     0.000295223     0.000299311     0.000292456
1098     3.41618e-05     0.000194289     0.000194289     0.000194289     0.000199457     0.000202219     0.000197588
1102     5.12427e-05     0.000293751     0.000293751     0.000293751     0.000301566     0.000305742     0.00029874
1106     5.12427e-05     0.000296298     0.000296298     0.000296298     0.000304181     0.000308393     0.00030133
1110     4.27023e-05     0.000250077     0.000250077     0.000250077     0.00025673     0.000260285     0.000254324
1114     3.41618e-05     0.000202389     0.000202389     0.000202389     0.000207773     0.00021065     0.000205826
1118     4.27023e-05     0.000254752     0.000254752     0.000254752     0.000261529     0.000265151     0.000259078
1122     5.97832e-05     0.000360802     0.000360802     0.000360802     0.0003704     0.000375529     0.000366928
1126     2.56214e-05     0.000155842     0.000155842     0.000155842     0.000159988     0.000162203     0.000158488
1130     7.68641e-05     0.00047395     0.00047395     0.00047395     0.000486558     0.000493296     0.000481999
1134     4.27023e-05     0.00026561     0.00026561     0.00026561     0.000272676     0.000276452     0.000270121
1138     4.27023e-05     0.000268397     0.000268397     0.000268397     0.000275537     0.000279352     0.000272955
1142     3.41618e-05     0.000216944     0.000216944     0.000216944     0.000222715     0.000225799     0.000220628
1146     4.27023e-05     0.000273432     0.000273432     0.000273432     0.000280705     0.000284593     0.000278075
1150     4.27023e-05     0.000276839     0.000276839     0.000276839     0.000284203     0.000288139     0.00028154
1154     3.41618e-05     0.000223017     0.000223017     0.000223017     0.00022895     0.000232121     0.000226804
1158     3.41618e-05     0.000225567     0.000225567     0.000225567     0.000231568     0.000234775     0.000229398
1162     3.41618e-05     0.000227686     0.000227686     0.000227686     0.000233743     0.00023698     0.000231553
1166     8.54046e-05     0.000575849     0.000575849     0.000575849     0.000591168     0.000599355     0.000585628
1170     3.41618e-05     0.000232226     0.000232226     0.000232226     0.000238404     0.000241705     0.00023617
1174     1.70809e-05     0.000117262     0.000117262     0.000117262     0.000120381     0.000122049     0.000119253
1178     3.41618e-05     0.000236489     0.000236489     0.000236489     0.00024278     0.000246142     0.000240505
1182     0     0     0     0     0     0     0
1186     0     0     0     0     0     0     0
1190     0     0     0     0     0     0     0
1194     0     0     0     0     0     0     0
1198     0     0     0     0     0     0     0
1202     0     0     0     0     0     0     0
1206     0     0     0     0     0     0     0
1210     0     0     0     0     0     0     0
1214     0     0     0     0     0     0     0
1218     0     0     0     0     0     0     0
1222     0     0     0     0     0     0     0
1226     0     0     0     0     0     0     0
1230     0     0     0     0     0     0     0
1234     0     0     0     0     0     0     0
1238     0     0     0     0     0     0     0
1242     0     0     0     0     0     0     0
1246     0     0     0     0     0     0     0
1250     0     0     0     0     0     0     0
1254     0     0     0     0     0     0     0
1258     0     0     0     0     0     0     0
1262     0     0     0     0     0     0     0
1266     0     0     0     0     0     0     0
1270     0     0     0     0     0     0     0
1274     0     0     0     0     0     0     0
1278     0     0     0     0     0     0     0
1282     0     0     0     0     0     0     0
1286     0     0     0     0     0     0     0
1290     0     0     0     0     0     0     0
1294     0     0     0     0     0     0     0
1298     0     0     0     0     0     0     0
1302     0     0     0     0     0     0     0
1306     0     0     0     0     0     0     0
1310     0     0     0     0     0     0     0
1314     0     0     0     0     0     0     0
1318     0     0     0     0     0     0     0
1322     0     0     0     0     0     0     0
1326     0     0     0     0     0     0     0
1330     0     0     0     0     0     0     0
1334     0     0     0     0     0     0     0
1338     0     0     0     0     0     0     0
1342     0     0     0     0     0     0     0
1346     0     0     0     0     0     0     0
1350     0     0     0     0     0     0     0
1354     0     0     0     0     0     0     0
1358     0     0     0     0     0     0     0
1362     0     0     0     0     0     0     0
1366     0     0     0     0     0     0     0
1370     0     0     0     0     0     0     0
1374     0     0     0     0     0     0     0
1378     0     0     0     0     0     0     0
1382     0     0     0     0     0     0     0
1386     0     0     0     0     0     0     0
1390     0     0     0     0     0     0     0
1394     0     0     0     0     0     0     0
1398     0     0     0     0     0     0     0
1402     0     0     0     0     0     0     0
1406     0     0     0     0     0     0     0
1410     0     0     0     0     0     0     0
1414     0     0     0     0     0     0     0
1418     0     0     0     0     0     0     0
1422     0     0     0     0     0     0     0
1426     0     0     0     0     0     0     0
1430     0     0     0     0     0     0     0
1434     0     0     0     0     0     0     0
1438     0     0     0     0     0     0     0
1442     0     0     0     0     0     0     0
1446     0     0     0     0     0     0     0
1450     0     0     0     0     0     0     0
1454     0     0     0     0     0     0     0
1458     0     0     0     0     0     0     0
1462     0     0     0     0     0     0     0
1466     0     0     0     0     0     0     0
1470     0     0     0     0     0     0     0
1474     0     0     0     0     0     0     0
1478     0     0     0     0     0     0     0
1482     0     0     0     0     0     0     0
1486     0     0     0     0     0     0     0
1490     0     0     0     0     0     0     0
1494     0     0     0     0     0     0     0
1498     0     0     0     0     0     0     0
1502     0     0     0     0     0     0     0
1506     0     0     0     0     0     0     0
1510     0     0     0     0     0     0     0
1514     0     0     0     0     0     0     0
1518     0     0     0     0     0     0     0
1522     0     0     0     0     0     0     0
1526     0     0     0     0     0     0     0
1530     0     0     0     0     0     0     0
1534     0     0     0     0     0     0     0
1538     0     0     0     0     0     0     0
1542     0     0     0     0     0     0     0
1546     0     0     0     0     0     0     0
1550     0     0     0     0     0     0     0
1554     0     0     0     0     0     0     0
1558     0     0     0     0     0     0     0
1562     0     0     0     0     0     0     0
1566     0     0     0     0     0     0     0
1570     0     0     0     0     0     0     0
1574     0     0     0     0     0     0     0
1578     0     0     0     0     0     0     0
1582     0     0     0     0     0     0     0
1586     0     0     0     0     0     0     0
1590     0     0     0     0     0     0     0
1594     0     0     0     0     0     0     0
1598     0     0     0     0     0     0     0
1602     0     0     0     0     0     0     0
1606     0     0     0     0     0     0     0
1610     0     0     0     0     0     0     0
1614     0     0     0     0     0     0     0
1618     0     0     0     0     0     0     0
1622     0     0     0     0     0     0     0
1626     0     0     0     0     0     0     0
1630     0     0     0     0     0     0     0
1634     0     0     0     0     0     0     0
1638     0     0     0     0     0     0     0
1642     0     0     0     0     0     0     0
1646     0     0     0     0     0     0     0
1650     0     0     0     0     0     0     0
1654     0     0     0     0     0     0     0
1658     0     0     0     0     0     0     0
1662     0     0     0     0     0     0     0
1666     0     0     0     0     0     0     0
1670     0     0     0     0     0     0     0
1674     0     0     0     0     0     0     0
1678     0     0     0     0     0     0     0
1682     0     0     0     0     0     0     0
1686     0     0     0     0     0     0     0
1690     0     0     0     0     0     0     0
1694     0     0     0     0     0     0     0
1698     0     0     0     0     0     0     0
1702     0     0     0     0     0     0     0
1706     0     0     0     0     0     0     0
1710     0     0     0     0     0     0     0
1714     0     0     0     0     0     0     0
1718     0     0     0     0     0     0     0
1722     0     0     0     0     0     0     0
1726     0     0     0     0     0     0     0
1730     0     0     0     0     0     0     0
1734     0     0     0     0     0     0     0
1738     0     0     0     0     0     0     0
1742     0     0     0     0     0     0     0
1746     0     0     0     0     0     0     0
1750     0     0     0     0     0     0     0
1754     0     0     0     0     0     0     0
1758     0     0     0     0     0     0     0
1762     0     0     0     0     0     0     0
1766     0     0     0     0     0     0     0
1770     0     0     0     0     0     0     0
1774     0     0     0     0     0     0     0
1778     0     0     0     0     0     0     0
1782     0     0     0     0     0     0     0
1786     0     0     0     0     0     0     0
1790     0     0     0     0     0     0     0
1794     0     0     0     0     0     0     0
1798     0     0     0     0     0     0     0
1802     0     0     0     0     0     0     0
1806     0     0     0     0     0     0     0
1810     0     0     0     0     0     0     0
1814     0     0     0     0     0     0     0
1818     0     0     0     0     0     0     0
1822     0     0     0     0     0     0     0
1826     0     0     0     0     0     0     0
1830     0     0     0     0     0     0     0
1834     0     0     0     0     0     0     0
1838     0     0     0     0     0     0     0
1842     0     0     0     0     0     0     0
1846     0     0     0     0     0     0     0
1850     0     0     0     0     0     0     0
1854     0     0     0     0     0     0     0
1858     0     0     0     0     0     0     0
1862     0     0     0     0     0     0     0
1866     0     0     0     0     0     0     0
1870     0     0     0     0     0     0     0
1874     0     0     0     0     0     0     0
1878     0     0     0     0     0     0     0
1882     0     0     0     0     0     0     0
1886     0     0     0     0     0     0     0
1890     0     0     0     0     0     0     0
1894     0     0     0     0     0     0     0
1898     0     0     0     0     0     0     0
1902     0     0     0     0     0     0     0
1906     0     0     0     0     0     0     0
1910     0     0     0     0     0     0     0
1914     0     0     0     0     0     0     0
1918     0     0     0     0     0     0     0
1922     0     0     0     0     0     0     0
1926     0     0     0     0     0     0     0
1930     0     0     0     0     0     0     0
1934     0     0     0     0     0     0     0
1938     0     0     0     0     0     0     0
1942     0     0     0     0     0     0     0
1946     0     0     0     0     0     0     0
1950     0     0     0     0     0     0     0
1954     0     0     0     0     0     0     0
1958     0     0     0     0     0     0     0
1962     0     0     0     0     0     0     0
1966     0     0     0     0     0     0     0
1970     0     0     0     0     0     0     0
1974     0     0     0     0     0     0     0
1978     0     0     0     0     0     0     0
1982     0     0     0     0     0     0     0
1986     0     0     0     0     0     0     0
1990     0     0     0     0     0     0     0
1994     0     0     0     0     0     0     0
1998     0     0     0     0     0     0     0
2002     0     0     0     0     0     0     0
2006     0     0     0     0     0     0     0
2010     0     0     0     0     0     0     0
2014     0     0     0     0     0     0     0
2018     0     0     0     0     0     0     0
2022     0     0     0     0     0     0     0
2026     0     0     0     0     0     0     0
2030     0     0     0     0     0     0     0
2034     0     0     0     0     0     0     0
2038     0     0     0     0     0     0     0
2042     0     0     0     0     0     0     0
2046     0     0     0     0     0     0     0
2050     0     0     0     0     0     0     0
2054     0     0     0     0     0     0     0
2058     0     0     0     0     0     0     0
2062     0     0     0     0     0     0     0
2066     0     0     0     0     0     0     0
2070     0     0     0     0     0     0     0
2074     0     0     0     0     0     0     0
2078     0     0     0     0     0     0     0
2082     0     0     0     0     0     0     0
2086     0     0     0     0     0     0     0
2090     0     0     0     0     0     0     0
2094     0     0     0     0     0     0     0
2098     0     0     0     0     0     0     0
2102     0     0     0     0     0     0     0
2106     0     0     0     0     0     0     0
2110     0     0     0     0     0     0     0
2114     0     0     0     0     0     0     0
2118     0     0     0     0     0     0     0
2122     0     0     0     0     0     0     0
2126     0     0     0     0     0     0     0
2130     0     0     0     0     0     0     0
2134     0     0     0     0     0     0     0
2138     0     0     0     0     0     0     0
2142     0     0     0     0     0     0     0
2146     0     0     0     0     0     0     0
2150     0     0     0     0     0     0     0
2154     0     0     0     0     0     0     0
2158     0     0     0     0     0     0     0
2162     0     0     0     0     0     0     0
2166     0     0     0     0     0     0     0
2170     0     0     0     0     0     0     0
2174     0     0     0     0     0     0     0
2178     0     0     0     0     0     0     0
2182     0     0     0     0     0     0     0
2186     0     0     0     0     0     0     0
2190     0     0     0     0     0     0     0
2194     0     0     0     0     0     0     0
2198     0     0     0     0     0     0     0
2202     0     0     0     0     0     0     0
2206     0     0     0     0     0     0     0
2210     0     0     0     0     0     0     0
2214     0     0     0     0     0     0     0
2218     0     0     0     0     0     0     0
2222     0     0     0     0     0     0     0
2226     0     0     0     0     0     0     0
2230     0     0     0     0     0     0     0
2234     0     0     0     0     0     0     0
2238     0     0     0     0     0     0     0
2242     0     0     0     0     0     0     0
2246     0     0     0     0     0     0     0
2250     0     0     0     0     0     0     0
2254     0     0     0     0     0     0     0
2258     0     0     0     0     0     0     0
2262     0     0     0     0     0     0     0
2266     0     0     0     0     0     0     0
2270     0     0     0     0     0     0     0
2274     0     0     0     0     0     0     0
2278     0     0     0     0     0     0     0
2282     0     0     0     0     0     0     0
2286     0     0     0     0     0     0     0
2290     0     0     0     0     0     0     0
2294     0     0     0     0     0     0     0
2298     0     0     0     0     0     0     0
2302     0     0     0     0     0     0     0
2306     0     0     0     0     0     0     0
2310     0     0     0     0     0     0     0
2314     0     0     0     0     0     0     0
2318     0     0     0     0     0     0     0
2322     0     0     0     0     0     0     0
2326     0     0     0     0     0     0     0
2330     0     0     0     0     0     0     0
2334     0     0     0     0     0     0     0
2338     0     0     0     0     0     0     0
2342     0     0     0     0     0     0     0
2346     0     0     0     0     0     0     0
2350     0     0     0     0     0     0     0
2354     0     0     0     0     0     0     0
2358     0     0     0     0     0     0     0
2362     0     0     0     0     0     0     0
2366     0     0     0     0     0     0     0
2370     0     0     0     0     0     0     0
2374     0     0     0     0     0     0     0
2378     0     0     0     0     0     0     0
2382     0     0     0     0     0     0     0
2386     0     0     0     0     0     0     0
2390     0     0     0     0     0     0     0
2394     0     0     0     0     0     0     0
2398     0     0     0     0     0     0     0
2402     0     0     0     0     0     0     0
2406     0     0     0     0     0     0     0
2410     0     0     0     0     0     0     0
2414     0     0     0     0     0     0     0
2418     0     0     0     0     0     0     0
2422     0     0     0     0     0     0     0
2426     0     0     0     0     0     0     0
2430     0     0     0     0     0     0     0
2434     0     0     0     0     0     0     0
2438     0     0     0     0     0     0     0
2442     0     0     0     0     0     0     0
2446     0     0     0     0     0     0     0
2450     0     0     0     0     0     0     0
2454     0     0     0     0     0     0     0
2458     0     0     0     0     0     0     0
2462     0     0     0     0     0     0     0
2466     0     0     0     0     0     0     0
2470     0     0     0     0     0     0     0
2474     0     0     0     0     0     0     0
2478     0     0     0     0     0     0     0
2482     0     0     0     0     0     0     0
2486     0     0     0     0     0     0     0
2490     0     0     0     0     0     0     0
2494     0     0     0     0     0     0     0
2498     0     0     0     0     0     0     0
2502     0     0     0     0     0     0     0
2506     0     0     0     0     0     0     0
2510     0     0     0     0     0     0     0
2514     0     0     0     0     0     0     0
2518     0     0     0     0     0     0     0
2522     0     0     0     0     0     0     0
2526     0     0     0     0     0     0     0
2530     0     0     0     0     0     0     0
2534     0     0     0     0     0     0     0
2538     0     0     0     0     0     0     0
2542     0     0     0     0     0     0     0
2546     0     0     0     0     0     0     0
2550     0     0     0     0     0     0     0
2554     0     0     0     0     0     0     0
2558     0     0     0     0     0     0     0
2562     0     0     0     0     0     0     0
2566     0     0     0     0     0     0     0
2570     0     0     0     0     0     0     0
2574     0     0     0     0     0     0     0
2578     0     0     0     0     0     0     0
2582     0     0     0     0     0     0     0
2586     0     0     0     0     0     0     0
2590     0     0     0     0     0     0     0
2594     0     0     0     0     0     0     0
2598     0     0     0     0     0     0     0
2602     0     0     0     0     0     0     0
2606     0     0     0     0     0     0     0
2610     0     0     0     0     0     0     0
2614     0     0     0     0     0     0     0
2618     0     0     0     0     0     0     0
2622     0     0     0     0     0     0     0
2626     0     0     0     0     0     0     0
2630     0     0     0     0     0     0     0
2634     0     0     0     0     0     0     0
2638     0     0     0     0     0     0     0
2642     0     0     0     0     0     0     0
2646     0     0     0     0     0     0     0
2650     0     0     0     0     0     0     0
2654     0     0     0     0     0     0     0
2658     0     0     0     0     0     0     0
2662     0     0     0     0     0     0     0
2666     0     0     0     0     0     0     0
2670     0     0     0     0     0     0     0
2674     0     0     0     0     0     0     0
2678     0     0     0     0     0     0     0
2682     0     0     0     0     0     0     0
2686     0     0     0     0     0     0     0
2690     0     0     0     0     0     0     0
2694     0     0     0     0     0     0     0
2698     0     0     0     0     0     0     0
2702     0     0     0     0     0     0     0
2706     0     0     0     0     0     0     0
2710     0     0     0     0     0     0     0
2714     0     0     0     0     0     0     0
2718     0     0     0     0     0     0     0
2722     0     0     0     0     0     0     0
2726     0     0     0     0     0     0     0
2730     0     0     0     0     0     0     0
2734     0     0     0     0     0     0     0
2738     0     0     0     0     0     0     0
2742     0     0     0     0     0     0     0
2746     0     0     0     0     0     0     0
2750     0     0     0     0     0     0     0
2754     0     0     0     0     0     0     0
2758     0     0     0     0     0     0     0
2762     0     0     0     0     0     0     0
2766     0     0     0     0     0     0     0
2770     0     0     0     0     0     0     0
2774     0     0     0     0     0     0     0
2778     0     0     0     0     0     0     0
2782     0     0     0     0     0     0     0
2786     0     0     0     0     0     0     0
2790     0     0     0     0     0     0     0
2794     0     0     0     0     0     0     0
2798     0     0     0     0     0     0     0
2802     0     0     0     0     0     0     0
2806     0     0     0     0     0     0     0
2810     0     0     0     0     0     0     0
2814     0     0     0     0     0     0     0
2818     0     0     0     0     0     0     0
2822     0     0     0     0     0     0     0
2826     0     0     0     0     0     0     0
2830     0     0     0     0     0     0     0
2834     0     0     0     0     0     0     0
2838     0     0     0     0     0     0     0
2842     0     0     0     0     0     0     0
2846     0     0     0     0     0     0     0
2850     0     0     0     0     0     0     0
2854     0     0     0     0     0     0     0
2858     0     0     0     0     0     0     0
2862     0     0     0     0     0     0     0
2866     0     0     0     0     0     0     0
2870     0     0     0     0     0     0     0
2874     0     0     0     0     0     0     0
2878     0     0     0     0     0     0     0
2882     0     0     0     0     0     0     0
2886     0     0     0     0     0     0     0
2890     0     0     0     0     0     0     0
2894     0     0     0     0     0     0     0
2898     0     0     0     0     0     0     0
2902     0     0     0     0     0     0     0
2906     0     0     0     0     0     0     0
2910     0     0     0     0     0     0     0
2914     0     0     0     0     0     0     0
2918     0     0     0     0     0     0     0
2922     0     0     0     0     0     0     0
2926     0     0     0     0     0     0     0
2930     0     0     0     0     0     0     0
2934     0     0     0     0     0     0     0
2938     0     0     0     0     0     0     0
2942     0     0     0     0     0     0     0
2946     0     0     0     0     0     0     0
2950     0     0     0     0     0     0     0
2954     0     0     0     0     0     0     0
2958     0     0     0     0     0     0     0
2962     0     0     0     0     0     0     0
2966     0     0     0     0     0     0     0
2970     0     0     0     0     0     0     0
2974     0     0     0     0     0     0     0
2978     0     0     0     0     0     0     0
2982     0     0     0     0     0     0     0
2986     0     0     0     0     0     0     0
2990     0     0     0     0     0     0     0
2994     0     0     0     0     0     0     0
2998     0     0     0     0     0     0     0
3002     0     0     0     0     0     0     0
3006     0     0     0     0     0     0     0
3010     0     0     0     0     0     0     0
3014     0     0     0     0     0     0     0
3018     0     0     0     0     0     0     0
3022     0     0     0     0     0     0     0
3026     0     0     0     0     0     0     0
3030     0     0     0     0     0     0     0
3034     0     0     0     0     0     0     0
3038     0     0     0     0     0     0     0
3042     0     0     0     0     0     0     0
3046     0     0     0     0     0     0     0
3050     0     0     0     0     0     0     0
3054     0     0     0     0     0     0     0
3058     0     0     0     0     0     0     0
3062     0     0     0     0     0     0     0
3066     0     0     0     0     0     0     0
3070     0     0     0     0     0     0     0
3074     0     0     0     0     0     0     0
3078     0     0     0     0     0     0     0
3082     0     0     0     0     0     0     0
3086     0     0     0     0     0     0     0
3090     0     0     0     0     0     0     0
3094     0     0     0     0     0     0     0
3098     0     0     0     0     0     0     0
3102     0     0     0     0     0     0     0
3106     0     0     0     0     0     0     0
3110     0     0     0     0     0     0     0
3114     0     0     0     0     0     0     0
3118     0     0     0     0     0     0     0
3122     0     0     0     0     0     0     0
3126     0     0     0     0     0     0     0
3130     0     0     0     0     0     0     0
3134     0     0     0     0     0     0     0
3138     0     0     0     0     0     0     0
3142     0     0     0     0     0     0     0
3146     0     0     0     0     0     0     0
3150     0     0     0     0     0     0     0
3154     0     0     0     0     0     0     0
3158     0     0     0     0     0     0     0
3162     0     0     0     0     0     0     0
3166     0     0     0     0     0     0     0
3170     0     0     0     0     0     0     0
3174     0     0     0     0     0     0     0
3178     0     0     0     0     0     0     0
3182     0     0     0     0     0     0     0
3186     0     0     0     0     0     0     0
3190     0     0     0     0     0     0     0
3194     0     0     0     0     0     0     0
3198     0     0     0     0     0     0     0
3202     0     0     0     0     0     0     0
3206     0     0     0     0     0     0     0
3210     0     0     0     0     0     0     0
3214     0     0     0     0     0     0     0
3218     0     0     0     0     0     0     0
3222     0     0     0     0     0     0     0
3226     0     0     0     0     0     0     0
3230     0     0     0     0     0     0     0
3234     0     0     0     0     0     0     0
3238     0     0     0     0     0     0     0
3242     0     0     0     0     0     0     0
3246     0     0     0     0     0     0     0
3250     0     0     0     0     0     0     0
3254     0     0     0     0     0     0     0
3258     0     0     0     0     0     0     0
3262     0     0     0     0     0     0     0
3266     0     0     0     0     0     0     0
3270     0     0     0     0     0     0     0
3274     0     0     0     0     0     0     0
3278     0     0     0     0     0     0     0
3282     0     0     0     0     0     0     0
3286     0     0     0     0     0     0     0
3290     0     0     0     0     0     0     0
3294     0     0     0     0     0     0     0
3298     0     0     0     0     0     0     0
3302     0     0     0     0     0     0     0
3306     0     0     0     0     0     0     0
3310     0     0     0     0     0     0     0
3314     0     0     0     0     0     0     0
3318     0     0     0     0     0     0     0
3322     0     0     0     0     0     0     0
3326     0     0     0     0     0     0     0
3330     0     0     0     0     0     0     0
3334     0     0     0     0     0     0     0
3338     0     0     0     0     0     0     0
3342     0     0     0     0     0     0     0
3346     0     0     0     0     0     0     0
3350     0     0     0     0     0     0     0
3354     0     0     0     0     0     0     0
3358     0     0     0     0     0     0     0
3362     0     0     0     0     0     0     0
3366     0     0     0     0     0     0     0
3370     0     0     0     0     0     0     0
3374     0     0     0     0     0     0     0
3378     0     0     0     0     0     0     0
3382     0     0     0     0     0     0     0
3386     0     0     0     0     0     0     0
3390     0     0     0     0     0     0     0
3394     0     0     0     0     0     0     0
3398     0     0     0     0     0     0     0
3402     0     0     0     0     0     0     0
3406     0     0     0     0     0     0     0
3410     0     0     0     0     0     0     0
3414     0     0     0     0     0     0     0
3418     0     0     0     0     0     0     0
3422     0     0     0     0     0     0     0
3426     0     0     0     0     0     0     0
3430     0     0     0     0     0     0     0
3434     0     0     0     0     0     0     0
3438     0     0     0     0     0     0     0
3442     0     0     0     0     0     0     0
3446     0     0     0     0     0     0     0
3450     0     0     0     0     0     0     0
3454     0     0     0     0     0     0     0
3458     0     0     0     0     0     0     0
3462     0     0     0     0     0     0     0
3466     0     0     0     0     0     0     0
3470     0     0     0     0     0     0     0
3474     0     0     0     0     0     0     0
3478     0     0     0     0     0     0     0
3482     0     0     0     0     0     0     0
3486     0     0     0     0     0     0     0
3490     0     0     0     0     0     0     0
3494     0     0     0     0     0     0     0
3498     0     0     0     0     0     0     0
3502     0     0     0     0     0     0     0
3506     0     0     0     0     0     0     0
3510     0     0     0     0     0     0     0
3514     0     0     0     0     0     0     0
3518     0     0     0     0     0     0     0
3522     0     0     0     0     0     0     0
3526     0     0     0     0     0     0     0
3530     0     0     0     0     0     0     0
3534     0     0     0     0     0     0     0
3538     0     0     0     0     0     0     0
3542     0     0     0     0     0     0     0
3546     0     0     0     0     0     0     0
3550     0     0     0     0     0     0     0
3554     0     0     0     0     0     0     0
3558     0     0     0     0     0     0     0
3562     0     0     0     0     0     0     0
3566     0     0     0     0     0     0     0
3570     0     0     0     0     0     0     0
3574     0     0     0     0     0     0     0
3578     0     0     0     0     0     0     0
3582     0     0     0     0     0     0     0
3586     0     0     0     0     0     0     0
3590     0     0     0     0     0     0     0
3594     0     0     0     0     0     0     0
3598     0     0     0     0     0     0     0
3602     0     0     0     0     0     0     0
3606     0     0     0     0     0     0     0
3610     0     0     0     0     0     0     0
3614     0     0     0     0     0     0     0
3618     0     0     0     0     0     0     0
3622     0     0     0     0     0     0     0
3626     0     0     0     0     0     0     0
3630     0     0     0     0     0     0     0
3634     0     0     0     0     0     0     0
3638     0     0     0     0     0     0     0
3642     0     0     0     0     0     0     0
3646     0     0     0     0     0     0     0
3650     0     0     0     0     0     0     0
3654     0     0     0     0     0     0     0
3658     0     0     0     0     0     0     0
3662     0     0     0     0     0     0     0
3666     0     0     0     0     0     0     0
3670     0     0     0     0     0     0     0
3674     0     0     0     0     0     0     0
3678     0     0     0     0     0     0     0
3682     0     0     0     0     0     0     0
3686     0     0     0     0     0     0     0
3690     0     0     0     0     0     0     0
3694     0     0     0     0     0     0     0
3698     0     0     0     0     0     0     0
3702     0     0     0     0     0     0     0
3706     0     0     0     0     0     0     0
3710     0     0     0     0     0     0     0
3714     0     0     0     0     0     0     0
3718     0     0     0     0     0     0     0
3722     0     0     0     0     0     0     0
3726     0     0     0     0     0     0     0
3730     0     0     0     0     0     0     0
3734     0     0     0     0     0     0     0
3738     0     0     0     0     0     0     0
3742     0     0     0     0     0     0     0
3746     0     0     0     0     0     0     0
3750     0     0     0     0     0     0     0
3754     0     0     0     0     0     0     0
3758     0     0     0     0     0     0     0
3762     0     0     0     0     0     0     0
3766     0     0     0     0     0     0     0
3770     0     0     0     0     0     0     0
3774     0     0     0     0     0     0     0
3778     0     0     0     0     0     0     0
3782     0     0     0     0     0     0     0
3786     0     0     0     0     0     0     0
3790     0     0     0     0     0     0     0
3794     0     0     0     0     0     0     0
3798     0     0     0     0     0     0     0
3802     0     0     0     0     0     0     0
3806     0     0     0     0     0     0     0
3810     0     0     0     0     0     0     0
3814     0     0     0     0     0     0     0
3818     0     0     0     0     0     0     0
3822     0     0     0     0     0     0     0
3826     0     0     0     0     0     0     0
3830     0     0     0     0     0     0     0
3834     0     0     0     0     0     0     0
3838     0     0     0     0     0     0     0
3842     0     0     0     0     0     0     0
3846     0     0     0     0     0     0     0
3850     0     0     0     0     0     0     0
3854     0     0     0     0     0     0     0
3858     0     0     0     0     0     0     0
3862     0     0     0     0     0     0     0
3866     0     0     0     0     0     0     0
3870     0     0     0     0     0     0     0
3874     0     0     0     0     0     0     0
3878     0     0     0     0     0     0     0
3882     0     0     0     0     0     0     0
3886     0     0     0     0     0     0     0
3890     0     0     0     0     0     0     0
3894     0     0     0     0     0     0     0
3898     0     0     0     0     0     0     0
3902     0     0     0     0     0     0     0
3906     0     0     0     0     0     0     0
3910     0     0     0     0     0     0     0
3914     0     0     0     0     0     0     0
3918     0     0     0     0     0     0     0
3922     0     0     0     0     0     0     0
3926     0     0     0     0     0     0     0
3930     0     0     0     0     0     0     0
3934     0     0     0     0     0     0     0
3938     0     0     0     0     0     0     0
3942     0     0     0     0     0     0     0
3946     0     0     0     0     0     0     0
3950     0     0     0     0     0     0     0
3954     0     0     0     0     0     0     0
3958     0     0     0     0     0     0     0
3962     0     0     0     0     0     0     0
3966     0     0     0     0     0     0     0
3970     0     0     0     0     0     0     0
3974     0     0     0     0     0     0     0
3978     0     0     0     0     0     0     0
3982     0     0     0     0     0     0     0
3986     0     0     0     0     0     0     0
3990     0     0     0     0     0     0     0
3994     0     0     0     0     0     0     0
3998     0     0     0     0     0     0     0
