2     0     0     0     0     0     0     0
6     0     0     0     0     0     0     0
10     0     0     0     0     0     0     0
14     0     0     0     0     0     0     0
18     0     0     0     0     0     0     0
22     0     0     0     0     0     0     0
26     0     0     0     0     0     0     0
30     0     0     0     0     0     0     0
34     0     0     0     0     0     0     0
38     0     0     0     0     0     0     0
42     0     0     0     0     0     0     0
46     0     0     0     0     0     0     0
50     0.000572784     2.33402e-07     2.33402e-07     2.33402e-07     2.37744e-07     2.40584e-07     2.35842e-07
54     0.000505398     1.86979e-07     1.86979e-07     1.86979e-07     1.90457e-07     1.92732e-07     1.88933e-07
58     0.00069071     2.34607e-07     2.34607e-07     2.34607e-07     2.38971e-07     2.41826e-07     2.37059e-07
62     0.000707557     2.21089e-07     2.21089e-07     2.21089e-07     2.25202e-07     2.27893e-07     2.234e-07
66     0.000606477     1.78566e-07     1.78566e-07     1.78566e-07     1.81888e-07     1.84061e-07     1.80432e-07
70     0.00069071     1.93339e-07     1.93339e-07     1.93339e-07     1.96936e-07     1.99289e-07     1.9536e-07
74     0.00079179     2.12853e-07     2.12853e-07     2.12853e-07     2.16812e-07     2.19403e-07     2.15077e-07
78     0.000825483     2.14265e-07     2.14265e-07     2.14265e-07     2.18251e-07     2.20858e-07     2.16504e-07
82     0.00106134     2.69811e-07     2.69811e-07     2.69811e-07     2.7483e-07     2.78113e-07     2.7263e-07
86     0.00112872     2.82627e-07     2.82627e-07     2.82627e-07     2.87884e-07     2.91324e-07     2.85581e-07
90     0.000977102     2.42546e-07     2.42546e-07     2.42546e-07     2.47058e-07     2.5001e-07     2.45081e-07
94     0.00106134     2.63024e-07     2.63024e-07     2.63024e-07     2.67916e-07     2.71117e-07     2.65773e-07
98     0.00149935     3.73212e-07     3.73212e-07     3.73212e-07     3.80154e-07     3.84697e-07     3.77113e-07
102     0.00153304     3.84427e-07     3.84427e-07     3.84427e-07     3.91578e-07     3.96257e-07     3.88445e-07
106     0.00106134     2.69837e-07     2.69837e-07     2.69837e-07     2.74856e-07     2.7814e-07     2.72657e-07
110     0.00144881     3.77157e-07     3.77157e-07     3.77157e-07     3.84173e-07     3.88763e-07     3.81099e-07
114     0.00151619     4.09339e-07     4.09339e-07     4.09339e-07     4.16954e-07     4.21936e-07     4.13618e-07
118     0.00138142     3.9306e-07     3.9306e-07     3.9306e-07     4.00372e-07     4.05156e-07     3.97168e-07
122     0.00165097     5.04662e-07     5.04662e-07     5.04662e-07     5.14049e-07     5.20191e-07     5.09936e-07
126     0.00146565     4.94991e-07     4.94991e-07     4.94991e-07     5.04199e-07     5.10223e-07     5.00165e-07
130     0.00186997     7.09622e-07     7.09622e-07     7.09622e-07     7.22822e-07     7.31458e-07     7.17038e-07
134     0.00183628     8.13389e-07     8.13389e-07     8.13389e-07     8.28519e-07     8.38418e-07     8.2189e-07
138     0.00188682     1.00301e-06     1.00301e-06     1.00301e-06     1.02167e-06     1.03388e-06     1.01349e-06
142     0.0024596     1.61909e-06     1.61909e-06     1.61909e-06     1.6492e-06     1.66891e-06     1.63601e-06
146     0.00188682     1.6202e-06     1.6202e-06     1.6202e-06     1.65034e-06     1.67006e-06     1.63713e-06
150     0.00190366     2.24839e-06     2.24839e-06     2.24839e-06     2.29021e-06     2.31757e-06     2.27189e-06
154     0.0024596     4.45838e-06     4.45838e-06     4.45838e-06     4.54131e-06     4.59557e-06     4.50497e-06
158     0.00239222     8.10245e-06     8.10245e-06     8.10245e-06     8.25317e-06     8.35177e-06     8.18713e-06
162     0.00229114     2.06393e-05     2.06393e-05     2.06393e-05     2.10232e-05     2.12744e-05     2.0855e-05
166     0.00192051     3.26451e-05     3.26451e-05     3.26451e-05     3.32523e-05     3.36496e-05     3.29863e-05
170     0.00284707     6.47652e-05     6.47652e-05     6.47652e-05     6.59699e-05     6.67581e-05     6.54421e-05
174     0.00239222     6.58197e-05     6.58197e-05     6.58197e-05     6.70441e-05     6.78451e-05     6.65076e-05
178     0.00242591     7.88348e-05     7.88348e-05     7.88348e-05     8.03013e-05     8.12607e-05     7.96587e-05
182     0.00308293     0.000120982     0.000120982     0.000120982     0.000123233     0.000124705     0.000122247
186     0.00306608     0.000146512     0.000146512     0.000146512     0.000149237     0.00015102     0.000148043
190     0.00316716     0.000175711     0.000175711     0.000175711     0.00017898     0.000181118     0.000177548
194     0.00299869     0.000187972     0.000187972     0.000187972     0.000191468     0.000193756     0.000189936
198     0.00341986     0.000236908     0.000236908     0.000236908     0.000241315     0.000244198     0.000239384
202     0.00340301     0.000258293     0.000258293     0.000258293     0.000263098     0.000266241     0.000260992
206     0.00331878     0.000272947     0.000272947     0.000272947     0.000278024     0.000281346     0.0002758
210     0.00348724     0.000311396     0.000311396     0.000311396     0.000318646     0.000323248     0.000315561
214     0.00363886     0.000348969     0.000348969     0.000348969     0.000358392     0.000364277     0.000354445
218     0.00390841     0.000401792     0.000401792     0.000401792     0.000412852     0.000419749     0.000408227
222     0.00421165     0.000461839     0.000461839     0.000461839     0.000474797     0.000482861     0.000469387
226     0.0046665     0.000543888     0.000543888     0.000543888     0.000559495     0.000569187     0.000552993
230     0.0046665     0.000579352     0.000579352     0.000579352     0.000596315     0.00060683     0.00058926
234     0.00476758     0.000626518     0.000626518     0.000626518     0.000645321     0.000656954     0.000637515
238     0.00449804     0.000625173     0.000625173     0.000625173     0.000644311     0.000656136     0.000636377
242     0.00483497     0.000711123     0.000711123     0.000711123     0.000733486     0.000747272     0.000724234
246     0.00496974     0.000771308     0.000771308     0.000771308     0.000796208     0.000811521     0.000785929
250     0.00576153     0.000940073     0.000940073     0.000940073     0.000971112     0.000990163     0.00095832
254     0.00547514     0.000938251     0.000938251     0.000938251     0.000970261     0.000989861     0.000957099
258     0.0064017     0.00115602     0.00115602     0.00115602     0.00119638     0.00122105     0.00117981
262     0.00584577     0.00110524     0.00110524     0.00110524     0.00114506     0.00116934     0.00112874
266     0.00601423     0.00119259     0.00119259     0.00119259     0.00123702     0.00126405     0.00121886
270     0.00662071     0.00137187     0.00137187     0.00137187     0.00142425     0.00145608     0.00140287
274     0.00699133     0.00151601     0.00151601     0.00151601     0.00157581     0.00161206     0.00155144
278     0.00712611     0.00161426     0.00161426     0.00161426     0.00168049     0.00172055     0.00165356
282     0.0076652     0.00181007     0.00181007     0.00181007     0.00188686     0.00193324     0.00185569
286     0.00825483     0.00203384     0.00203384     0.00203384     0.00212338     0.00217735     0.0020871
290     0.00830537     0.00213079     0.00213079     0.00213079     0.00222838     0.00228706     0.00218891
294     0.00902977     0.00240824     0.00240824     0.00240824     0.00252338     0.00259246     0.00247692
298     0.00980471     0.00271661     0.00271661     0.00271661     0.00285225     0.00293343     0.00279763
302     0.0102427     0.002948     0.002948     0.002948     0.00310183     0.00319371     0.00304001
306     0.0104617     0.00312725     0.00312725     0.00312725     0.00329847     0.00340052     0.00322978
310     0.0115231     0.00357208     0.00357208     0.00357208     0.0037768     0.00389863     0.00369479
314     0.0123317     0.00396347     0.00396347     0.00396347     0.004203     0.00434528     0.00410722
318     0.0132077     0.00439469     0.00439469     0.00439469     0.00467535     0.00484172     0.00456333
322     0.0135278     0.0046561     0.0046561     0.0046561     0.00497177     0.00515845     0.00484603
326     0.015482     0.00550597     0.00550597     0.00550597     0.00590181     0.00613531     0.00574446
330     0.0162233     0.00595864     0.00595864     0.00595864     0.0064138     0.00668161     0.00623324
334     0.0170656     0.00646884     0.00646884     0.00646884     0.00699971     0.00731126     0.00678957
338     0.019441     0.00759818     0.00759818     0.00759818     0.00826826     0.00866079     0.00800343
342     0.0212604     0.0085791     0.0085791     0.0085791     0.00939594     0.00987432     0.00907329
346     0.0232651     0.00970387     0.00970387     0.00970387     0.0107132     0.0113065     0.0103138
350     0.0253204     0.0109688     0.0109688     0.0109688     0.0122158     0.0129472     0.0117232
354     0.0275442     0.0124995     0.0124995     0.0124995     0.0140441     0.0149511     0.0134337
358     0.0303744     0.0144678     0.0144678     0.0144678     0.0164124     0.0175587     0.0156424
362     0.0319748     0.0159341     0.0159341     0.0159341     0.0182352     0.0195945     0.0173233
366     0.0370457     0.0192856     0.0192856     0.0192856     0.0222574     0.0240146     0.0210793
370     0.0430936     0.0234386     0.0234386     0.0234386     0.0272865     0.0295664     0.0257595
374     0.0484339     0.0275098     0.0275098     0.0275098     0.0322533     0.0350733     0.0303671
378     0.0537912     0.0319043     0.0319043     0.0319043     0.0376211     0.0410339     0.0353427
382     0.0636464     0.0393702     0.0393702     0.0393702     0.0465827     0.0509022     0.0437024
386     0.0747989     0.0481706     0.0481706     0.0481706     0.0570637     0.0624017     0.0535071
390     0.0863893     0.0579297     0.0579297     0.0579297     0.0685165     0.0748813     0.0642773
394     0.102747     0.0717427     0.0717427     0.0717427     0.0844077     0.0920324     0.0793304
398     0.125676     0.0916042     0.0916042     0.0916042     0.106886     0.116101     0.10075
402     0.154012     0.117561     0.117561     0.117561     0.135546     0.146417     0.12831
406     0.186559     0.150157     0.150157     0.150157     0.17049     0.182822     0.162287
410     0.229147     0.196025     0.196025     0.196025     0.2186     0.232341     0.209461
414     0.277868     0.255641     0.255641     0.255641     0.279277     0.29373     0.269663
418     0.315301     0.314677     0.314677     0.314677     0.336414     0.349794     0.32751
422     0.341177     0.369972     0.369972     0.369972     0.38674     0.397189     0.379777
426     0.333226     0.387415     0.387415     0.387415     0.396066     0.399845     0.3941
430     0.301874     0.366968     0.366968     0.366968     0.367164     0.367639     0.366823
434     0.254737     0.316233     0.316233     0.316233     0.309847     0.306302     0.312177
438     0.210532     0.262942     0.262942     0.262942     0.252767     0.246876     0.256657
442     0.166545     0.208097     0.208097     0.208097     0.196469     0.189639     0.200985
446     0.134065     0.167547     0.167547     0.167547     0.155639     0.148594     0.160298
450     0.10706     0.134095     0.134095     0.134095     0.122781     0.116062     0.127228
454     0.0884109     0.111266     0.111266     0.111266     0.100558     0.0941843     0.104779
458     0.0735354     0.0932223     0.0932223     0.0932223     0.0832754     0.0773447     0.0872047
462     0.0607151     0.0777314     0.0777314     0.0777314     0.0687218     0.0633411     0.0722877
466     0.050624     0.0655691     0.0655691     0.0655691     0.0574387     0.0525747     0.0606625
470     0.0426219     0.0559181     0.0559181     0.0559181     0.0485881     0.0441962     0.0514986
474     0.0379891     0.0505205     0.0505205     0.0505205     0.0435804     0.0394181     0.0463391
478     0.0309472     0.0417466     0.0417466     0.0417466     0.035776     0.0321926     0.0381516
482     0.0273083     0.0374039     0.0374039     0.0374039     0.0318629     0.0285344     0.0340697
486     0.024596     0.0342113     0.0342113     0.0342113     0.0289892     0.0258492     0.0310713
490     0.0221027     0.03123     0.03123     0.03123     0.026344     0.0234032     0.0282938
494     0.0195589     0.0280701     0.0280701     0.0280701     0.0235754     0.0208686     0.0253703
498     0.0172341     0.0251274     0.0251274     0.0251274     0.0210182     0.0185427     0.0226602
502     0.0157684     0.0233573     0.0233573     0.0233573     0.019467     0.0171222     0.0210225
506     0.0138647     0.0208752     0.0208752     0.0208752     0.0173364     0.0152021     0.0187524
510     0.0122306     0.0187104     0.0187104     0.0187104     0.0154885     0.0135434     0.0167788
514     0.0113546     0.0176598     0.0176598     0.0176598     0.0145745     0.01271     0.0158113
518     0.0101922     0.0161128     0.0161128     0.0161128     0.0132615     0.0115365     0.0144054
522     0.00968679     0.0155583     0.0155583     0.0155583     0.0127726     0.0110859     0.0138911
526     0.00847383     0.0138283     0.0138283     0.0138283     0.0113204     0.00980096     0.0123281
530     0.00805267     0.0133454     0.0133454     0.0133454     0.0108932     0.00940725     0.011879
534     0.00694079     0.0116754     0.0116754     0.0116754     0.00950755     0.00819393     0.0103792
538     0.00660386     0.0112847     0.0112847     0.0112847     0.009165     0.00788053     0.0100175
542     0.00635116     0.0110182     0.0110182     0.0110182     0.008926     0.00765788     0.00976789
546     0.00562676     0.00990915     0.00990915     0.00990915     0.00801179     0.00686097     0.00877586
550     0.00552568     0.0098872     0.0098872     0.0098872     0.0079688     0.00680375     0.00874215
554     0.00530668     0.00964785     0.00964785     0.00964785     0.00776468     0.00661911     0.00852459
558     0.00453173     0.00836388     0.00836388     0.00836388     0.00671363     0.00570909     0.00738005
562     0.00395895     0.00740466     0.00740466     0.00740466     0.00593252     0.00503718     0.00652686
566     0.00427903     0.0081106     0.0081106     0.0081106     0.00648673     0.00550137     0.00714177
570     0.00411057     0.00789455     0.00789455     0.00789455     0.00630219     0.00533713     0.00694429
574     0.0034704     0.00676291     0.00676291     0.00676291     0.00538117     0.004543     0.00593877
578     0.00355463     0.00703248     0.00703248     0.00703248     0.00558679     0.00470848     0.00617081
582     0.00294815     0.00591308     0.00591308     0.00591308     0.00468585     0.00394004     0.00518181
586     0.00303239     0.00616426     0.00616426     0.00616426     0.00487326     0.00408922     0.00539497
590     0.00291446     0.00600905     0.00600905     0.00600905     0.00474155     0.003971     0.00525424
594     0.00286392     0.00600476     0.00600476     0.00600476     0.00472688     0.00394678     0.0052451
598     0.00247645     0.00527844     0.00527844     0.00527844     0.00414426     0.00344885     0.00460548
602     0.00207213     0.00447916     0.00447916     0.00447916     0.00350753     0.00291114     0.00390298
606     0.00242591     0.00530411     0.00530411     0.00530411     0.0041479     0.00343964     0.00461806
610     0.00176889     0.0039147     0.0039147     0.0039147     0.00305333     0.00252666     0.00340334
614     0.00186997     0.00419585     0.00419585     0.00419585     0.00326666     0.00269811     0.00364449
618     0.00183628     0.00418135     0.00418135     0.00418135     0.00324755     0.00267483     0.00362787
622     0.00185312     0.00427688     0.00427688     0.00427688     0.0033128     0.00272027     0.00370602
626     0.00144881     0.00339063     0.00339063     0.00339063     0.0026224     0.00214968     0.002936
630     0.00161727     0.00383254     0.00383254     0.00383254     0.00295423     0.00241368     0.00331291
634     0.00143196     0.00343509     0.00343509     0.00343509     0.00264435     0.00215796     0.00296728
638     0.00158358     0.00384736     0.00384736     0.00384736     0.00295338     0.00240343     0.00331858
642     0.00139827     0.00344487     0.00344487     0.00344487     0.0026389     0.00214227     0.00296851
646     0.00154989     0.00387095     0.00387095     0.00387095     0.00295646     0.00239136     0.00333114
650     0.00128034     0.0032452     0.0032452     0.0032452     0.00247203     0.00199278     0.00278945
654     0.00134773     0.00346281     0.00346281     0.00346281     0.00263279     0.00211705     0.00297406
658     0.00116241     0.00303001     0.00303001     0.00303001     0.00229502     0.00183758     0.00259759
662     0.00117926     0.0031107     0.0031107     0.0031107     0.00235001     0.00187601     0.00266344
666     0.00133088     0.00355338     0.00355338     0.00355338     0.00267826     0.00213238     0.00303912
670     0.000876023     0.00236946     0.00236946     0.00236946     0.00178318     0.00141715     0.00202511
674     0.00116241     0.00318322     0.00318322     0.00318322     0.00238969     0.00189397     0.00271735
678     0.000892869     0.00247482     0.00247482     0.00247482     0.00185263     0.00146387     0.00210964
682     0.000909716     0.00254635     0.00254635     0.00254635     0.00190438     0.00150344     0.00216955
686     0.00074125     0.00209894     0.00209894     0.00209894     0.00156433     0.00123073     0.00178512
690     0.000673864     0.00193269     0.00193269     0.00193269     0.00143516     0.00112467     0.00164072
694     0.000808636     0.00234649     0.00234649     0.00234649     0.00173863     0.00135871     0.00199002
698     0.00069071     0.00202838     0.00202838     0.00202838     0.0014993     0.00116798     0.00171838
702     0.000606477     0.00180391     0.00180391     0.00180391     0.00133134     0.00103507     0.0015272
706     0.000673864     0.00202739     0.00202739     0.00202739     0.00149275     0.00115737     0.00171447
710     0.00074125     0.0022571     0.0022571     0.0022571     0.00165493     0.00127664     0.0019049
714     0.000724403     0.00223715     0.00223715     0.00223715     0.00163734     0.00125941     0.00188679
718     0.000724403     0.00226494     0.00226494     0.00226494     0.00165229     0.0012651     0.00190756
722     0.000657017     0.00208077     0.00208077     0.00208077     0.00151226     0.00115253     0.00174938
726     0.000387472     0.00123851     0.00123851     0.00123851     0.000897959     0.000682564     0.00103999
730     0.000438011     0.0014147     0.0014147     0.0014147     0.00102515     0.000778958     0.0011876
734     0.000572784     0.00187163     0.00187163     0.00187163     0.00135076     0.00102138     0.00156807
738     0.000522244     0.00172708     0.00172708     0.00172708     0.00124398     0.000937966     0.00144577
742     0.000707557     0.00236697     0.00236697     0.00236697     0.00169907     0.00127489     0.00197852
746     0.000572784     0.00194142     0.00194142     0.00194142     0.0013907     0.00103977     0.00162158
750     0.000370625     0.00127216     0.00127216     0.00127216     0.000908052     0.000675521     0.00106092
754     0.000572784     0.00198521     0.00198521     0.00198521     0.00141291     0.00104725     0.0016533
758     0.000336932     0.00118146     0.00118146     0.00118146     0.000839748     0.0006215     0.000983291
762     0.000454858     0.00161021     0.00161021     0.00161021     0.0011408     0.000840937     0.00133804
766     0.000202159     0.000723017     0.000723017     0.000723017     0.000512166     0.000377348     0.000600825
770     0.000387472     0.00140666     0.00140666     0.00140666     0.000991322     0.000724999     0.00116628
774     0.000421165     0.0015445     0.0015445     0.0015445     0.00108473     0.000789096     0.00127874
778     0.000404318     0.00150051     0.00150051     0.00150051     0.00105141     0.000761853     0.00124124
782     0.000370625     0.00139237     0.00139237     0.00139237     0.00097323     0.000702559     0.00115059
786     0.000353778     0.00134291     0.00134291     0.00134291     0.000935716     0.000672726     0.00110807
790     0.000370625     0.00142102     0.00142102     0.00142102     0.000986795     0.000706362     0.00117064
794     0.000320085     0.00124036     0.00124036     0.00124036     0.000860463     0.000614876     0.00102141
798     0.000488551     0.00191279     0.00191279     0.00191279     0.00132219     0.000939811     0.00157265
802     0.000134773     0.000532903     0.000532903     0.000532903     0.000367949     0.000260977     0.000437981
806     0     0     0     0     0     0     0
810     0     0     0     0     0     0     0
814     0     0     0     0     0     0     0
818     0     0     0     0     0     0     0
822     0     0     0     0     0     0     0
826     0     0     0     0     0     0     0
830     0     0     0     0     0     0     0
834     0     0     0     0     0     0     0
838     0     0     0     0     0     0     0
842     0     0     0     0     0     0     0
846     0     0     0     0     0     0     0
850     0     0     0     0     0     0     0
854     0     0     0     0     0     0     0
858     0     0     0     0     0     0     0
862     0     0     0     0     0     0     0
866     0     0     0     0     0     0     0
870     0     0     0     0     0     0     0
874     0     0     0     0     0     0     0
878     0     0     0     0     0     0     0
882     0     0     0     0     0     0     0
886     0     0     0     0     0     0     0
890     0     0     0     0     0     0     0
894     0     0     0     0     0     0     0
898     0     0     0     0     0     0     0
902     0     0     0     0     0     0     0
906     0     0     0     0     0     0     0
910     0     0     0     0     0     0     0
914     0     0     0     0     0     0     0
918     0     0     0     0     0     0     0
922     0     0     0     0     0     0     0
926     0     0     0     0     0     0     0
930     0     0     0     0     0     0     0
934     0     0     0     0     0     0     0
938     0     0     0     0     0     0     0
942     0     0     0     0     0     0     0
946     0     0     0     0     0     0     0
950     0     0     0     0     0     0     0
954     0     0     0     0     0     0     0
958     0     0     0     0     0     0     0
962     0     0     0     0     0     0     0
966     0     0     0     0     0     0     0
970     0     0     0     0     0     0     0
974     0     0     0     0     0     0     0
978     0     0     0     0     0     0     0
982     0     0     0     0     0     0     0
986     0     0     0     0     0     0     0
990     0     0     0     0     0     0     0
994     0     0     0     0     0     0     0
998     0     0     0     0     0     0     0
1002     0     0     0     0     0     0     0
1006     0     0     0     0     0     0     0
1010     0     0     0     0     0     0     0
1014     0     0     0     0     0     0     0
1018     0     0     0     0     0     0     0
1022     0     0     0     0     0     0     0
1026     0     0     0     0     0     0     0
1030     0     0     0     0     0     0     0
1034     0     0     0     0     0     0     0
1038     0     0     0     0     0     0     0
1042     0     0     0     0     0     0     0
1046     0     0     0     0     0     0     0
1050     0     0     0     0     0     0     0
1054     0     0     0     0     0     0     0
1058     0     0     0     0     0     0     0
1062     0     0     0     0     0     0     0
1066     0     0     0     0     0     0     0
1070     0     0     0     0     0     0     0
1074     0     0     0     0     0     0     0
1078     0     0     0     0     0     0     0
1082     0     0     0     0     0     0     0
1086     0     0     0     0     0     0     0
1090     0     0     0     0     0     0     0
1094     0     0     0     0     0     0     0
1098     0     0     0     0     0     0     0
1102     0     0     0     0     0     0     0
1106     0     0     0     0     0     0     0
1110     0     0     0     0     0     0     0
1114     0     0     0     0     0     0     0
1118     0     0     0     0     0     0     0
1122     0     0     0     0     0     0     0
1126     0     0     0     0     0     0     0
1130     0     0     0     0     0     0     0
1134     0     0     0     0     0     0     0
1138     0     0     0     0     0     0     0
1142     0     0     0     0     0     0     0
1146     0     0     0     0     0     0     0
1150     0     0     0     0     0     0     0
1154     0     0     0     0     0     0     0
1158     0     0     0     0     0     0     0
1162     0     0     0     0     0     0     0
1166     0     0     0     0     0     0     0
1170     0     0     0     0     0     0     0
1174     0     0     0     0     0     0     0
1178     0     0     0     0     0     0     0
1182     0     0     0     0     0     0     0
1186     0     0     0     0     0     0     0
1190     0     0     0     0     0     0     0
1194     0     0     0     0     0     0     0
1198     0     0     0     0     0     0     0
1202     0     0     0     0     0     0     0
1206     0     0     0     0     0     0     0
1210     0     0     0     0     0     0     0
1214     0     0     0     0     0     0     0
1218     0     0     0     0     0     0     0
1222     0     0     0     0     0     0     0
1226     0     0     0     0     0     0     0
1230     0     0     0     0     0     0     0
1234     0     0     0     0     0     0     0
1238     0     0     0     0     0     0     0
1242     0     0     0     0     0     0     0
1246     0     0     0     0     0     0     0
1250     0     0     0     0     0     0     0
1254     0     0     0     0     0     0     0
1258     0     0     0     0     0     0     0
1262     0     0     0     0     0     0     0
1266     0     0     0     0     0     0     0
1270     0     0     0     0     0     0     0
1274     0     0     0     0     0     0     0
1278     0     0     0     0     0     0     0
1282     0     0     0     0     0     0     0
1286     0     0     0     0     0     0     0
1290     0     0     0     0     0     0     0
1294     0     0     0     0     0     0     0
1298     0     0     0     0     0     0     0
1302     0     0     0     0     0     0     0
1306     0     0     0     0     0     0     0
1310     0     0     0     0     0     0     0
1314     0     0     0     0     0     0     0
1318     0     0     0     0     0     0     0
1322     0     0     0     0     0     0     0
1326     0     0     0     0     0     0     0
1330     0     0     0     0     0     0     0
1334     0     0     0     0     0     0     0
1338     0     0     0     0     0     0     0
1342     0     0     0     0     0     0     0
1346     0     0     0     0     0     0     0
1350     0     0     0     0     0     0     0
1354     0     0     0     0     0     0     0
1358     0     0     0     0     0     0     0
1362     0     0     0     0     0     0     0
1366     0     0     0     0     0     0     0
1370     0     0     0     0     0     0     0
1374     0     0     0     0     0     0     0
1378     0     0     0     0     0     0     0
1382     0     0     0     0     0     0     0
1386     0     0     0     0     0     0     0
1390     0     0     0     0     0     0     0
1394     0     0     0     0     0     0     0
1398     0     0     0     0     0     0     0
1402     0     0     0     0     0     0     0
1406     0     0     0     0     0     0     0
1410     0     0     0     0     0     0     0
1414     0     0     0     0     0     0     0
1418     0     0     0     0     0     0     0
1422     0     0     0     0     0     0     0
1426     0     0     0     0     0     0     0
1430     0     0     0     0     0     0     0
1434     0     0     0     0     0     0     0
1438     0     0     0     0     0     0     0
1442     0     0     0     0     0     0     0
1446     0     0     0     0     0     0     0
1450     0     0     0     0     0     0     0
1454     0     0     0     0     0     0     0
1458     0     0     0     0     0     0     0
1462     0     0     0     0     0     0     0
1466     0     0     0     0     0     0     0
1470     0     0     0     0     0     0     0
1474     0     0     0     0     0     0     0
1478     0     0     0     0     0     0     0
1482     0     0     0     0     0     0     0
1486     0     0     0     0     0     0     0
1490     0     0     0     0     0     0     0
1494     0     0     0     0     0     0     0
1498     0     0     0     0     0     0     0
1502     0     0     0     0     0     0     0
1506     0     0     0     0     0     0     0
1510     0     0     0     0     0     0     0
1514     0     0     0     0     0     0     0
1518     0     0     0     0     0     0     0
1522     0     0     0     0     0     0     0
1526     0     0     0     0     0     0     0
1530     0     0     0     0     0     0     0
1534     0     0     0     0     0     0     0
1538     0     0     0     0     0     0     0
1542     0     0     0     0     0     0     0
1546     0     0     0     0     0     0     0
1550     0     0     0     0     0     0     0
1554     0     0     0     0     0     0     0
1558     0     0     0     0     0     0     0
1562     0     0     0     0     0     0     0
1566     0     0     0     0     0     0     0
1570     0     0     0     0     0     0     0
1574     0     0     0     0     0     0     0
1578     0     0     0     0     0     0     0
1582     0     0     0     0     0     0     0
1586     0     0     0     0     0     0     0
1590     0     0     0     0     0     0     0
1594     0     0     0     0     0     0     0
1598     0     0     0     0     0     0     0
1602     0     0     0     0     0     0     0
1606     0     0     0     0     0     0     0
1610     0     0     0     0     0     0     0
1614     0     0     0     0     0     0     0
1618     0     0     0     0     0     0     0
1622     0     0     0     0     0     0     0
1626     0     0     0     0     0     0     0
1630     0     0     0     0     0     0     0
1634     0     0     0     0     0     0     0
1638     0     0     0     0     0     0     0
1642     0     0     0     0     0     0     0
1646     0     0     0     0     0     0     0
1650     0     0     0     0     0     0     0
1654     0     0     0     0     0     0     0
1658     0     0     0     0     0     0     0
1662     0     0     0     0     0     0     0
1666     0     0     0     0     0     0     0
1670     0     0     0     0     0     0     0
1674     0     0     0     0     0     0     0
1678     0     0     0     0     0     0     0
1682     0     0     0     0     0     0     0
1686     0     0     0     0     0     0     0
1690     0     0     0     0     0     0     0
1694     0     0     0     0     0     0     0
1698     0     0     0     0     0     0     0
1702     0     0     0     0     0     0     0
1706     0     0     0     0     0     0     0
1710     0     0     0     0     0     0     0
1714     0     0     0     0     0     0     0
1718     0     0     0     0     0     0     0
1722     0     0     0     0     0     0     0
1726     0     0     0     0     0     0     0
1730     0     0     0     0     0     0     0
1734     0     0     0     0     0     0     0
1738     0     0     0     0     0     0     0
1742     0     0     0     0     0     0     0
1746     0     0     0     0     0     0     0
1750     0     0     0     0     0     0     0
1754     0     0     0     0     0     0     0
1758     0     0     0     0     0     0     0
1762     0     0     0     0     0     0     0
1766     0     0     0     0     0     0     0
1770     0     0     0     0     0     0     0
1774     0     0     0     0     0     0     0
1778     0     0     0     0     0     0     0
1782     0     0     0     0     0     0     0
1786     0     0     0     0     0     0     0
1790     0     0     0     0     0     0     0
1794     0     0     0     0     0     0     0
1798     0     0     0     0     0     0     0
1802     0     0     0     0     0     0     0
1806     0     0     0     0     0     0     0
1810     0     0     0     0     0     0     0
1814     0     0     0     0     0     0     0
1818     0     0     0     0     0     0     0
1822     0     0     0     0     0     0     0
1826     0     0     0     0     0     0     0
1830     0     0     0     0     0     0     0
1834     0     0     0     0     0     0     0
1838     0     0     0     0     0     0     0
1842     0     0     0     0     0     0     0
1846     0     0     0     0     0     0     0
1850     0     0     0     0     0     0     0
1854     0     0     0     0     0     0     0
1858     0     0     0     0     0     0     0
1862     0     0     0     0     0     0     0
1866     0     0     0     0     0     0     0
1870     0     0     0     0     0     0     0
1874     0     0     0     0     0     0     0
1878     0     0     0     0     0     0     0
1882     0     0     0     0     0     0     0
1886     0     0     0     0     0     0     0
1890     0     0     0     0     0     0     0
1894     0     0     0     0     0     0     0
1898     0     0     0     0     0     0     0
1902     0     0     0     0     0     0     0
1906     0     0     0     0     0     0     0
1910     0     0     0     0     0     0     0
1914     0     0     0     0     0     0     0
1918     0     0     0     0     0     0     0
1922     0     0     0     0     0     0     0
1926     0     0     0     0     0     0     0
1930     0     0     0     0     0     0     0
1934     0     0     0     0     0     0     0
1938     0     0     0     0     0     0     0
1942     0     0     0     0     0     0     0
1946     0     0     0     0     0     0     0
1950     0     0     0     0     0     0     0
1954     0     0     0     0     0     0     0
1958     0     0     0     0     0     0     0
1962     0     0     0     0     0     0     0
1966     0     0     0     0     0     0     0
1970     0     0     0     0     0     0     0
1974     0     0     0     0     0     0     0
1978     0     0     0     0     0     0     0
1982     0     0     0     0     0     0     0
1986     0     0     0     0     0     0     0
1990     0     0     0     0     0     0     0
1994     0     0     0     0     0     0     0
1998     0     0     0     0     0     0     0
2002     0     0     0     0     0     0     0
2006     0     0     0     0     0     0     0
2010     0     0     0     0     0     0     0
2014     0     0     0     0     0     0     0
2018     0     0     0     0     0     0     0
2022     0     0     0     0     0     0     0
2026     0     0     0     0     0     0     0
2030     0     0     0     0     0     0     0
2034     0     0     0     0     0     0     0
2038     0     0     0     0     0     0     0
2042     0     0     0     0     0     0     0
2046     0     0     0     0     0     0     0
2050     0     0     0     0     0     0     0
2054     0     0     0     0     0     0     0
2058     0     0     0     0     0     0     0
2062     0     0     0     0     0     0     0
2066     0     0     0     0     0     0     0
2070     0     0     0     0     0     0     0
2074     0     0     0     0     0     0     0
2078     0     0     0     0     0     0     0
2082     0     0     0     0     0     0     0
2086     0     0     0     0     0     0     0
2090     0     0     0     0     0     0     0
2094     0     0     0     0     0     0     0
2098     0     0     0     0     0     0     0
2102     0     0     0     0     0     0     0
2106     0     0     0     0     0     0     0
2110     0     0     0     0     0     0     0
2114     0     0     0     0     0     0     0
2118     0     0     0     0     0     0     0
2122     0     0     0     0     0     0     0
2126     0     0     0     0     0     0     0
2130     0     0     0     0     0     0     0
2134     0     0     0     0     0     0     0
2138     0     0     0     0     0     0     0
2142     0     0     0     0     0     0     0
2146     0     0     0     0     0     0     0
2150     0     0     0     0     0     0     0
2154     0     0     0     0     0     0     0
2158     0     0     0     0     0     0     0
2162     0     0     0     0     0     0     0
2166     0     0     0     0     0     0     0
2170     0     0     0     0     0     0     0
2174     0     0     0     0     0     0     0
2178     0     0     0     0     0     0     0
2182     0     0     0     0     0     0     0
2186     0     0     0     0     0     0     0
2190     0     0     0     0     0     0     0
2194     0     0     0     0     0     0     0
2198     0     0     0     0     0     0     0
2202     0     0     0     0     0     0     0
2206     0     0     0     0     0     0     0
2210     0     0     0     0     0     0     0
2214     0     0     0     0     0     0     0
2218     0     0     0     0     0     0     0
2222     0     0     0     0     0     0     0
2226     0     0     0     0     0     0     0
2230     0     0     0     0     0     0     0
2234     0     0     0     0     0     0     0
2238     0     0     0     0     0     0     0
2242     0     0     0     0     0     0     0
2246     0     0     0     0     0     0     0
2250     0     0     0     0     0     0     0
2254     0     0     0     0     0     0     0
2258     0     0     0     0     0     0     0
2262     0     0     0     0     0     0     0
2266     0     0     0     0     0     0     0
2270     0     0     0     0     0     0     0
2274     0     0     0     0     0     0     0
2278     0     0     0     0     0     0     0
2282     0     0     0     0     0     0     0
2286     0     0     0     0     0     0     0
2290     0     0     0     0     0     0     0
2294     0     0     0     0     0     0     0
2298     0     0     0     0     0     0     0
2302     0     0     0     0     0     0     0
2306     0     0     0     0     0     0     0
2310     0     0     0     0     0     0     0
2314     0     0     0     0     0     0     0
2318     0     0     0     0     0     0     0
2322     0     0     0     0     0     0     0
2326     0     0     0     0     0     0     0
2330     0     0     0     0     0     0     0
2334     0     0     0     0     0     0     0
2338     0     0     0     0     0     0     0
2342     0     0     0     0     0     0     0
2346     0     0     0     0     0     0     0
2350     0     0     0     0     0     0     0
2354     0     0     0     0     0     0     0
2358     0     0     0     0     0     0     0
2362     0     0     0     0     0     0     0
2366     0     0     0     0     0     0     0
2370     0     0     0     0     0     0     0
2374     0     0     0     0     0     0     0
2378     0     0     0     0     0     0     0
2382     0     0     0     0     0     0     0
2386     0     0     0     0     0     0     0
2390     0     0     0     0     0     0     0
2394     0     0     0     0     0     0     0
2398     0     0     0     0     0     0     0
2402     0     0     0     0     0     0     0
2406     0     0     0     0     0     0     0
2410     0     0     0     0     0     0     0
2414     0     0     0     0     0     0     0
2418     0     0     0     0     0     0     0
2422     0     0     0     0     0     0     0
2426     0     0     0     0     0     0     0
2430     0     0     0     0     0     0     0
2434     0     0     0     0     0     0     0
2438     0     0     0     0     0     0     0
2442     0     0     0     0     0     0     0
2446     0     0     0     0     0     0     0
2450     0     0     0     0     0     0     0
2454     0     0     0     0     0     0     0
2458     0     0     0     0     0     0     0
2462     0     0     0     0     0     0     0
2466     0     0     0     0     0     0     0
2470     0     0     0     0     0     0     0
2474     0     0     0     0     0     0     0
2478     0     0     0     0     0     0     0
2482     0     0     0     0     0     0     0
2486     0     0     0     0     0     0     0
2490     0     0     0     0     0     0     0
2494     0     0     0     0     0     0     0
2498     0     0     0     0     0     0     0
2502     0     0     0     0     0     0     0
2506     0     0     0     0     0     0     0
2510     0     0     0     0     0     0     0
2514     0     0     0     0     0     0     0
2518     0     0     0     0     0     0     0
2522     0     0     0     0     0     0     0
2526     0     0     0     0     0     0     0
2530     0     0     0     0     0     0     0
2534     0     0     0     0     0     0     0
2538     0     0     0     0     0     0     0
2542     0     0     0     0     0     0     0
2546     0     0     0     0     0     0     0
2550     0     0     0     0     0     0     0
2554     0     0     0     0     0     0     0
2558     0     0     0     0     0     0     0
2562     0     0     0     0     0     0     0
2566     0     0     0     0     0     0     0
2570     0     0     0     0     0     0     0
2574     0     0     0     0     0     0     0
2578     0     0     0     0     0     0     0
2582     0     0     0     0     0     0     0
2586     0     0     0     0     0     0     0
2590     0     0     0     0     0     0     0
2594     0     0     0     0     0     0     0
2598     0     0     0     0     0     0     0
2602     0     0     0     0     0     0     0
2606     0     0     0     0     0     0     0
2610     0     0     0     0     0     0     0
2614     0     0     0     0     0     0     0
2618     0     0     0     0     0     0     0
2622     0     0     0     0     0     0     0
2626     0     0     0     0     0     0     0
2630     0     0     0     0     0     0     0
2634     0     0     0     0     0     0     0
2638     0     0     0     0     0     0     0
2642     0     0     0     0     0     0     0
2646     0     0     0     0     0     0     0
2650     0     0     0     0     0     0     0
2654     0     0     0     0     0     0     0
2658     0     0     0     0     0     0     0
2662     0     0     0     0     0     0     0
2666     0     0     0     0     0     0     0
2670     0     0     0     0     0     0     0
2674     0     0     0     0     0     0     0
2678     0     0     0     0     0     0     0
2682     0     0     0     0     0     0     0
2686     0     0     0     0     0     0     0
2690     0     0     0     0     0     0     0
2694     0     0     0     0     0     0     0
2698     0     0     0     0     0     0     0
2702     0     0     0     0     0     0     0
2706     0     0     0     0     0     0     0
2710     0     0     0     0     0     0     0
2714     0     0     0     0     0     0     0
2718     0     0     0     0     0     0     0
2722     0     0     0     0     0     0     0
2726     0     0     0     0     0     0     0
2730     0     0     0     0     0     0     0
2734     0     0     0     0     0     0     0
2738     0     0     0     0     0     0     0
2742     0     0     0     0     0     0     0
2746     0     0     0     0     0     0     0
2750     0     0     0     0     0     0     0
2754     0     0     0     0     0     0     0
2758     0     0     0     0     0     0     0
2762     0     0     0     0     0     0     0
2766     0     0     0     0     0     0     0
2770     0     0     0     0     0     0     0
2774     0     0     0     0     0     0     0
2778     0     0     0     0     0     0     0
2782     0     0     0     0     0     0     0
2786     0     0     0     0     0     0     0
2790     0     0     0     0     0     0     0
2794     0     0     0     0     0     0     0
2798     0     0     0     0     0     0     0
2802     0     0     0     0     0     0     0
2806     0     0     0     0     0     0     0
2810     0     0     0     0     0     0     0
2814     0     0     0     0     0     0     0
2818     0     0     0     0     0     0     0
2822     0     0     0     0     0     0     0
2826     0     0     0     0     0     0     0
2830     0     0     0     0     0     0     0
2834     0     0     0     0     0     0     0
2838     0     0     0     0     0     0     0
2842     0     0     0     0     0     0     0
2846     0     0     0     0     0     0     0
2850     0     0     0     0     0     0     0
2854     0     0     0     0     0     0     0
2858     0     0     0     0     0     0     0
2862     0     0     0     0     0     0     0
2866     0     0     0     0     0     0     0
2870     0     0     0     0     0     0     0
2874     0     0     0     0     0     0     0
2878     0     0     0     0     0     0     0
2882     0     0     0     0     0     0     0
2886     0     0     0     0     0     0     0
2890     0     0     0     0     0     0     0
2894     0     0     0     0     0     0     0
2898     0     0     0     0     0     0     0
2902     0     0     0     0     0     0     0
2906     0     0     0     0     0     0     0
2910     0     0     0     0     0     0     0
2914     0     0     0     0     0     0     0
2918     0     0     0     0     0     0     0
2922     0     0     0     0     0     0     0
2926     0     0     0     0     0     0     0
2930     0     0     0     0     0     0     0
2934     0     0     0     0     0     0     0
2938     0     0     0     0     0     0     0
2942     0     0     0     0     0     0     0
2946     0     0     0     0     0     0     0
2950     0     0     0     0     0     0     0
2954     0     0     0     0     0     0     0
2958     0     0     0     0     0     0     0
2962     0     0     0     0     0     0     0
2966     0     0     0     0     0     0     0
2970     0     0     0     0     0     0     0
2974     0     0     0     0     0     0     0
2978     0     0     0     0     0     0     0
2982     0     0     0     0     0     0     0
2986     0     0     0     0     0     0     0
2990     0     0     0     0     0     0     0
2994     0     0     0     0     0     0     0
2998     0     0     0     0     0     0     0
3002     0     0     0     0     0     0     0
3006     0     0     0     0     0     0     0
3010     0     0     0     0     0     0     0
3014     0     0     0     0     0     0     0
3018     0     0     0     0     0     0     0
3022     0     0     0     0     0     0     0
3026     0     0     0     0     0     0     0
3030     0     0     0     0     0     0     0
3034     0     0     0     0     0     0     0
3038     0     0     0     0     0     0     0
3042     0     0     0     0     0     0     0
3046     0     0     0     0     0     0     0
3050     0     0     0     0     0     0     0
3054     0     0     0     0     0     0     0
3058     0     0     0     0     0     0     0
3062     0     0     0     0     0     0     0
3066     0     0     0     0     0     0     0
3070     0     0     0     0     0     0     0
3074     0     0     0     0     0     0     0
3078     0     0     0     0     0     0     0
3082     0     0     0     0     0     0     0
3086     0     0     0     0     0     0     0
3090     0     0     0     0     0     0     0
3094     0     0     0     0     0     0     0
3098     0     0     0     0     0     0     0
3102     0     0     0     0     0     0     0
3106     0     0     0     0     0     0     0
3110     0     0     0     0     0     0     0
3114     0     0     0     0     0     0     0
3118     0     0     0     0     0     0     0
3122     0     0     0     0     0     0     0
3126     0     0     0     0     0     0     0
3130     0     0     0     0     0     0     0
3134     0     0     0     0     0     0     0
3138     0     0     0     0     0     0     0
3142     0     0     0     0     0     0     0
3146     0     0     0     0     0     0     0
3150     0     0     0     0     0     0     0
3154     0     0     0     0     0     0     0
3158     0     0     0     0     0     0     0
3162     0     0     0     0     0     0     0
3166     0     0     0     0     0     0     0
3170     0     0     0     0     0     0     0
3174     0     0     0     0     0     0     0
3178     0     0     0     0     0     0     0
3182     0     0     0     0     0     0     0
3186     0     0     0     0     0     0     0
3190     0     0     0     0     0     0     0
3194     0     0     0     0     0     0     0
3198     0     0     0     0     0     0     0
3202     0     0     0     0     0     0     0
3206     0     0     0     0     0     0     0
3210     0     0     0     0     0     0     0
3214     0     0     0     0     0     0     0
3218     0     0     0     0     0     0     0
3222     0     0     0     0     0     0     0
3226     0     0     0     0     0     0     0
3230     0     0     0     0     0     0     0
3234     0     0     0     0     0     0     0
3238     0     0     0     0     0     0     0
3242     0     0     0     0     0     0     0
3246     0     0     0     0     0     0     0
3250     0     0     0     0     0     0     0
3254     0     0     0     0     0     0     0
3258     0     0     0     0     0     0     0
3262     0     0     0     0     0     0     0
3266     0     0     0     0     0     0     0
3270     0     0     0     0     0     0     0
3274     0     0     0     0     0     0     0
3278     0     0     0     0     0     0     0
3282     0     0     0     0     0     0     0
3286     0     0     0     0     0     0     0
3290     0     0     0     0     0     0     0
3294     0     0     0     0     0     0     0
3298     0     0     0     0     0     0     0
3302     0     0     0     0     0     0     0
3306     0     0     0     0     0     0     0
3310     0     0     0     0     0     0     0
3314     0     0     0     0     0     0     0
3318     0     0     0     0     0     0     0
3322     0     0     0     0     0     0     0
3326     0     0     0     0     0     0     0
3330     0     0     0     0     0     0     0
3334     0     0     0     0     0     0     0
3338     0     0     0     0     0     0     0
3342     0     0     0     0     0     0     0
3346     0     0     0     0     0     0     0
3350     0     0     0     0     0     0     0
3354     0     0     0     0     0     0     0
3358     0     0     0     0     0     0     0
3362     0     0     0     0     0     0     0
3366     0     0     0     0     0     0     0
3370     0     0     0     0     0     0     0
3374     0     0     0     0     0     0     0
3378     0     0     0     0     0     0     0
3382     0     0     0     0     0     0     0
3386     0     0     0     0     0     0     0
3390     0     0     0     0     0     0     0
3394     0     0     0     0     0     0     0
3398     0     0     0     0     0     0     0
3402     0     0     0     0     0     0     0
3406     0     0     0     0     0     0     0
3410     0     0     0     0     0     0     0
3414     0     0     0     0     0     0     0
3418     0     0     0     0     0     0     0
3422     0     0     0     0     0     0     0
3426     0     0     0     0     0     0     0
3430     0     0     0     0     0     0     0
3434     0     0     0     0     0     0     0
3438     0     0     0     0     0     0     0
3442     0     0     0     0     0     0     0
3446     0     0     0     0     0     0     0
3450     0     0     0     0     0     0     0
3454     0     0     0     0     0     0     0
3458     0     0     0     0     0     0     0
3462     0     0     0     0     0     0     0
3466     0     0     0     0     0     0     0
3470     0     0     0     0     0     0     0
3474     0     0     0     0     0     0     0
3478     0     0     0     0     0     0     0
3482     0     0     0     0     0     0     0
3486     0     0     0     0     0     0     0
3490     0     0     0     0     0     0     0
3494     0     0     0     0     0     0     0
3498     0     0     0     0     0     0     0
3502     0     0     0     0     0     0     0
3506     0     0     0     0     0     0     0
3510     0     0     0     0     0     0     0
3514     0     0     0     0     0     0     0
3518     0     0     0     0     0     0     0
3522     0     0     0     0     0     0     0
3526     0     0     0     0     0     0     0
3530     0     0     0     0     0     0     0
3534     0     0     0     0     0     0     0
3538     0     0     0     0     0     0     0
3542     0     0     0     0     0     0     0
3546     0     0     0     0     0     0     0
3550     0     0     0     0     0     0     0
3554     0     0     0     0     0     0     0
3558     0     0     0     0     0     0     0
3562     0     0     0     0     0     0     0
3566     0     0     0     0     0     0     0
3570     0     0     0     0     0     0     0
3574     0     0     0     0     0     0     0
3578     0     0     0     0     0     0     0
3582     0     0     0     0     0     0     0
3586     0     0     0     0     0     0     0
3590     0     0     0     0     0     0     0
3594     0     0     0     0     0     0     0
3598     0     0     0     0     0     0     0
3602     0     0     0     0     0     0     0
3606     0     0     0     0     0     0     0
3610     0     0     0     0     0     0     0
3614     0     0     0     0     0     0     0
3618     0     0     0     0     0     0     0
3622     0     0     0     0     0     0     0
3626     0     0     0     0     0     0     0
3630     0     0     0     0     0     0     0
3634     0     0     0     0     0     0     0
3638     0     0     0     0     0     0     0
3642     0     0     0     0     0     0     0
3646     0     0     0     0     0     0     0
3650     0     0     0     0     0     0     0
3654     0     0     0     0     0     0     0
3658     0     0     0     0     0     0     0
3662     0     0     0     0     0     0     0
3666     0     0     0     0     0     0     0
3670     0     0     0     0     0     0     0
3674     0     0     0     0     0     0     0
3678     0     0     0     0     0     0     0
3682     0     0     0     0     0     0     0
3686     0     0     0     0     0     0     0
3690     0     0     0     0     0     0     0
3694     0     0     0     0     0     0     0
3698     0     0     0     0     0     0     0
3702     0     0     0     0     0     0     0
3706     0     0     0     0     0     0     0
3710     0     0     0     0     0     0     0
3714     0     0     0     0     0     0     0
3718     0     0     0     0     0     0     0
3722     0     0     0     0     0     0     0
3726     0     0     0     0     0     0     0
3730     0     0     0     0     0     0     0
3734     0     0     0     0     0     0     0
3738     0     0     0     0     0     0     0
3742     0     0     0     0     0     0     0
3746     0     0     0     0     0     0     0
3750     0     0     0     0     0     0     0
3754     0     0     0     0     0     0     0
3758     0     0     0     0     0     0     0
3762     0     0     0     0     0     0     0
3766     0     0     0     0     0     0     0
3770     0     0     0     0     0     0     0
3774     0     0     0     0     0     0     0
3778     0     0     0     0     0     0     0
3782     0     0     0     0     0     0     0
3786     0     0     0     0     0     0     0
3790     0     0     0     0     0     0     0
3794     0     0     0     0     0     0     0
3798     0     0     0     0     0     0     0
3802     0     0     0     0     0     0     0
3806     0     0     0     0     0     0     0
3810     0     0     0     0     0     0     0
3814     0     0     0     0     0     0     0
3818     0     0     0     0     0     0     0
3822     0     0     0     0     0     0     0
3826     0     0     0     0     0     0     0
3830     0     0     0     0     0     0     0
3834     0     0     0     0     0     0     0
3838     0     0     0     0     0     0     0
3842     0     0     0     0     0     0     0
3846     0     0     0     0     0     0     0
3850     0     0     0     0     0     0     0
3854     0     0     0     0     0     0     0
3858     0     0     0     0     0     0     0
3862     0     0     0     0     0     0     0
3866     0     0     0     0     0     0     0
3870     0     0     0     0     0     0     0
3874     0     0     0     0     0     0     0
3878     0     0     0     0     0     0     0
3882     0     0     0     0     0     0     0
3886     0     0     0     0     0     0     0
3890     0     0     0     0     0     0     0
3894     0     0     0     0     0     0     0
3898     0     0     0     0     0     0     0
3902     0     0     0     0     0     0     0
3906     0     0     0     0     0     0     0
3910     0     0     0     0     0     0     0
3914     0     0     0     0     0     0     0
3918     0     0     0     0     0     0     0
3922     0     0     0     0     0     0     0
3926     0     0     0     0     0     0     0
3930     0     0     0     0     0     0     0
3934     0     0     0     0     0     0     0
3938     0     0     0     0     0     0     0
3942     0     0     0     0     0     0     0
3946     0     0     0     0     0     0     0
3950     0     0     0     0     0     0     0
3954     0     0     0     0     0     0     0
3958     0     0     0     0     0     0     0
3962     0     0     0     0     0     0     0
3966     0     0     0     0     0     0     0
3970     0     0     0     0     0     0     0
3974     0     0     0     0     0     0     0
3978     0     0     0     0     0     0     0
3982     0     0     0     0     0     0     0
3986     0     0     0     0     0     0     0
3990     0     0     0     0     0     0     0
3994     0     0     0     0     0     0     0
3998     0     0     0     0     0     0     0
