2     0     0     0     0     0     0     0
6     0     0     0     0     0     0     0
10     0     0     0     0     0     0     0
14     0     0     0     0     0     0     0
18     0     0     0     0     0     0     0
22     0     0     0     0     0     0     0
26     6.76778e-05     3.19013e-08     3.18963e-08     3.19037e-08     3.32558e-08     3.43036e-08     3.26455e-08
30     9.47489e-05     3.77585e-08     3.77526e-08     3.77614e-08     3.93617e-08     4.06019e-08     3.86394e-08
34     9.02371e-05     3.03881e-08     3.03834e-08     3.03904e-08     3.16784e-08     3.26764e-08     3.10971e-08
38     0.00012182     3.57914e-08     3.57858e-08     3.57942e-08     3.73111e-08     3.84866e-08     3.66264e-08
42     0.000117308     2.94754e-08     2.94708e-08     2.94776e-08     3.07269e-08     3.1695e-08     3.0163e-08
46     0.000175962     3.95898e-08     3.95836e-08     3.95928e-08     4.12707e-08     4.2571e-08     4.05134e-08
50     0.000162427     3.26128e-08     3.26078e-08     3.26154e-08     3.39976e-08     3.50687e-08     3.33737e-08
54     0.000266199     4.81939e-08     4.81864e-08     4.81976e-08     5.02401e-08     5.1823e-08     4.93182e-08
58     0.000225593     3.77341e-08     3.77283e-08     3.7737e-08     3.93363e-08     4.05756e-08     3.86144e-08
62     0.000293271     4.55733e-08     4.55662e-08     4.55768e-08     4.75083e-08     4.90052e-08     4.66365e-08
66     0.00024364     3.57567e-08     3.57511e-08     3.57594e-08     3.72749e-08     3.84493e-08     3.65909e-08
70     0.000311318     4.32187e-08     4.3212e-08     4.3222e-08     4.50537e-08     4.64732e-08     4.4227e-08
74     0.000374484     4.97938e-08     4.97861e-08     4.97977e-08     5.19081e-08     5.35435e-08     5.09555e-08
78     0.000369972     4.77357e-08     4.77283e-08     4.77394e-08     4.97625e-08     5.13304e-08     4.88494e-08
82     0.000415091     5.21418e-08     5.21337e-08     5.21458e-08     5.43557e-08     5.60683e-08     5.33583e-08
86     0.000473745     5.8695e-08     5.86858e-08     5.86995e-08     6.11871e-08     6.31149e-08     6.00643e-08
90     0.000410579     5.04458e-08     5.0438e-08     5.04497e-08     5.25877e-08     5.42446e-08     5.16227e-08
94     0.000451185     5.53404e-08     5.53318e-08     5.53447e-08     5.76901e-08     5.95078e-08     5.66315e-08
98     0.000388019     4.77899e-08     4.77825e-08     4.77936e-08     4.98191e-08     5.13887e-08     4.89049e-08
102     0.000532399     6.60962e-08     6.6086e-08     6.61013e-08     6.89026e-08     7.10735e-08     6.76383e-08
106     0.000491792     6.18948e-08     6.18852e-08     6.18995e-08     6.45228e-08     6.65557e-08     6.33388e-08
110     0.000577517     7.44184e-08     7.44069e-08     7.44242e-08     7.75782e-08     8.00224e-08     7.61546e-08
114     0.000496304     6.6335e-08     6.63247e-08     6.63401e-08     6.91515e-08     7.13303e-08     6.78826e-08
118     0.000518863     7.29978e-08     7.29864e-08     7.30034e-08     7.60972e-08     7.84948e-08     7.47008e-08
122     0.000532399     8.02283e-08     8.02159e-08     8.02345e-08     8.36348e-08     8.62698e-08     8.21e-08
126     0.000523375     8.72107e-08     8.71971e-08     8.72174e-08     9.09136e-08     9.3778e-08     8.92453e-08
130     0.000586541     1.10692e-07     1.10675e-07     1.107e-07     1.15392e-07     1.19027e-07     1.13274e-07
134     0.000586541     1.28402e-07     1.28383e-07     1.28412e-07     1.33854e-07     1.38072e-07     1.31398e-07
138     0.000649707     1.69849e-07     1.69823e-07     1.69862e-07     1.77061e-07     1.82639e-07     1.73812e-07
142     0.000595565     1.95428e-07     1.95398e-07     1.95443e-07     2.03726e-07     2.10144e-07     1.99987e-07
146     0.000672266     2.82237e-07     2.82193e-07     2.82259e-07     2.9422e-07     3.0349e-07     2.88821e-07
150     0.000744456     4.38164e-07     4.38096e-07     4.38198e-07     4.56768e-07     4.7116e-07     4.48387e-07
154     0.000676778     5.93404e-07     5.93312e-07     5.93449e-07     6.18599e-07     6.38089e-07     6.07248e-07
158     0.000816646     1.35705e-06     1.35684e-06     1.35716e-06     1.41467e-06     1.45925e-06     1.38871e-06
162     0.000762503     3.34934e-06     3.34882e-06     3.3496e-06     3.49155e-06     3.60156e-06     3.42748e-06
166     0.000717385     6.0414e-06     6.04047e-06     6.04187e-06     6.29792e-06     6.49635e-06     6.18235e-06
170     0.000902371     1.00619e-05     1.00604e-05     1.00627e-05     1.04892e-05     1.08196e-05     1.02967e-05
174     0.000861764     1.18333e-05     1.18314e-05     1.18342e-05     1.23357e-05     1.27244e-05     1.21093e-05
178     0.000902371     1.45063e-05     1.4504e-05     1.45074e-05     1.51222e-05     1.55986e-05     1.48447e-05
182     0.000961025     1.86841e-05     1.86812e-05     1.86855e-05     1.94774e-05     2.00911e-05     1.912e-05
186     0.000956513     2.23814e-05     2.2378e-05     2.23832e-05     2.33317e-05     2.40668e-05     2.29036e-05
190     0.000915906     2.50149e-05     2.5011e-05     2.50168e-05     2.6077e-05     2.68986e-05     2.55985e-05
194     0.000920418     2.84292e-05     2.84248e-05     2.84314e-05     2.96363e-05     3.057e-05     2.90924e-05
198     0.00101968     3.48914e-05     3.48859e-05     3.4894e-05     3.63728e-05     3.75188e-05     3.57054e-05
202     0.00105577     3.94462e-05     3.94401e-05     3.94492e-05     4.11211e-05     4.24167e-05     4.03665e-05
206     0.000961025     3.89709e-05     3.89649e-05     3.89739e-05     4.06256e-05     4.19056e-05     3.98801e-05
210     0.00106931     4.69517e-05     4.69445e-05     4.69553e-05     4.90287e-05     5.06092e-05     4.81053e-05
214     0.00108285     5.11778e-05     5.11699e-05     5.11816e-05     5.3533e-05     5.52979e-05     5.24988e-05
218     0.00112345     5.7052e-05     5.70432e-05     5.70563e-05     5.9678e-05     6.16459e-05     5.85249e-05
222     0.00116857     6.31406e-05     6.31309e-05     6.31454e-05     6.60765e-05     6.82682e-05     6.47911e-05
226     0.00118662     6.83427e-05     6.83322e-05     6.83479e-05     7.15289e-05     7.39052e-05     7.0135e-05
230     0.00117308     7.1755e-05     7.17439e-05     7.17604e-05     7.51115e-05     7.76117e-05     7.36444e-05
234     0.00116406     7.55584e-05     7.55468e-05     7.55641e-05     7.91057e-05     8.17444e-05     7.75568e-05
238     0.00122271     8.39837e-05     8.39707e-05     8.39899e-05     8.79427e-05     9.08834e-05     8.62161e-05
242     0.0012182     8.82021e-05     8.81885e-05     8.82087e-05     9.23928e-05     9.54966e-05     9.05692e-05
246     0.00129941     9.93212e-05     9.9306e-05     9.93286e-05     0.000104064     0.000107571     0.000102003
250     0.0012182     9.78488e-05     9.78338e-05     9.78561e-05     0.000102543     0.000106007     0.000100506
254     0.00129039     0.000109115     0.000109098     0.000109123     0.00011437     0.000118242     0.000112092
258     0.00134904     0.000119741     0.000119723     0.00011975     0.000125518     0.000129771     0.000123015
262     0.00151598     0.00014117     0.000141149     0.000141181     0.000148077     0.000153134     0.000145097
266     0.00132649     0.00012928     0.000129261     0.00012929     0.00013562     0.000140259     0.000132887
270     0.00149794     0.000152629     0.000152606     0.00015264     0.000160162     0.000165662     0.00015692
274     0.00157915     0.000168253     0.000168227     0.000168265     0.000176623     0.000182717     0.000173028
278     0.00156561     0.000174494     0.000174468     0.000174507     0.000183242     0.000189595     0.000179493
282     0.00162878     0.000189302     0.000189273     0.000189316     0.00019881     0.00020571     0.000194737
286     0.00158366     0.000191718     0.000191689     0.000191732     0.000201473     0.000208518     0.000197309
290     0.00166487     0.000209856     0.000209824     0.000209871     0.000220645     0.000228408     0.000216053
294     0.00161976     0.000212231     0.000212199     0.000212247     0.000223229     0.000231122     0.000218558
298     0.00166487     0.000226552     0.000226518     0.000226569     0.000238352     0.000246806     0.000233346
302     0.00178218     0.000251991     0.000251953     0.00025201     0.000265295     0.000274784     0.00025967
306     0.00187693     0.000275703     0.000275661     0.000275723     0.000290442     0.000300907     0.000284231
310     0.00176414     0.000268327     0.000268286     0.000268346     0.000282845     0.00029311     0.000276747
314     0.00179572     0.000283416     0.000283374     0.000283437     0.000298947     0.000309879     0.000292447
318     0.00192205     0.000313886     0.000313838     0.000313908     0.000331242     0.00034342     0.000323995
322     0.00189047     0.000319135     0.000319087     0.000319158     0.000337095     0.00034962     0.00032963
326     0.00202131     0.000352679     0.000352626     0.000352704     0.000372828     0.000386805     0.000364486
330     0.00212057     0.000381763     0.000381706     0.00038179     0.00040386     0.000419116     0.000394744
334     0.00207545     0.000385329     0.000385272     0.000385356     0.000407967     0.000423509     0.000398669
338     0.00214313     0.000410847     0.000410786     0.000410875     0.000435485     0.000452266     0.000425425
342     0.00226044     0.000446833     0.000446767     0.000446864     0.00047423     0.000492714     0.000463122
346     0.00235068     0.000480642     0.000480572     0.000480675     0.000511028     0.00053126     0.000498831
350     0.00244091     0.000518635     0.000518559     0.00051867     0.000552361     0.00057459     0.000538928
354     0.00255371     0.000567889     0.000567807     0.000567927     0.000605881     0.000630704     0.000590846
358     0.00231458     0.00053947     0.000539392     0.000539505     0.00057653     0.000600574     0.000561939
362     0.00272516     0.000663886     0.000663791     0.000663928     0.000711149     0.000741552     0.000692654
366     0.00251761     0.000641176     0.000641085     0.000641217     0.000688118     0.000718102     0.000669843
370     0.00264846     0.000704271     0.000704171     0.000704314     0.000757839     0.000791724     0.00073713
374     0.00287405     0.000796243     0.000796131     0.000796291     0.000858699     0.000897917     0.000834679
378     0.00276126     0.000797938     0.000797827     0.000797986     0.000861874     0.000901861     0.000837354
382     0.00311318     0.000936684     0.000936555     0.000936739     0.00101524     0.00106391     0.000985314
386     0.00295526     0.000922806     0.00092268     0.000922859     0.00100265     0.00105181     0.000972359
390     0.00307257     0.000994037     0.000993902     0.000994092     0.00108262     0.00113686     0.00104915
394     0.00310416     0.00103952     0.00103938     0.00103958     0.00113501     0.00119315     0.00109907
398     0.00344254     0.00119187     0.00119171     0.00119193     0.00130485     0.00137324     0.00126249
402     0.00340194     0.00121704     0.00121688     0.0012171     0.0013371     0.00140931     0.00129229
406     0.00346059     0.00127735     0.00127719     0.00127742     0.00140745     0.00148531     0.00135906
410     0.00376289     0.00143244     0.00143225     0.0014325     0.00158281     0.0016724     0.00152705
414     0.00348315     0.00136547     0.0013653     0.00136553     0.00151326     0.00160091     0.00145863
418     0.00392983     0.00158554     0.00158535     0.00158561     0.00176256     0.00186706     0.00169731
422     0.00376289     0.00155939     0.0015592     0.00155945     0.00174081     0.00184737     0.00167416
426     0.00356436     0.00151663     0.00151645     0.00151669     0.00169905     0.00180578     0.00163221
430     0.00404713     0.0017662     0.00176599     0.00176626     0.00198568     0.00211358     0.00190547
434     0.00420054     0.00188018     0.00187997     0.00188024     0.00212155     0.00226165     0.00203357
438     0.00461563     0.0021181     0.00211786     0.00211817     0.0023981     0.00256005     0.00229628
442     0.00462916     0.00217548     0.00217525     0.00217554     0.00247564     0.00264857     0.00236675
446     0.00491341     0.00236185     0.00236161     0.00236191     0.00269817     0.0028916     0.00257628
450     0.00510291     0.00250807     0.00250782     0.00250812     0.00287665     0.00308821     0.00274322
454     0.00527887     0.00265016     0.0026499     0.0026502     0.00305232     0.00328259     0.00290695
458     0.00526082     0.00269675     0.00269651     0.00269678     0.00311793     0.00335845     0.00296594
462     0.00553153     0.00289468     0.00289444     0.00289469     0.00336412     0.003631     0.0031952
466     0.00592858     0.00316576     0.00316551     0.00316575     0.00369469     0.00399419     0.00350484
470     0.0062805     0.0034197     0.00341946     0.00341967     0.0040083     0.00434041     0.0037975
474     0.00633013     0.00351264     0.00351241     0.00351259     0.00413474     0.00448476     0.00391233
478     0.00685802     0.00387638     0.00387616     0.0038763     0.00458109     0.00497684     0.00432941
482     0.00735432     0.00423205     0.00423186     0.00423191     0.00502779     0.00547428     0.00474366
486     0.00736786     0.00431601     0.00431585     0.00431582     0.00514901     0.00561628     0.00485157
490     0.00784612     0.00467731     0.00467719     0.00467705     0.00560159     0.00611979     0.00527158
494     0.00848229     0.00514186     0.00514179     0.00514151     0.00617993     0.00676147     0.00580939
498     0.008753     0.0053929     0.00539291     0.00539247     0.00650295     0.00712412     0.0061069
502     0.00908236     0.00568683     0.00568696     0.00568625     0.00688895     0.00756112     0.0064602
506     0.0100073     0.00636757     0.00636785     0.0063668     0.00773358     0.00849788     0.00724594
510     0.0103096     0.00666384     0.00666427     0.0066629     0.00811117     0.00892197     0.00759386
514     0.0103637     0.00680505     0.00680565     0.00680393     0.00829823     0.00913614     0.0077637
518     0.0111533     0.00743904     0.00743989     0.00743763     0.00908338     0.0100079     0.00849368
522     0.0117218     0.00793836     0.00793961     0.00793652     0.0097008     0.0106946     0.00906725
526     0.0127234     0.0087498     0.00875152     0.00874746     0.0106903     0.0117861     0.00999159
530     0.0135085     0.00943018     0.00943244     0.00942728     0.0115174     0.0126976     0.0107649
534     0.0142936     0.0101305     0.0101334     0.0101269     0.0123589     0.0136207     0.0115544
538     0.0151057     0.0108727     0.0108764     0.0108683     0.0132323     0.0145708     0.0123788
542     0.0160351     0.0117319     0.0117369     0.0117262     0.014224     0.0156424     0.0133198
546     0.0167345     0.012455     0.0124614     0.0124482     0.0150453     0.0165245     0.0141026
550     0.0179707     0.0136278     0.0136359     0.0136193     0.016387     0.0179697     0.0153789
554     0.0186746     0.0144496     0.0144596     0.0144393     0.0172808     0.018914     0.0162416
558     0.0193333     0.0152792     0.0152913     0.015267     0.0181636     0.0198382     0.0170991
562     0.0210839     0.0170299     0.0170461     0.017014     0.020063     0.0218424     0.0189339
566     0.0216614     0.0179013     0.0179206     0.0178827     0.0209237     0.0227129     0.0197899
570     0.022451     0.0190417     0.0190647     0.0190199     0.022076     0.0238901     0.0209284
574     0.0233263     0.020387     0.0204141     0.0203616     0.0234349     0.0252768     0.0222717
578     0.0228886     0.0206893     0.0207193     0.0206616     0.0235594     0.025316     0.0224525
582     0.023782     0.0222624     0.0222982     0.0222299     0.0250156     0.026736     0.0239355
586     0.0244768     0.0237798     0.0238197     0.0237438     0.0264405     0.0281346     0.0253806
590     0.0240482     0.0243172     0.024359     0.0242797     0.0267536     0.0283392     0.025766
594     0.0231954     0.0244885     0.0245308     0.0244508     0.0266553     0.0281026     0.0257587
598     0.0226901     0.0250276     0.0250702     0.0249897     0.0269411     0.0282621     0.0261285
602     0.0226946     0.0261008     0.0260571     0.0261492     0.0276793     0.0283471     0.0274416
606     0.0216298     0.0258122     0.0257715     0.0258569     0.0270702     0.0278279     0.026694
610     0.0202176     0.0249992     0.0249626     0.0250391     0.0259243     0.0266134     0.0255553
614     0.019428     0.0248714     0.024838     0.0249074     0.0255007     0.0260586     0.0252079
618     0.0179888     0.0237907     0.0237618     0.0238214     0.0241267     0.0245214     0.0239353
622     0.0174564     0.0237812     0.0237561     0.0238073     0.0237634     0.0239725     0.0236908
626     0.0158095     0.022088     0.0220672     0.022109     0.0218422     0.0219157     0.0218518
630     0.0149117     0.0212937     0.021276     0.0213113     0.0208376     0.0207924     0.0209211
634     0.014086     0.0204999     0.0204849     0.0205144     0.01985     0.0196943     0.0200021
638     0.0129987     0.0192388     0.0192264     0.0192504     0.0184392     0.0181915     0.0186469
642     0.0120602     0.0181392     0.0181293     0.0181482     0.0171625     0.0168084     0.0174356
646     0.0108826     0.0166214     0.0166133     0.0166285     0.0155797     0.0151753     0.0158812
650     0.0105487     0.0163445     0.0163374     0.0163505     0.015171     0.014692     0.0155197
654     0.00985389     0.0154612     0.0154552     0.0154662     0.0142181     0.0136923     0.0145946
658     0.00890189     0.0141254     0.0141205     0.0141293     0.0128797     0.0123394     0.0132623
662     0.00802659     0.0128685     0.0128645     0.0128715     0.011601     0.0110349     0.0119969
666     0.00758894     0.0122863     0.0122828     0.0122889     0.010988     0.0103974     0.0113979
670     0.00730018     0.0119276     0.0119244     0.0119298     0.0105837     0.00996298     0.0110119
674     0.00695277     0.0114604     0.0114576     0.0114623     0.0100888     0.00944708     0.0105294
678     0.00615868     0.0102339     0.0102315     0.0102355     0.00894181     0.0083308     0.00935953
682     0.00569396     0.00953535     0.0095333     0.00953664     0.00824634     0.00762905     0.00866631
686     0.00537362     0.0090656     0.00906374     0.00906675     0.00778605     0.00716839     0.0082052
690     0.00497206     0.00845422     0.00845255     0.00845522     0.00721397     0.00661045     0.00762232
694     0.00478708     0.00821057     0.008209     0.00821148     0.0069611     0.0063482     0.00737459
698     0.0042637     0.00738316     0.0073818     0.00738394     0.00621695     0.00564015     0.00660501
702     0.00413737     0.00722645     0.00722516     0.00722716     0.00603428     0.00543913     0.00643338
706     0.00382154     0.00673046     0.00672929     0.0067311     0.00558832     0.00501506     0.00597207
710     0.00366363     0.00650898     0.00650787     0.00650958     0.00537392     0.00480141     0.00575656
714     0.00331621     0.00595224     0.00595124     0.00595277     0.0048854     0.00434466     0.00524624
718     0.00319439     0.00579215     0.00579119     0.00579265     0.00472899     0.00418771     0.00508972
722     0.00307257     0.00562078     0.00561987     0.00562125     0.00455217     0.00400412     0.00491649
726     0.0027026     0.00498167     0.00498087     0.00498208     0.00401537     0.0035173     0.00434594
730     0.00257176     0.00477614     0.00477537     0.00477652     0.00383176     0.00334274     0.00415582
734     0.00249506     0.00467203     0.00467129     0.0046724     0.00373036     0.00324074     0.00405438
738     0.0022063     0.00417066     0.00417001     0.00417099     0.0033113     0.00286271     0.00360778
742     0.00231458     0.00442062     0.00441993     0.00442096     0.00348542     0.00299443     0.00380932
746     0.00191754     0.00370118     0.0037006     0.00370146     0.00290535     0.00248565     0.00318185
750     0.00214764     0.00418731     0.00418666     0.00418763     0.00327398     0.00279033     0.00359219
754     0.00175962     0.00346028     0.00345974     0.00346054     0.00269549     0.0022891     0.00296257
758     0.00175962     0.00348831     0.00348776     0.00348858     0.00270555     0.00228832     0.0029795
762     0.00155659     0.0031117     0.00311121     0.00311195     0.00239765     0.00201532     0.0026484
766     0.00138965     0.00280364     0.0028032     0.00280386     0.00215174     0.00180128     0.00238129
770     0.00148891     0.0030346     0.00303412     0.00303484     0.00232013     0.00193465     0.00257232
774     0.00145733     0.00300071     0.00300023     0.00300094     0.00228506     0.00189762     0.00253828
778     0.00135807     0.0028266     0.00282615     0.00282682     0.00214292     0.00177143     0.00238541
782     0.00126332     0.00265438     0.00265397     0.00265459     0.00200011     0.00164274     0.00223297
786     0.0012949     0.00274419     0.00274375     0.0027444     0.00206224     0.00168828     0.0023056
790     0.00119113     0.00254455     0.00254415     0.00254475     0.00190693     0.00155616     0.00213498
794     0.00103773     0.00223725     0.0022369     0.00223743     0.00167026     0.00135727     0.00187355
798     0.00104675     0.00227876     0.0022784     0.00227894     0.00169286     0.00136835     0.00190341
802     0.000979072     0.0021536     0.00215326     0.00215377     0.00159486     0.00128424     0.00179618
806     0.000965537     0.00214607     0.00214573     0.00214624     0.00158314     0.00126909     0.00178645
810     0.000956513     0.00214727     0.00214693     0.00214744     0.00157794     0.00125924     0.00178403
814     0.000884323     0.00200562     0.0020053     0.00200578     0.00146749     0.00116508     0.00166281
818     0.000933954     0.00213919     0.00213885     0.00213936     0.00156011     0.00123357     0.00177074
822     0.000794086     0.00183574     0.00183545     0.00183588     0.00133256     0.0010482     0.00151589
826     0.000843717     0.00196899     0.00196868     0.00196915     0.00142441     0.00111619     0.00162306
830     0.000627148     0.00147811     0.00147787     0.00147822     0.00106562     0.000831185     0.00121652
834     0.000721897     0.00171831     0.00171804     0.00171845     0.00123473     0.000958282     0.00141231
838     0.000663243     0.0015942     0.00159395     0.00159433     0.00114225     0.000882083     0.00130894
842     0.000568494     0.00137989     0.00137967     0.00138     0.000983302     0.000753956     0.00113002
846     0.000636171     0.00155946     0.00155921     0.00155958     0.00110905     0.000848666     0.00127569
850     0.000640683     0.00158538     0.00158513     0.00158551     0.00112394     0.000856841     0.00129483
854     0.000586541     0.00146636     0.00146613     0.00146648     0.00103577     0.000785741     0.00119557
858     0.000554958     0.00140243     0.0014022     0.00140254     0.000987922     0.000745888     0.00114231
862     0.00048728     0.00124317     0.00124297     0.00124327     0.00087052     0.0006514     0.00100996
866     0.000545934     0.00140634     0.00140612     0.00140646     0.000982043     0.000731673     0.00114118
870     0.000482768     0.00125546     0.00125526     0.00125556     0.000875252     0.000650059     0.00101819
874     0.000482768     0.00126699     0.00126679     0.00126709     0.000881886     0.000653107     0.00102695
878     0.000473745     0.00125509     0.00125489     0.00125519     0.000869751     0.000640086     0.00101524
882     0.000478257     0.00127966     0.00127945     0.00127976     0.000884297     0.000647916     0.00103387
886     0.000378996     0.00102319     0.00102303     0.00102327     0.000704702     0.000513803     0.000825401
890     0.000433138     0.00118159     0.0011814     0.00118168     0.000811195     0.000588246     0.00095195
894     0.000482768     0.00133024     0.00133003     0.00133034     0.000911103     0.000657454     0.00107093
898     0.000351925     0.000980344     0.000980189     0.000980421     0.000670769     0.000482275     0.000789284
902     0.000338389     0.000951884     0.000951734     0.000951959     0.000647332     0.000461035     0.000764281
906     0.000329365     0.000935222     0.000935075     0.000935296     0.000635016     0.000451215     0.000750364
910     0.000347413     0.000996128     0.000995971     0.000996207     0.00067382     0.00047611     0.000797821
914     0.000351925     0.00101956     0.0010194     0.00101964     0.000687036     0.000482368     0.000815259
918     0.000284247     0.00083151     0.000831379     0.000831576     0.000559749     0.000391757     0.000664842
922     0.000333877     0.000986509     0.000986353     0.000986586     0.000661759     0.000459724     0.000787839
926     0.00031583     0.000942157     0.000942009     0.000942231     0.000630025     0.000435121     0.000751498
930     0.000248152     0.000747192     0.000747074     0.000747251     0.000498251     0.000342305     0.000595332
934     0.000257176     0.0007823     0.000782177     0.000782362     0.000519922     0.000354951     0.000622488
938     0.000261688     0.000803602     0.000803476     0.000803665     0.000532474     0.000361468     0.000638688
942     0.000230105     0.000713877     0.000713764     0.000713933     0.000471259     0.000317747     0.000566507
946     0.000212057     0.000664882     0.000664778     0.000664935     0.000437967     0.000293986     0.000527212
950     0.000270711     0.000856598     0.000856464     0.000856666     0.000562798     0.00037581     0.000678576
954     0.000198522     0.000634088     0.000633988     0.000634138     0.000415394     0.000275572     0.000501822
958     0.000293271     0.000946091     0.000945943     0.000946166     0.00061872     0.000408339     0.000748502
962     0.000203033     0.000661741     0.000661637     0.000661793     0.000430687     0.00028117     0.000522673
966     0.000275223     0.000905899     0.000905757     0.00090597     0.000588428     0.000382103     0.000715187
970     0.000212057     0.000704684     0.000704573     0.000704739     0.000456841     0.000295254     0.000555996
974     0.000212057     0.000712161     0.00071205     0.000712217     0.000460045     0.000294857     0.000561213
978     0.00019401     0.000657485     0.000657382     0.000657536     0.000423503     0.000269647     0.000517604
982     0.00024364     0.000834293     0.000834163     0.000834359     0.000535399     0.00033801     0.000655951
986     0.000139867     0.000483284     0.000483208     0.000483322     0.000309786     0.000194874     0.000379887
990     0.000157915     0.000551086     0.000551     0.000551129     0.00035241     0.000220447     0.000432833
994     0.00017145     0.000605012     0.000604917     0.000605059     0.000385495     0.000239178     0.000474558
998     0.00019401     0.000690827     0.000690718     0.000690881     0.000438998     0.000270611     0.000541367
1002     0.00017145     0.000617013     0.000616916     0.000617061     0.000390983     0.000239168     0.000483128
1006     0.000180474     0.000656078     0.000655975     0.000656129     0.000415143     0.000252741     0.000513573
1010     0.000162427     0.000596604     0.000596511     0.000596651     0.000376214     0.000227101     0.000466468
1014     0.000126332     0.000468481     0.000468408     0.000468518     0.000294654     0.00017666     0.000365988
1018     0.000126332     0.000473343     0.000473269     0.00047338     0.000297504     0.000177707     0.000369823
1022     0.000144379     0.000546901     0.000546815     0.000546944     0.000342617     0.000202752     0.000426892
1026     0.000130844     0.00050055     0.000500472     0.000500589     0.000311559     0.000181614     0.000389732
1030     0.00019401     0.00074992     0.000749803     0.000749979     0.000466536     0.000271013     0.000584
1034     0.000207545     0.000810389     0.000810262     0.000810452     0.000504037     0.000291925     0.000631289
1038     0.000130844     0.000516471     0.00051639     0.000516512     0.000319887     0.000183198     0.000401753
1042     0.000112796     0.000449677     0.000449607     0.000449712     0.000276971     0.000156241     0.000349128
1046     0.000130844     0.000527007     0.000526924     0.000527048     0.000324479     0.00018231     0.000409315
1050     8.12134e-05     0.000330379     0.000330327     0.000330404     0.000203344     0.000113779     0.000256699
1054     8.12134e-05     0.000333425     0.000333373     0.000333451     0.000205104     0.000114386     0.000259087
1058     0.000112796     0.000468197     0.000468124     0.000468234     0.000287076     0.000158405     0.000363497
1062     9.47489e-05     0.000397599     0.000397537     0.00039763     0.00024198     0.000130802     0.000307866
1066     0.000103773     0.000439493     0.000439424     0.000439527     0.000267644     0.000144396     0.00034057
1070     5.86541e-05     0.000251288     0.000251248     0.000251307     0.000152686     8.16607e-05     0.000194638
1074     0.000103773     0.000448801     0.00044873     0.000448836     0.00027174     0.000143675     0.000347257
1078     9.92608e-05     0.000433809     0.000433741     0.000433842     0.000261938     0.000137034     0.000335446
1082     0.000126332     0.000558171     0.000558084     0.000558215     0.000336078     0.000173749     0.000431393
1086     6.3166e-05     0.000282097     0.000282053     0.000282119     0.000169272     8.64306e-05     0.000217826
1090     0.000103773     0.000467803     0.00046773     0.00046784     0.000279982     0.000141483     0.000361018
1094     9.92608e-05     0.00045209     0.000452019     0.000452125     0.00027012     0.000135451     0.000348797
1098     6.3166e-05     0.000290961     0.000290916     0.000290984     0.000173645     8.63664e-05     0.000224518
1102     8.57252e-05     0.000398017     0.000397955     0.000398048     0.000236996     0.000116487     0.000307065
1106     8.57252e-05     0.000402584     0.000402521     0.000402616     0.000238829     0.000115677     0.0003103
1110     9.47489e-05     0.000449309     0.000449238     0.000449344     0.000265657     0.000127016     0.000345991
1114     5.41423e-05     0.00025926     0.000259219     0.00025928     0.00015281     7.21559e-05     0.000199473
1118     0.000103773     0.000502428     0.00050235     0.000502467     0.000295431     0.000137713     0.000386457
1122     8.12134e-05     0.000396971     0.000396909     0.000397002     0.00023341     0.00010805     0.000305588
1126     6.3166e-05     0.000312101     0.000312052     0.000312125     0.000182864     8.33342e-05     0.000240051
1130     6.76778e-05     0.000337838     0.000337785     0.000337864     0.000196931     8.78796e-05     0.000259465
1134     6.3166e-05     0.000318128     0.000318078     0.000318152     0.00018498     8.15985e-05     0.000244184
1138     5.41423e-05     0.000275036     0.000274993     0.000275057     0.000160189     7.05467e-05     0.000211408
1142     6.3166e-05     0.000324235     0.000324184     0.00032426     0.000188604     8.20941e-05     0.000249302
1146     7.67015e-05     0.000397773     0.000397711     0.000397804     0.000230975     9.95062e-05     0.000305776
1150     5.41423e-05     0.000283633     0.000283588     0.000283655     0.000164291     6.97423e-05     0.000217964
1154     5.86541e-05     0.000310379     0.00031033     0.000310403     0.0001793     7.48903e-05     0.000238436
1158     8.12134e-05     0.000434216     0.000434148     0.00043425     0.000250311     0.00010321     0.00033348
1162     4.51185e-05     0.000243842     0.000243804     0.000243861     0.000139927     5.62969e-05     0.000187085
1166     7.67015e-05     0.000418173     0.000418108     0.000418205     0.000239623     9.51033e-05     0.000320915
1170     4.06067e-05     0.000223234     0.000223199     0.000223251     0.000127769     5.02574e-05     0.00017131
1174     4.96304e-05     0.000275831     0.000275788     0.000275853     0.000157485     6.08522e-05     0.000211634
1178     3.1583e-05     0.000176915     0.000176887     0.000176929     0.000100812     3.84324e-05     0.000135709
1182     3.1583e-05     0.000178703     0.000178675     0.000178717     0.000101648     3.81004e-05     0.000137103
1186     3.1583e-05     0.000180307     0.000180279     0.000180321     0.000101913     3.69155e-05     0.000138089
1190     4.96304e-05     0.000286015     0.00028597     0.000286037     0.000161559     5.80548e-05     0.00021909
1194     5.86541e-05     0.000341319     0.000341266     0.000341346     0.000192686     6.83682e-05     0.000261616
1198     2.70711e-05     0.000158677     0.000158653     0.00015869     8.93142e-05     3.10539e-05     0.000121558
1202     5.41423e-05     0.000321295     0.000321244     0.000321319     0.000180426     6.13794e-05     0.000246129
1206     4.51185e-05     0.000270268     0.000270225     0.000270288     0.000151593     5.07529e-05     0.000207115
1210     5.41423e-05     0.000327118     0.000327067     0.000327143     0.000183379     6.09159e-05     0.000250725
1214     2.25593e-05     0.000137544     0.000137522     0.000137554     7.70405e-05     2.52826e-05     0.00010545
1218     3.60948e-05     0.000222236     0.000222202     0.000222253     0.000123699     3.8902e-05     0.000170122
1222     3.60948e-05     0.000223754     0.00022372     0.000223772     0.000124799     3.91144e-05     0.000171575
1226     2.70711e-05     0.000169642     0.000169615     0.000169655     9.43688e-05     2.8929e-05     0.000130029
1230     5.86541e-05     0.000370812     0.000370754     0.00037084     0.000205644     6.1359e-05     0.000284099
1234     2.25593e-05     0.000143627     0.000143605     0.000143639     7.94897e-05     2.32774e-05     0.000110009
1238     4.06067e-05     0.00026131     0.00026127     0.000261331     0.000144174     4.08825e-05     0.000200096
1242     4.06067e-05     0.000263615     0.000263574     0.000263636     0.000145208     4.01724e-05     0.000201925
1246     4.06067e-05     0.000265947     0.000265906     0.000265968     0.000146443     4.01393e-05     0.000203769
1250     3.1583e-05     0.000209067     0.000209035     0.000209083     0.000114781     3.03319e-05     0.000160179
1254     2.25593e-05     0.000150621     0.000150598     0.000150633     8.25222e-05     2.12971e-05     0.000115379
1258     4.06067e-05     0.000273166     0.000273124     0.000273188     0.000149563     3.78904e-05     0.000209354
1262     3.1583e-05     0.000214438     0.000214405     0.000214455     0.000116828     2.81007e-05     0.000164198
1266     4.06067e-05     0.000278079     0.000278036     0.000278101     0.000151326     3.55746e-05     0.000212998
1270     5.41423e-05     0.00037407     0.000374012     0.000374099     0.000203045     4.6093e-05     0.000286476
1274     3.60948e-05     0.000251458     0.000251419     0.000251477     0.000136269     3.02074e-05     0.000192561
1278     2.70711e-05     0.000190255     0.000190225     0.000190269     0.000103073     2.23617e-05     0.000145801
1282     4.06067e-05     0.000287719     0.000287674     0.000287741     0.000155737     3.2795e-05     0.00022063
1286     3.1583e-05     0.000225758     0.000225723     0.000225775     0.00012174     2.43401e-05     0.000173027
1290     2.70711e-05     0.000195371     0.000195341     0.000195387     0.00010528     2.05092e-05     0.000149818
1294     4.06067e-05     0.000295179     0.000295133     0.000295202     0.00015881     2.997e-05     0.000226372
1298     4.06067e-05     0.000297878     0.000297832     0.000297901     0.000159765     2.8739e-05     0.000228337
1302     2.70711e-05     0.000200308     0.000200277     0.000200324     0.000107245     1.84086e-05     0.000153598
1306     3.1583e-05     0.000235812     0.000235776     0.000235831     0.000126284     2.10647e-05     0.000181018
1310     1.35356e-05     0.00010162     0.000101604     0.000101628     5.43377e-05     8.82323e-06     7.79917e-05
1314     9.02371e-06     6.83843e-05     6.83736e-05     6.83896e-05     3.64552e-05     5.59612e-06     5.24625e-05
1318     3.60948e-05     0.000276071     0.000276028     0.000276092     0.000146399     2.02932e-05     0.000211613
1322     1.80474e-05     0.000138968     0.000138947     0.000138979     7.3782e-05     9.99089e-06     0.000106673
1326     3.1583e-05     0.000245635     0.000245596     0.000245654     0.000130265     1.66568e-05     0.000188664
1330     9.02371e-06     7.04456e-05     7.04347e-05     7.04511e-05     3.73587e-05     4.77702e-06     5.4107e-05
1334     3.1583e-05     0.000249035     0.000248996     0.000249054     0.000131404     1.48544e-05     0.000191135
1338     1.80474e-05     0.000143556     0.000143533     0.000143567     7.57813e-05     8.20171e-06     0.000110308
1342     3.60948e-05     0.000289677     0.000289632     0.000289699     0.000152403     1.46792e-05     0.000222559
1346     9.02371e-06     7.30185e-05     7.30072e-05     7.30242e-05     3.8396e-05     3.44059e-06     5.61473e-05
1350     1.35356e-05     0.000110072     0.000110055     0.00011008     5.788e-05     5.18651e-06     8.46392e-05
1354     2.25593e-05     0.000184888     0.000184859     0.000184902     9.69504e-05     7.608e-06     0.000142179
1358     1.35356e-05     0.000112207     0.000112189     0.000112216     5.87264e-05     4.04931e-06     8.63194e-05
1362     2.25593e-05     0.000187848     0.000187818     0.000187862     9.80158e-05     5.59958e-06     0.000144513
1366     2.25593e-05     0.000189527     0.000189498     0.000189542     9.90213e-05     5.43199e-06     0.000145986
1370     1.35356e-05     0.000114632     0.000114614     0.000114641     5.98932e-05     2.98037e-06     8.83766e-05
1374     2.70711e-05     0.000231087     0.000231051     0.000231105     0.000120467     4.97255e-06     0.000178149
1378     0     0     0     0     0     0     0
1382     4.51185e-06     3.91355e-05     3.91294e-05     3.91385e-05     2.02833e-05     3.93667e-07     3.01647e-05
1386     9.02371e-06     7.88179e-05     7.88056e-05     7.88239e-05     4.0924e-05     6.89183e-07     6.08496e-05
1390     1.80474e-05     0.000158592     0.000158567     0.000158604     8.22086e-05     9.80055e-07     0.000122404
1394     1.80474e-05     0.000160121     0.000160096     0.000160133     8.2681e-05     -3.17955e-07     0.000123589
1398     4.51185e-06     4.03687e-05     4.03624e-05     4.03718e-05     2.08676e-05     -9.98546e-08     3.11857e-05
1402     4.51185e-06     4.06606e-05     4.06543e-05     4.06638e-05     2.09402e-05     -3.96141e-07     3.14065e-05
1406     1.35356e-05     0.000122589     0.00012257     0.000122598     6.31784e-05     -1.37899e-06     9.47753e-05
1410     1.35356e-05     0.000123611     0.000123592     0.000123621     6.36346e-05     -1.95338e-06     9.56318e-05
1414     9.02371e-06     8.29044e-05     8.28915e-05     8.29108e-05     4.26475e-05     -1.4674e-06     6.41463e-05
1418     1.35356e-05     0.000125368     0.000125349     0.000125378     6.42693e-05     -3.11143e-06     9.6998e-05
1422     9.02371e-06     8.41028e-05     8.40897e-05     8.41093e-05     4.29986e-05     -2.61336e-06     6.50845e-05
1426     1.80474e-05     0.000169517     0.000169491     0.00016953     8.6653e-05     -5.59286e-06     0.000131245
1430     2.25593e-05     0.000213522     0.000213489     0.000213539     0.000109126     -7.9104e-06     0.000165496
1434     9.02371e-06     8.59913e-05     8.59779e-05     8.59979e-05     4.39475e-05     -3.30803e-06     6.66779e-05
1438     9.02371e-06     8.64368e-05     8.64234e-05     8.64435e-05     4.4066e-05     -3.85719e-06     6.70427e-05
1442     1.80474e-05     0.000174695     0.000174668     0.000174709     8.92371e-05     -8.04157e-06     0.000135723
1446     1.35356e-05     0.000131908     0.000131888     0.000131918     6.69385e-05     -7.48387e-06     0.000102384
1450     2.70711e-05     0.000265278     0.000265236     0.000265298     0.000134658     -1.52834e-05     0.000205992
1454     4.51185e-06     4.46683e-05     4.46613e-05     4.46717e-05     2.26849e-05     -2.82189e-06     3.47517e-05
1458     0     0     0     0     0     0     0
1462     1.35356e-05     0.000135292     0.000135271     0.000135303     6.84926e-05     -9.50354e-06     0.000105266
1466     0     0     0     0     0     0     0
1470     1.80474e-05     0.000183351     0.000183322     0.000183365     9.26631e-05     -1.44156e-05     0.000142852
1474     9.02371e-06     9.23931e-05     9.23787e-05     9.24002e-05     4.66591e-05     -7.77749e-06     7.20644e-05
1478     4.51185e-06     4.63319e-05     4.63247e-05     4.63355e-05     2.33979e-05     -3.90014e-06     3.61378e-05
1482     0     0     0     0     0     0     0
1486     4.51185e-06     4.6928e-05     4.69207e-05     4.69317e-05     2.36807e-05     -4.16822e-06     3.66334e-05
1490     4.51185e-06     4.74132e-05     4.74058e-05     4.74169e-05     2.38845e-05     -4.66486e-06     3.70726e-05
1494     9.02371e-06     9.54643e-05     9.54494e-05     9.54716e-05     4.79914e-05     -9.79551e-06     7.4639e-05
1498     4.51185e-06     4.79234e-05     4.79159e-05     4.79271e-05     2.40422e-05     -5.11953e-06     3.74665e-05
1502     4.51185e-06     4.81537e-05     4.81462e-05     4.81574e-05     2.42194e-05     -5.1986e-06     3.77141e-05
1506     4.51185e-06     4.87394e-05     4.87318e-05     4.87431e-05     2.44762e-05     -5.53667e-06     3.81968e-05
1510     0     0     0     0     0     0     0
1514     4.51185e-06     4.92713e-05     4.92636e-05     4.92751e-05     2.4739e-05     -5.80409e-06     3.86527e-05
1518     0     0     0     0     0     0     0
1522     4.51185e-06     4.99404e-05     4.99326e-05     4.99442e-05     2.50513e-05     -6.34023e-06     3.92499e-05
1526     4.51185e-06     5.01014e-05     5.00936e-05     5.01053e-05     2.51321e-05     -6.36068e-06     3.93765e-05
1530     9.02371e-06     0.000101253     0.000101237     0.000101261     5.04947e-05     -1.4347e-05     7.96178e-05
1534     1.35356e-05     0.000152189     0.000152166     0.000152201     7.58964e-05     -2.15643e-05     0.00011967
1538     9.02371e-06     0.000102485     0.000102469     0.000102493     5.1121e-05     -1.49179e-05     8.06777e-05
1542     9.02371e-06     0.000103211     0.000103195     0.000103219     5.14584e-05     -1.5512e-05     8.13241e-05
1546     1.35356e-05     0.000155467     0.000155442     0.000155479     7.73544e-05     -2.43777e-05     0.000122561
1550     4.51185e-06     5.20108e-05     5.20027e-05     5.20148e-05     2.58786e-05     -8.15546e-06     4.10024e-05
1554     1.35356e-05     0.000157715     0.000157691     0.000157727     7.8474e-05     -2.58458e-05     0.000124554
1558     1.35356e-05     0.000158531     0.000158506     0.000158543     7.88344e-05     -2.63073e-05     0.000125223
1562     9.02371e-06     0.00010623     0.000106214     0.000106239     5.28798e-05     -1.7966e-05     8.4022e-05
1566     4.51185e-06     5.33098e-05     5.33015e-05     5.33139e-05     2.65368e-05     -9.01591e-06     4.21649e-05
1570     9.02371e-06     0.000107487     0.00010747     0.000107495     5.33202e-05     -1.90655e-05     8.50267e-05
1574     0     0     0     0     0     0     0
1578     0     0     0     0     0     0     0
1582     9.02371e-06     0.000109494     0.000109477     0.000109502     5.43748e-05     -2.07238e-05     8.69128e-05
1586     0     0     0     0     0     0     0
1590     0     0     0     0     0     0     0
1594     4.51185e-06     5.57027e-05     5.5694e-05     5.5707e-05     2.76508e-05     -1.10644e-05     4.43023e-05
1598     9.02371e-06     0.000112076     0.000112058     0.000112084     5.54857e-05     -2.31153e-05     8.91679e-05
1602     4.51185e-06     5.64607e-05     5.64519e-05     5.6465e-05     2.79907e-05     -1.18084e-05     4.4983e-05
1606     0     0     0     0     0     0     0
1610     4.51185e-06     5.69512e-05     5.69424e-05     5.69556e-05     2.82196e-05     -1.22014e-05     4.54152e-05
1614     0     0     0     0     0     0     0
1618     4.51185e-06     5.76567e-05     5.76477e-05     5.76611e-05     2.85537e-05     -1.29166e-05     4.60661e-05
1622     4.51185e-06     5.80701e-05     5.8061e-05     5.80746e-05     2.86885e-05     -1.34469e-05     4.6415e-05
1626     1.35356e-05     0.000175     0.000174973     0.000175014     8.65109e-05     -4.06609e-05     0.000139947
1630     4.51185e-06     5.88781e-05     5.8869e-05     5.88827e-05     2.91644e-05     -1.39946e-05     4.71889e-05
1634     4.51185e-06     5.91313e-05     5.91222e-05     5.91359e-05     2.92898e-05     -1.40548e-05     4.73919e-05
1638     9.02371e-06     0.000118831     0.000118813     0.00011884     5.86752e-05     -2.92585e-05     9.52608e-05
1642     4.51185e-06     5.9934e-05     5.99246e-05     5.99386e-05     2.96245e-05     -1.49629e-05     4.81074e-05
1646     0     0     0     0     0     0     0
1650     0     0     0     0     0     0     0
1654     0     0     0     0     0     0     0
1658     0     0     0     0     0     0     0
1662     4.51185e-06     6.15355e-05     6.15259e-05     6.15402e-05     3.05275e-05     -1.62742e-05     4.96373e-05
1666     0     0     0     0     0     0     0
1670     1.35356e-05     0.000186474     0.000186445     0.000186489     9.22883e-05     -5.10631e-05     0.000150533
1674     9.02371e-06     0.000124853     0.000124834     0.000124863     6.17424e-05     -3.47246e-05     0.000100837
1678     0     0     0     0     0     0     0
1682     4.51185e-06     6.30464e-05     6.30366e-05     6.30513e-05     3.11753e-05     -1.81671e-05     5.10197e-05
1686     4.51185e-06     6.33752e-05     6.33653e-05     6.338e-05     3.13378e-05     -1.82619e-05     5.12857e-05
1690     0     0     0     0     0     0     0
1694     0     0     0     0     0     0     0
1698     4.51185e-06     6.4479e-05     6.44689e-05     6.44839e-05     3.19466e-05     -1.93943e-05     5.23598e-05
1702     0     0     0     0     0     0     0
1706     0     0     0     0     0     0     0
1710     0     0     0     0     0     0     0
1714     0     0     0     0     0     0     0
1718     0     0     0     0     0     0     0
1722     0     0     0     0     0     0     0
1726     0     0     0     0     0     0     0
1730     0     0     0     0     0     0     0
1734     0     0     0     0     0     0     0
1738     0     0     0     0     0     0     0
1742     0     0     0     0     0     0     0
1746     4.51185e-06     6.88492e-05     6.88385e-05     6.88545e-05     3.42363e-05     -2.39939e-05     5.65039e-05
1750     0     0     0     0     0     0     0
1754     0     0     0     0     0     0     0
1758     0     0     0     0     0     0     0
1762     0     0     0     0     0     0     0
1766     0     0     0     0     0     0     0
1770     0     0     0     0     0     0     0
1774     0     0     0     0     0     0     0
1778     0     0     0     0     0     0     0
1782     4.51185e-06     7.18582e-05     7.1847e-05     7.18637e-05     3.5964e-05     -2.71762e-05     5.94514e-05
1786     0     0     0     0     0     0     0
1790     0     0     0     0     0     0     0
1794     4.51185e-06     7.29795e-05     7.29682e-05     7.29851e-05     3.65703e-05     -2.82985e-05     6.05076e-05
1798     0     0     0     0     0     0     0
1802     4.51185e-06     7.35056e-05     7.34942e-05     7.35112e-05     3.68114e-05     -2.9395e-05     6.10481e-05
1806     4.51185e-06     7.38727e-05     7.38612e-05     7.38783e-05     3.69952e-05     -2.95418e-05     6.1353e-05
1810     4.51185e-06     7.42189e-05     7.42074e-05     7.42246e-05     3.72485e-05     -2.98926e-05     6.17257e-05
1814     4.51185e-06     7.45627e-05     7.45511e-05     7.45684e-05     3.74031e-05     -3.05026e-05     6.20618e-05
1818     0     0     0     0     0     0     0
1822     0     0     0     0     0     0     0
1826     1.80474e-05     0.000303248     0.000303201     0.000303271     0.000152707     -0.000127677     0.000253297
1830     0     0     0     0     0     0     0
1834     0     0     0     0     0     0     0
1838     0     0     0     0     0     0     0
1842     0     0     0     0     0     0     0
1846     0     0     0     0     0     0     0
1850     0     0     0     0     0     0     0
1854     0     0     0     0     0     0     0
1858     0     0     0     0     0     0     0
1862     0     0     0     0     0     0     0
1866     0     0     0     0     0     0     0
1870     0     0     0     0     0     0     0
1874     0     0     0     0     0     0     0
1878     0     0     0     0     0     0     0
1882     0     0     0     0     0     0     0
1886     0     0     0     0     0     0     0
1890     0     0     0     0     0     0     0
1894     0     0     0     0     0     0     0
1898     0     0     0     0     0     0     0
1902     0     0     0     0     0     0     0
1906     0     0     0     0     0     0     0
1910     0     0     0     0     0     0     0
1914     0     0     0     0     0     0     0
1918     0     0     0     0     0     0     0
1922     0     0     0     0     0     0     0
1926     0     0     0     0     0     0     0
1930     0     0     0     0     0     0     0
1934     0     0     0     0     0     0     0
1938     0     0     0     0     0     0     0
1942     0     0     0     0     0     0     0
1946     0     0     0     0     0     0     0
1950     0     0     0     0     0     0     0
1954     0     0     0     0     0     0     0
1958     0     0     0     0     0     0     0
1962     0     0     0     0     0     0     0
1966     0     0     0     0     0     0     0
1970     0     0     0     0     0     0     0
1974     0     0     0     0     0     0     0
1978     0     0     0     0     0     0     0
1982     0     0     0     0     0     0     0
1986     0     0     0     0     0     0     0
1990     0     0     0     0     0     0     0
1994     0     0     0     0     0     0     0
1998     0     0     0     0     0     0     0
2002     0     0     0     0     0     0     0
2006     0     0     0     0     0     0     0
2010     0     0     0     0     0     0     0
2014     0     0     0     0     0     0     0
2018     0     0     0     0     0     0     0
2022     0     0     0     0     0     0     0
2026     0     0     0     0     0     0     0
2030     0     0     0     0     0     0     0
2034     0     0     0     0     0     0     0
2038     0     0     0     0     0     0     0
2042     0     0     0     0     0     0     0
2046     0     0     0     0     0     0     0
2050     0     0     0     0     0     0     0
2054     0     0     0     0     0     0     0
2058     0     0     0     0     0     0     0
2062     0     0     0     0     0     0     0
2066     0     0     0     0     0     0     0
2070     0     0     0     0     0     0     0
2074     0     0     0     0     0     0     0
2078     0     0     0     0     0     0     0
2082     0     0     0     0     0     0     0
2086     0     0     0     0     0     0     0
2090     0     0     0     0     0     0     0
2094     0     0     0     0     0     0     0
2098     0     0     0     0     0     0     0
2102     0     0     0     0     0     0     0
2106     0     0     0     0     0     0     0
2110     0     0     0     0     0     0     0
2114     0     0     0     0     0     0     0
2118     0     0     0     0     0     0     0
2122     0     0     0     0     0     0     0
2126     0     0     0     0     0     0     0
2130     0     0     0     0     0     0     0
2134     0     0     0     0     0     0     0
2138     0     0     0     0     0     0     0
2142     0     0     0     0     0     0     0
2146     0     0     0     0     0     0     0
2150     0     0     0     0     0     0     0
2154     0     0     0     0     0     0     0
2158     0     0     0     0     0     0     0
2162     0     0     0     0     0     0     0
2166     0     0     0     0     0     0     0
2170     0     0     0     0     0     0     0
2174     0     0     0     0     0     0     0
2178     0     0     0     0     0     0     0
2182     0     0     0     0     0     0     0
2186     0     0     0     0     0     0     0
2190     0     0     0     0     0     0     0
2194     0     0     0     0     0     0     0
2198     0     0     0     0     0     0     0
2202     0     0     0     0     0     0     0
2206     0     0     0     0     0     0     0
2210     0     0     0     0     0     0     0
2214     0     0     0     0     0     0     0
2218     0     0     0     0     0     0     0
2222     0     0     0     0     0     0     0
2226     0     0     0     0     0     0     0
2230     0     0     0     0     0     0     0
2234     0     0     0     0     0     0     0
2238     0     0     0     0     0     0     0
2242     0     0     0     0     0     0     0
2246     0     0     0     0     0     0     0
2250     0     0     0     0     0     0     0
2254     0     0     0     0     0     0     0
2258     0     0     0     0     0     0     0
2262     0     0     0     0     0     0     0
2266     0     0     0     0     0     0     0
2270     0     0     0     0     0     0     0
2274     0     0     0     0     0     0     0
2278     0     0     0     0     0     0     0
2282     0     0     0     0     0     0     0
2286     0     0     0     0     0     0     0
2290     0     0     0     0     0     0     0
2294     0     0     0     0     0     0     0
2298     0     0     0     0     0     0     0
2302     0     0     0     0     0     0     0
2306     0     0     0     0     0     0     0
2310     0     0     0     0     0     0     0
2314     0     0     0     0     0     0     0
2318     0     0     0     0     0     0     0
2322     0     0     0     0     0     0     0
2326     0     0     0     0     0     0     0
2330     0     0     0     0     0     0     0
2334     0     0     0     0     0     0     0
2338     0     0     0     0     0     0     0
2342     0     0     0     0     0     0     0
2346     0     0     0     0     0     0     0
2350     0     0     0     0     0     0     0
2354     0     0     0     0     0     0     0
2358     0     0     0     0     0     0     0
2362     0     0     0     0     0     0     0
2366     0     0     0     0     0     0     0
2370     0     0     0     0     0     0     0
2374     0     0     0     0     0     0     0
2378     0     0     0     0     0     0     0
2382     0     0     0     0     0     0     0
2386     0     0     0     0     0     0     0
2390     0     0     0     0     0     0     0
2394     0     0     0     0     0     0     0
2398     0     0     0     0     0     0     0
2402     0     0     0     0     0     0     0
2406     0     0     0     0     0     0     0
2410     0     0     0     0     0     0     0
2414     0     0     0     0     0     0     0
2418     0     0     0     0     0     0     0
2422     0     0     0     0     0     0     0
2426     0     0     0     0     0     0     0
2430     0     0     0     0     0     0     0
2434     0     0     0     0     0     0     0
2438     0     0     0     0     0     0     0
2442     0     0     0     0     0     0     0
2446     0     0     0     0     0     0     0
2450     0     0     0     0     0     0     0
2454     0     0     0     0     0     0     0
2458     0     0     0     0     0     0     0
2462     0     0     0     0     0     0     0
2466     0     0     0     0     0     0     0
2470     0     0     0     0     0     0     0
2474     0     0     0     0     0     0     0
2478     0     0     0     0     0     0     0
2482     0     0     0     0     0     0     0
2486     0     0     0     0     0     0     0
2490     0     0     0     0     0     0     0
2494     0     0     0     0     0     0     0
2498     0     0     0     0     0     0     0
2502     0     0     0     0     0     0     0
2506     0     0     0     0     0     0     0
2510     0     0     0     0     0     0     0
2514     0     0     0     0     0     0     0
2518     0     0     0     0     0     0     0
2522     0     0     0     0     0     0     0
2526     0     0     0     0     0     0     0
2530     0     0     0     0     0     0     0
2534     0     0     0     0     0     0     0
2538     0     0     0     0     0     0     0
2542     0     0     0     0     0     0     0
2546     0     0     0     0     0     0     0
2550     0     0     0     0     0     0     0
2554     0     0     0     0     0     0     0
2558     0     0     0     0     0     0     0
2562     0     0     0     0     0     0     0
2566     0     0     0     0     0     0     0
2570     0     0     0     0     0     0     0
2574     0     0     0     0     0     0     0
2578     0     0     0     0     0     0     0
2582     0     0     0     0     0     0     0
2586     0     0     0     0     0     0     0
2590     0     0     0     0     0     0     0
2594     0     0     0     0     0     0     0
2598     0     0     0     0     0     0     0
2602     0     0     0     0     0     0     0
2606     0     0     0     0     0     0     0
2610     0     0     0     0     0     0     0
2614     0     0     0     0     0     0     0
2618     0     0     0     0     0     0     0
2622     0     0     0     0     0     0     0
2626     0     0     0     0     0     0     0
2630     0     0     0     0     0     0     0
2634     0     0     0     0     0     0     0
2638     0     0     0     0     0     0     0
2642     0     0     0     0     0     0     0
2646     0     0     0     0     0     0     0
2650     0     0     0     0     0     0     0
2654     0     0     0     0     0     0     0
2658     0     0     0     0     0     0     0
2662     0     0     0     0     0     0     0
2666     0     0     0     0     0     0     0
2670     0     0     0     0     0     0     0
2674     0     0     0     0     0     0     0
2678     0     0     0     0     0     0     0
2682     0     0     0     0     0     0     0
2686     0     0     0     0     0     0     0
2690     0     0     0     0     0     0     0
2694     0     0     0     0     0     0     0
2698     0     0     0     0     0     0     0
2702     0     0     0     0     0     0     0
2706     0     0     0     0     0     0     0
2710     0     0     0     0     0     0     0
2714     0     0     0     0     0     0     0
2718     0     0     0     0     0     0     0
2722     0     0     0     0     0     0     0
2726     0     0     0     0     0     0     0
2730     0     0     0     0     0     0     0
2734     0     0     0     0     0     0     0
2738     0     0     0     0     0     0     0
2742     0     0     0     0     0     0     0
2746     0     0     0     0     0     0     0
2750     0     0     0     0     0     0     0
2754     0     0     0     0     0     0     0
2758     0     0     0     0     0     0     0
2762     0     0     0     0     0     0     0
2766     0     0     0     0     0     0     0
2770     0     0     0     0     0     0     0
2774     0     0     0     0     0     0     0
2778     0     0     0     0     0     0     0
2782     0     0     0     0     0     0     0
2786     0     0     0     0     0     0     0
2790     0     0     0     0     0     0     0
2794     0     0     0     0     0     0     0
2798     0     0     0     0     0     0     0
2802     0     0     0     0     0     0     0
2806     0     0     0     0     0     0     0
2810     0     0     0     0     0     0     0
2814     0     0     0     0     0     0     0
2818     0     0     0     0     0     0     0
2822     0     0     0     0     0     0     0
2826     0     0     0     0     0     0     0
2830     0     0     0     0     0     0     0
2834     0     0     0     0     0     0     0
2838     0     0     0     0     0     0     0
2842     0     0     0     0     0     0     0
2846     0     0     0     0     0     0     0
2850     0     0     0     0     0     0     0
2854     0     0     0     0     0     0     0
2858     0     0     0     0     0     0     0
2862     0     0     0     0     0     0     0
2866     0     0     0     0     0     0     0
2870     0     0     0     0     0     0     0
2874     0     0     0     0     0     0     0
2878     0     0     0     0     0     0     0
2882     0     0     0     0     0     0     0
2886     0     0     0     0     0     0     0
2890     0     0     0     0     0     0     0
2894     0     0     0     0     0     0     0
2898     0     0     0     0     0     0     0
2902     0     0     0     0     0     0     0
2906     0     0     0     0     0     0     0
2910     0     0     0     0     0     0     0
2914     0     0     0     0     0     0     0
2918     0     0     0     0     0     0     0
2922     0     0     0     0     0     0     0
2926     0     0     0     0     0     0     0
2930     0     0     0     0     0     0     0
2934     0     0     0     0     0     0     0
2938     0     0     0     0     0     0     0
2942     0     0     0     0     0     0     0
2946     0     0     0     0     0     0     0
2950     0     0     0     0     0     0     0
2954     0     0     0     0     0     0     0
2958     0     0     0     0     0     0     0
2962     0     0     0     0     0     0     0
2966     0     0     0     0     0     0     0
2970     0     0     0     0     0     0     0
2974     0     0     0     0     0     0     0
2978     0     0     0     0     0     0     0
2982     0     0     0     0     0     0     0
2986     0     0     0     0     0     0     0
2990     0     0     0     0     0     0     0
2994     0     0     0     0     0     0     0
2998     0     0     0     0     0     0     0
3002     0     0     0     0     0     0     0
3006     0     0     0     0     0     0     0
3010     0     0     0     0     0     0     0
3014     0     0     0     0     0     0     0
3018     0     0     0     0     0     0     0
3022     0     0     0     0     0     0     0
3026     0     0     0     0     0     0     0
3030     0     0     0     0     0     0     0
3034     0     0     0     0     0     0     0
3038     0     0     0     0     0     0     0
3042     0     0     0     0     0     0     0
3046     0     0     0     0     0     0     0
3050     0     0     0     0     0     0     0
3054     0     0     0     0     0     0     0
3058     0     0     0     0     0     0     0
3062     0     0     0     0     0     0     0
3066     0     0     0     0     0     0     0
3070     0     0     0     0     0     0     0
3074     0     0     0     0     0     0     0
3078     0     0     0     0     0     0     0
3082     0     0     0     0     0     0     0
3086     0     0     0     0     0     0     0
3090     0     0     0     0     0     0     0
3094     0     0     0     0     0     0     0
3098     0     0     0     0     0     0     0
3102     0     0     0     0     0     0     0
3106     0     0     0     0     0     0     0
3110     0     0     0     0     0     0     0
3114     0     0     0     0     0     0     0
3118     0     0     0     0     0     0     0
3122     0     0     0     0     0     0     0
3126     0     0     0     0     0     0     0
3130     0     0     0     0     0     0     0
3134     0     0     0     0     0     0     0
3138     0     0     0     0     0     0     0
3142     0     0     0     0     0     0     0
3146     0     0     0     0     0     0     0
3150     0     0     0     0     0     0     0
3154     0     0     0     0     0     0     0
3158     0     0     0     0     0     0     0
3162     0     0     0     0     0     0     0
3166     0     0     0     0     0     0     0
3170     0     0     0     0     0     0     0
3174     0     0     0     0     0     0     0
3178     0     0     0     0     0     0     0
3182     0     0     0     0     0     0     0
3186     0     0     0     0     0     0     0
3190     0     0     0     0     0     0     0
3194     0     0     0     0     0     0     0
3198     0     0     0     0     0     0     0
3202     0     0     0     0     0     0     0
3206     0     0     0     0     0     0     0
3210     0     0     0     0     0     0     0
3214     0     0     0     0     0     0     0
3218     0     0     0     0     0     0     0
3222     0     0     0     0     0     0     0
3226     0     0     0     0     0     0     0
3230     0     0     0     0     0     0     0
3234     0     0     0     0     0     0     0
3238     0     0     0     0     0     0     0
3242     0     0     0     0     0     0     0
3246     0     0     0     0     0     0     0
3250     0     0     0     0     0     0     0
3254     0     0     0     0     0     0     0
3258     0     0     0     0     0     0     0
3262     0     0     0     0     0     0     0
3266     0     0     0     0     0     0     0
3270     0     0     0     0     0     0     0
3274     0     0     0     0     0     0     0
3278     0     0     0     0     0     0     0
3282     0     0     0     0     0     0     0
3286     0     0     0     0     0     0     0
3290     0     0     0     0     0     0     0
3294     0     0     0     0     0     0     0
3298     0     0     0     0     0     0     0
3302     0     0     0     0     0     0     0
3306     0     0     0     0     0     0     0
3310     0     0     0     0     0     0     0
3314     0     0     0     0     0     0     0
3318     0     0     0     0     0     0     0
3322     0     0     0     0     0     0     0
3326     0     0     0     0     0     0     0
3330     0     0     0     0     0     0     0
3334     0     0     0     0     0     0     0
3338     0     0     0     0     0     0     0
3342     0     0     0     0     0     0     0
3346     0     0     0     0     0     0     0
3350     0     0     0     0     0     0     0
3354     0     0     0     0     0     0     0
3358     0     0     0     0     0     0     0
3362     0     0     0     0     0     0     0
3366     0     0     0     0     0     0     0
3370     0     0     0     0     0     0     0
3374     0     0     0     0     0     0     0
3378     0     0     0     0     0     0     0
3382     0     0     0     0     0     0     0
3386     0     0     0     0     0     0     0
3390     0     0     0     0     0     0     0
3394     0     0     0     0     0     0     0
3398     0     0     0     0     0     0     0
3402     0     0     0     0     0     0     0
3406     0     0     0     0     0     0     0
3410     0     0     0     0     0     0     0
3414     0     0     0     0     0     0     0
3418     0     0     0     0     0     0     0
3422     0     0     0     0     0     0     0
3426     0     0     0     0     0     0     0
3430     0     0     0     0     0     0     0
3434     0     0     0     0     0     0     0
3438     0     0     0     0     0     0     0
3442     0     0     0     0     0     0     0
3446     0     0     0     0     0     0     0
3450     0     0     0     0     0     0     0
3454     0     0     0     0     0     0     0
3458     0     0     0     0     0     0     0
3462     0     0     0     0     0     0     0
3466     0     0     0     0     0     0     0
3470     0     0     0     0     0     0     0
3474     0     0     0     0     0     0     0
3478     0     0     0     0     0     0     0
3482     0     0     0     0     0     0     0
3486     0     0     0     0     0     0     0
3490     0     0     0     0     0     0     0
3494     0     0     0     0     0     0     0
3498     0     0     0     0     0     0     0
3502     0     0     0     0     0     0     0
3506     0     0     0     0     0     0     0
3510     0     0     0     0     0     0     0
3514     0     0     0     0     0     0     0
3518     0     0     0     0     0     0     0
3522     0     0     0     0     0     0     0
3526     0     0     0     0     0     0     0
3530     0     0     0     0     0     0     0
3534     0     0     0     0     0     0     0
3538     0     0     0     0     0     0     0
3542     0     0     0     0     0     0     0
3546     0     0     0     0     0     0     0
3550     0     0     0     0     0     0     0
3554     0     0     0     0     0     0     0
3558     0     0     0     0     0     0     0
3562     0     0     0     0     0     0     0
3566     0     0     0     0     0     0     0
3570     0     0     0     0     0     0     0
3574     0     0     0     0     0     0     0
3578     0     0     0     0     0     0     0
3582     0     0     0     0     0     0     0
3586     0     0     0     0     0     0     0
3590     0     0     0     0     0     0     0
3594     0     0     0     0     0     0     0
3598     0     0     0     0     0     0     0
3602     0     0     0     0     0     0     0
3606     0     0     0     0     0     0     0
3610     0     0     0     0     0     0     0
3614     0     0     0     0     0     0     0
3618     0     0     0     0     0     0     0
3622     0     0     0     0     0     0     0
3626     0     0     0     0     0     0     0
3630     0     0     0     0     0     0     0
3634     0     0     0     0     0     0     0
3638     0     0     0     0     0     0     0
3642     0     0     0     0     0     0     0
3646     0     0     0     0     0     0     0
3650     0     0     0     0     0     0     0
3654     0     0     0     0     0     0     0
3658     0     0     0     0     0     0     0
3662     0     0     0     0     0     0     0
3666     0     0     0     0     0     0     0
3670     0     0     0     0     0     0     0
3674     0     0     0     0     0     0     0
3678     0     0     0     0     0     0     0
3682     0     0     0     0     0     0     0
3686     0     0     0     0     0     0     0
3690     0     0     0     0     0     0     0
3694     0     0     0     0     0     0     0
3698     0     0     0     0     0     0     0
3702     0     0     0     0     0     0     0
3706     0     0     0     0     0     0     0
3710     0     0     0     0     0     0     0
3714     0     0     0     0     0     0     0
3718     0     0     0     0     0     0     0
3722     0     0     0     0     0     0     0
3726     0     0     0     0     0     0     0
3730     0     0     0     0     0     0     0
3734     0     0     0     0     0     0     0
3738     0     0     0     0     0     0     0
3742     0     0     0     0     0     0     0
3746     0     0     0     0     0     0     0
3750     0     0     0     0     0     0     0
3754     0     0     0     0     0     0     0
3758     0     0     0     0     0     0     0
3762     0     0     0     0     0     0     0
3766     0     0     0     0     0     0     0
3770     0     0     0     0     0     0     0
3774     0     0     0     0     0     0     0
3778     0     0     0     0     0     0     0
3782     0     0     0     0     0     0     0
3786     0     0     0     0     0     0     0
3790     0     0     0     0     0     0     0
3794     0     0     0     0     0     0     0
3798     0     0     0     0     0     0     0
3802     0     0     0     0     0     0     0
3806     0     0     0     0     0     0     0
3810     0     0     0     0     0     0     0
3814     0     0     0     0     0     0     0
3818     0     0     0     0     0     0     0
3822     0     0     0     0     0     0     0
3826     0     0     0     0     0     0     0
3830     0     0     0     0     0     0     0
3834     0     0     0     0     0     0     0
3838     0     0     0     0     0     0     0
3842     0     0     0     0     0     0     0
3846     0     0     0     0     0     0     0
3850     0     0     0     0     0     0     0
3854     0     0     0     0     0     0     0
3858     0     0     0     0     0     0     0
3862     0     0     0     0     0     0     0
3866     0     0     0     0     0     0     0
3870     0     0     0     0     0     0     0
3874     0     0     0     0     0     0     0
3878     0     0     0     0     0     0     0
3882     0     0     0     0     0     0     0
3886     0     0     0     0     0     0     0
3890     0     0     0     0     0     0     0
3894     0     0     0     0     0     0     0
3898     0     0     0     0     0     0     0
3902     0     0     0     0     0     0     0
3906     0     0     0     0     0     0     0
3910     0     0     0     0     0     0     0
3914     0     0     0     0     0     0     0
3918     0     0     0     0     0     0     0
3922     0     0     0     0     0     0     0
3926     0     0     0     0     0     0     0
3930     0     0     0     0     0     0     0
3934     0     0     0     0     0     0     0
3938     0     0     0     0     0     0     0
3942     0     0     0     0     0     0     0
3946     0     0     0     0     0     0     0
3950     0     0     0     0     0     0     0
3954     0     0     0     0     0     0     0
3958     0     0     0     0     0     0     0
3962     0     0     0     0     0     0     0
3966     0     0     0     0     0     0     0
3970     0     0     0     0     0     0     0
3974     0     0     0     0     0     0     0
3978     0     0     0     0     0     0     0
3982     0     0     0     0     0     0     0
3986     0     0     0     0     0     0     0
3990     0     0     0     0     0     0     0
3994     0     0     0     0     0     0     0
3998     0     0     0     0     0     0     0
