2     0     0     0     0     0     0     0
6     0     0     0     0     0     0     0
10     0     0     0     0     0     0     0
14     0     0     0     0     0     0     0
18     0     0     0     0     0     0     0
22     0     0     0     0     0     0     0
26     1.8161e-05     2.70232e-09     2.70225e-09     2.70236e-09     2.78812e-09     2.96543e-09     2.7144e-09
30     1.71881e-05     2.10677e-09     2.10671e-09     2.1068e-09     2.17366e-09     2.31189e-09     2.11619e-09
34     2.36742e-05     2.42169e-09     2.42163e-09     2.42173e-09     2.49858e-09     2.65747e-09     2.43252e-09
38     2.85387e-05     2.52055e-09     2.52049e-09     2.52059e-09     2.60058e-09     2.76596e-09     2.53182e-09
42     2.91873e-05     2.23891e-09     2.23886e-09     2.23895e-09     2.31e-09     2.4569e-09     2.24892e-09
46     3.2106e-05     2.16878e-09     2.16873e-09     2.16882e-09     2.23764e-09     2.37994e-09     2.17848e-09
50     4.31324e-05     2.61729e-09     2.61723e-09     2.61734e-09     2.7004e-09     2.87212e-09     2.629e-09
54     4.18351e-05     2.30471e-09     2.30466e-09     2.30475e-09     2.37789e-09     2.52911e-09     2.31502e-09
58     4.50782e-05     2.28224e-09     2.28218e-09     2.28228e-09     2.35471e-09     2.50445e-09     2.29245e-09
62     4.79969e-05     2.25373e-09     2.25368e-09     2.25377e-09     2.32529e-09     2.47317e-09     2.26381e-09
66     5.74017e-05     2.53359e-09     2.53353e-09     2.53363e-09     2.61404e-09     2.78027e-09     2.54492e-09
70     6.45364e-05     2.70719e-09     2.70712e-09     2.70724e-09     2.79315e-09     2.97078e-09     2.7193e-09
74     6.32392e-05     2.54537e-09     2.54531e-09     2.54542e-09     2.62619e-09     2.7932e-09     2.55676e-09
78     6.32392e-05     2.46264e-09     2.46257e-09     2.46268e-09     2.54083e-09     2.70241e-09     2.47365e-09
82     7.42655e-05     2.82718e-09     2.82711e-09     2.82723e-09     2.91695e-09     3.10245e-09     2.83982e-09
86     7.49141e-05     2.8073e-09     2.80723e-09     2.80735e-09     2.89644e-09     3.08063e-09     2.81986e-09
90     7.913e-05     2.94023e-09     2.94016e-09     2.94028e-09     3.03359e-09     3.22651e-09     2.95338e-09
94     8.62647e-05     3.20001e-09     3.19993e-09     3.20007e-09     3.30162e-09     3.51158e-09     3.21432e-09
98     8.91834e-05     3.32077e-09     3.32069e-09     3.32083e-09     3.42621e-09     3.6441e-09     3.33562e-09
102     8.98321e-05     3.37297e-09     3.37289e-09     3.37303e-09     3.48007e-09     3.70138e-09     3.38805e-09
106     0.000101507     3.86508e-09     3.86498e-09     3.86515e-09     3.9878e-09     4.2414e-09     3.88236e-09
110     0.000105074     4.09135e-09     4.09125e-09     4.09142e-09     4.22126e-09     4.4897e-09     4.10964e-09
114     0.000101183     4.08915e-09     4.08905e-09     4.08922e-09     4.21899e-09     4.48729e-09     4.10744e-09
118     0.000114803     4.87054e-09     4.87042e-09     4.87062e-09     5.02519e-09     5.34476e-09     4.89232e-09
122     0.000108317     4.9486e-09     4.94848e-09     4.94869e-09     5.10573e-09     5.43042e-09     4.97073e-09
126     0.000103128     5.18708e-09     5.18695e-09     5.18717e-09     5.35178e-09     5.69212e-09     5.21028e-09
130     0.000121614     6.90902e-09     6.90885e-09     6.90913e-09     7.12839e-09     7.58171e-09     6.93991e-09
134     0.000138478     9.16165e-09     9.16142e-09     9.16181e-09     9.45255e-09     1.00537e-08     9.20262e-09
138     0.000122262     9.71186e-09     9.71162e-09     9.71202e-09     1.00202e-08     1.06574e-08     9.75528e-09
142     0.000140099     1.38806e-08     1.38803e-08     1.38809e-08     1.43213e-08     1.52321e-08     1.39427e-08
146     0.000132316     1.69448e-08     1.69444e-08     1.69451e-08     1.74829e-08     1.85946e-08     1.70206e-08
150     0.000129721     2.2801e-08     2.28005e-08     2.28014e-08     2.3525e-08     2.5021e-08     2.2903e-08
154     0.00013037     3.48914e-08     3.48906e-08     3.4892e-08     3.59993e-08     3.82886e-08     3.50475e-08
158     0.00013037     6.64823e-08     6.64806e-08     6.64834e-08     6.85932e-08     7.29553e-08     6.67795e-08
162     0.000141721     1.92074e-07     1.92069e-07     1.92077e-07     1.98173e-07     2.10775e-07     1.92933e-07
166     0.000143018     3.54801e-07     3.54792e-07     3.54806e-07     3.66066e-07     3.89345e-07     3.56387e-07
170     0.000152098     5.13252e-07     5.13239e-07     5.1326e-07     5.29548e-07     5.63224e-07     5.15547e-07
174     0.000164098     6.79152e-07     6.79135e-07     6.79163e-07     7.00716e-07     7.45277e-07     6.82189e-07
178     0.000157611     7.6845e-07     7.68431e-07     7.68463e-07     7.92849e-07     8.43269e-07     7.71886e-07
182     0.000168962     9.88873e-07     9.88848e-07     9.88889e-07     1.02027e-06     1.08515e-06     9.93294e-07
186     0.000180637     1.2753e-06     1.27527e-06     1.27533e-06     1.3158e-06     1.39947e-06     1.28101e-06
190     0.000169286     1.39926e-06     1.39922e-06     1.39928e-06     1.44369e-06     1.53549e-06     1.40551e-06
194     0.000176421     1.64267e-06     1.64263e-06     1.6427e-06     1.69483e-06     1.80261e-06     1.65002e-06
198     0.000171232     1.76351e-06     1.76346e-06     1.76354e-06     1.8195e-06     1.93521e-06     1.77139e-06
202     0.000180637     2.034e-06     2.03395e-06     2.03404e-06     2.09858e-06     2.23204e-06     2.0431e-06
206     0.000183231     2.24592e-06     2.24587e-06     2.24594e-06     2.31723e-06     2.4646e-06     2.25595e-06
210     0.000174475     2.3127e-06     2.31265e-06     2.31272e-06     2.38798e-06     2.54066e-06     2.3243e-06
214     0.000183556     2.62047e-06     2.62042e-06     2.6205e-06     2.70771e-06     2.8817e-06     2.63496e-06
218     0.000184204     2.81214e-06     2.81208e-06     2.81217e-06     2.90553e-06     3.09214e-06     2.82753e-06
222     0.000170584     2.77857e-06     2.77852e-06     2.7786e-06     2.87135e-06     3.056e-06     2.79412e-06
226     0.000195879     3.38966e-06     3.38959e-06     3.38969e-06     3.50309e-06     3.72847e-06     3.4088e-06
230     0.000201392     3.70407e-06     3.704e-06     3.70411e-06     3.82815e-06     4.0745e-06     3.72508e-06
234     0.00018842     3.6742e-06     3.67413e-06     3.67423e-06     3.79718e-06     4.04149e-06     3.69496e-06
238     0.000188096     3.88586e-06     3.88579e-06     3.8859e-06     4.01552e-06     4.27369e-06     3.90753e-06
242     0.000191015     4.16581e-06     4.16573e-06     4.16585e-06     4.30585e-06     4.58317e-06     4.18976e-06
246     0.000210473     4.83686e-06     4.83677e-06     4.83691e-06     4.99989e-06     5.32211e-06     4.86496e-06
250     0.000213067     5.15209e-06     5.152e-06     5.15214e-06     5.32565e-06     5.66881e-06     5.18195e-06
254     0.00020496     5.20893e-06     5.20884e-06     5.20898e-06     5.38431e-06     5.7312e-06     5.23906e-06
258     0.000215337     5.75061e-06     5.75051e-06     5.75066e-06     5.94472e-06     6.32793e-06     5.78421e-06
262     0.000203338     5.69421e-06     5.69411e-06     5.69426e-06     5.88867e-06     6.26925e-06     5.72904e-06
266     0.000223445     6.54882e-06     6.54871e-06     6.54887e-06     6.77197e-06     7.20942e-06     6.58853e-06
270     0.000203987     6.25551e-06     6.2554e-06     6.25556e-06     6.46912e-06     6.88723e-06     6.29375e-06
274     0.000220202     7.05495e-06     7.05483e-06     7.05501e-06     7.29687e-06     7.76894e-06     7.09876e-06
278     0.000218256     7.31095e-06     7.31083e-06     7.31101e-06     7.56268e-06     8.05241e-06     7.35705e-06
282     0.000226364     7.90666e-06     7.90653e-06     7.90672e-06     8.17844e-06     8.70784e-06     7.95619e-06
286     0.00021631     7.88122e-06     7.8811e-06     7.88128e-06     8.15319e-06     8.68141e-06     7.93132e-06
290     0.000223445     8.47087e-06     8.47073e-06     8.47092e-06     8.76449e-06     9.33291e-06     8.5256e-06
294     0.000251335     9.89751e-06     9.89736e-06     9.89758e-06     1.02422e-05     1.09073e-05     9.9626e-06
298     0.00024193     9.89554e-06     9.89539e-06     9.8956e-06     1.02422e-05     1.09081e-05     9.96195e-06
302     0.000239985     1.01913e-05     1.01912e-05     1.01914e-05     1.05464e-05     1.12312e-05     1.02583e-05
306     0.00023966     1.05691e-05     1.05689e-05     1.05691e-05     1.09393e-05     1.16506e-05     1.064e-05
310     0.000248416     1.13577e-05     1.13576e-05     1.13578e-05     1.17611e-05     1.25282e-05     1.14377e-05
314     0.000243228     1.15284e-05     1.15283e-05     1.15285e-05     1.19419e-05     1.27226e-05     1.16124e-05
318     0.000242255     1.18942e-05     1.18941e-05     1.18943e-05     1.23181e-05     1.31223e-05     1.1979e-05
322     0.000261064     1.32492e-05     1.3249e-05     1.32492e-05     1.37257e-05     1.46236e-05     1.33465e-05
326     0.000248092     1.30056e-05     1.30054e-05     1.30056e-05     1.34769e-05     1.43601e-05     1.31036e-05
330     0.000240957     1.30416e-05     1.30415e-05     1.30417e-05     1.35178e-05     1.44052e-05     1.31424e-05
334     0.000272739     1.52342e-05     1.52341e-05     1.52343e-05     1.57944e-05     1.68327e-05     1.53547e-05
338     0.000257497     1.48368e-05     1.48367e-05     1.48368e-05     1.53857e-05     1.63984e-05     1.49565e-05
342     0.000254578     1.51299e-05     1.51298e-05     1.51299e-05     1.56967e-05     1.67325e-05     1.5257e-05
346     0.000260091     1.5977e-05     1.59769e-05     1.5977e-05     1.65792e-05     1.76743e-05     1.6114e-05
350     0.000261389     1.67088e-05     1.67086e-05     1.67087e-05     1.73442e-05     1.84921e-05     1.68561e-05
354     0.000268523     1.7939e-05     1.79389e-05     1.79389e-05     1.86279e-05     1.98636e-05     1.81017e-05
358     0.000278577     1.95206e-05     1.95205e-05     1.95205e-05     2.02778e-05     2.16266e-05     1.97027e-05
362     0.000274036     2.01198e-05     2.01197e-05     2.01196e-05     2.09102e-05     2.2306e-05     2.03141e-05
366     0.000267875     2.05362e-05     2.05361e-05     2.0536e-05     2.13514e-05     2.27804e-05     2.07401e-05
370     0.000264632     2.11724e-05     2.11724e-05     2.11723e-05     2.20363e-05     2.35217e-05     2.13986e-05
374     0.00028636     2.39069e-05     2.39069e-05     2.39067e-05     2.48992e-05     2.65852e-05     2.41736e-05
378     0.000279874     2.43666e-05     2.43666e-05     2.43664e-05     2.53669e-05     2.70804e-05     2.46306e-05
382     0.000288306     2.61351e-05     2.61351e-05     2.61348e-05     2.72457e-05     2.91035e-05     2.64436e-05
386     0.000290252     2.73313e-05     2.73314e-05     2.7331e-05     2.8513e-05     3.04668e-05     2.76675e-05
390     0.000288954     2.82043e-05     2.82044e-05     2.8204e-05     2.94406e-05     3.1466e-05     2.85624e-05
394     0.000288306     2.91469e-05     2.9147e-05     2.91466e-05     3.04411e-05     3.25434e-05     2.9528e-05
398     0.000294468     3.07974e-05     3.07975e-05     3.0797e-05     3.21823e-05     3.44133e-05     3.12115e-05
402     0.000294468     3.18237e-05     3.18238e-05     3.18233e-05     3.32808e-05     3.56006e-05     3.22687e-05
406     0.000315223     3.51562e-05     3.51564e-05     3.51557e-05     3.6788e-05     3.93631e-05     3.56624e-05
410     0.000291873     3.36227e-05     3.36228e-05     3.36222e-05     3.52077e-05     3.76841e-05     3.41228e-05
414     0.000313601     3.72201e-05     3.72203e-05     3.72196e-05     3.8998e-05     4.17525e-05     3.77891e-05
418     0.000310358     3.79221e-05     3.79223e-05     3.79215e-05     3.97546e-05     4.2573e-05     3.85156e-05
422     0.000298359     3.74957e-05     3.74959e-05     3.74951e-05     3.9348e-05     4.21575e-05     3.8109e-05
426     0.000310034     4.00184e-05     4.00187e-05     4.00177e-05     4.20263e-05     4.50426e-05     4.06932e-05
430     0.000304197     4.03232e-05     4.03235e-05     4.03225e-05     4.23822e-05     4.54415e-05     4.10266e-05
434     0.000317817     4.32536e-05     4.32539e-05     4.32528e-05     4.55005e-05     4.88035e-05     4.40333e-05
438     0.000315223     4.40156e-05     4.4016e-05     4.40148e-05     4.63371e-05     4.97179e-05     4.48321e-05
442     0.000324628     4.64914e-05     4.64919e-05     4.64906e-05     4.90054e-05     5.26119e-05     4.73942e-05
446     0.000319439     4.68606e-05     4.6861e-05     4.68597e-05     4.94328e-05     5.30912e-05     4.7795e-05
450     0.000340843     5.11757e-05     5.11762e-05     5.11747e-05     5.40279e-05     5.80488e-05     5.22237e-05
454     0.000327871     5.03593e-05     5.03598e-05     5.03583e-05     5.3213e-05     5.71972e-05     5.1421e-05
458     0.000341492     5.36233e-05     5.36239e-05     5.36223e-05     5.67192e-05     6.09938e-05     5.47913e-05
462     0.000343762     5.51829e-05     5.51835e-05     5.51818e-05     5.84438e-05     6.28839e-05     5.64346e-05
466     0.000315872     5.18175e-05     5.18181e-05     5.18164e-05     5.49309e-05     5.91277e-05     5.30271e-05
470     0.000336303     5.63457e-05     5.63463e-05     5.63445e-05     5.9803e-05     6.44056e-05     5.77086e-05
474     0.000359004     6.14184e-05     6.14191e-05     6.14171e-05     6.52667e-05     7.03277e-05     6.29567e-05
478     0.000356734     6.22705e-05     6.22713e-05     6.22692e-05     6.62339e-05     7.14003e-05     6.38705e-05
482     0.000366139     6.51975e-05     6.51984e-05     6.51961e-05     6.94398e-05     7.4904e-05     6.6932e-05
486     0.000350572     6.36581e-05     6.36589e-05     6.36567e-05     6.78708e-05     7.32484e-05     6.53968e-05
490     0.000350572     6.49207e-05     6.49216e-05     6.49193e-05     6.9318e-05     7.48609e-05     6.67593e-05
494     0.000359977     6.79214e-05     6.79223e-05     6.79199e-05     7.26247e-05     7.84825e-05     6.99119e-05
498     0.000351545     6.75968e-05     6.75977e-05     6.75953e-05     7.23515e-05     7.82235e-05     6.96259e-05
502     0.000374246     7.3265e-05     7.3266e-05     7.32633e-05     7.86171e-05     8.50944e-05     7.55944e-05
506     0.000368084     7.33785e-05     7.33795e-05     7.33767e-05     7.88423e-05     8.53909e-05     7.57776e-05
510     0.000383327     7.78023e-05     7.78034e-05     7.78004e-05     8.37104e-05     9.07226e-05     8.04194e-05
514     0.000362896     7.49683e-05     7.49694e-05     7.49665e-05     8.07853e-05     8.7617e-05     7.75692e-05
518     0.000381381     8.02012e-05     8.02024e-05     8.01992e-05     8.65649e-05     9.39584e-05     8.30731e-05
522     0.000389488     8.33327e-05     8.3334e-05     8.33307e-05     9.01611e-05     9.79723e-05     8.64554e-05
526     0.000377489     8.21455e-05     8.21468e-05     8.21435e-05     8.89711e-05     9.67273e-05     8.52839e-05
530     0.000375868     8.3171e-05     8.31723e-05     8.31689e-05     9.02344e-05     9.81753e-05     8.64477e-05
534     0.000391759     8.8102e-05     8.81035e-05     8.80998e-05     9.57555e-05     0.000104265     9.16847e-05
538     0.000382354     8.73268e-05     8.73283e-05     8.73246e-05     9.50347e-05     0.000103538     9.09573e-05
542     0.000400515     9.29704e-05     9.2972e-05     9.2968e-05     0.000101408     0.000110592     9.69861e-05
546     0.000382354     9.01685e-05     9.01701e-05     9.01662e-05     9.86182e-05     0.000107678     9.42367e-05
550     0.000374246     8.97121e-05     8.97137e-05     8.97097e-05     9.83394e-05     0.000107482     9.39019e-05
554     0.000423865     0.000103278     0.00010328     0.000103275     0.000113402     0.000124042     0.000108224
558     0.000411865     0.000101951     0.000101953     0.000101948     0.000112108     0.00012271     0.000106937
562     0.000419973     0.000105469     0.000105472     0.000105467     0.000116339     0.000127526     0.000110858
566     0.000422243     0.000107456     0.000107459     0.000107453     0.000118735     0.000130257     0.000113075
570     0.000418676     0.000108035     0.000108037     0.000108032     0.000119651     0.000131401     0.000113861
574     0.000434242     0.000113766     0.000113768     0.000113762     0.000126317     0.000138879     0.000120105
578     0.000437485     0.00011644     0.000116442     0.000116436     0.000129585     0.000142619     0.000123121
582     0.000443971     0.000119908     0.000119911     0.000119905     0.000133892     0.000147579     0.000127075
586     0.000427756     0.000117167     0.000117169     0.000117163     0.000131122     0.000144672     0.000124354
590     0.00043554     0.000121103     0.000121106     0.0001211     0.000135884     0.000150103     0.000128759
594     0.000443647     0.000125471     0.000125474     0.000125468     0.000141166     0.000156128     0.000133645
598     0.00045143     0.000129921     0.000129924     0.000129917     0.000146515     0.000162219     0.0001386
602     0.000440728     0.000128727     0.00012873     0.000128723     0.000145661     0.000161526     0.000137636
606     0.000445593     0.000131825     0.000131828     0.000131821     0.000149658     0.000166207     0.000141259
610     0.000471537     0.000141267     0.00014127     0.000141262     0.000160742     0.000178704     0.000151605
614     0.000452079     0.000137449     0.000137453     0.000137445     0.000156782     0.000174495     0.00014775
618     0.000454998     0.000140532     0.000140535     0.000140527     0.000160872     0.000179324     0.00015143
622     0.000455322     0.000142854     0.000142858     0.00014285     0.000164087     0.000183184     0.000154285
626     0.00047932     0.000152605     0.000152609     0.0001526     0.000175809     0.000196529     0.000165145
630     0.000486131     0.000156946     0.00015695     0.000156941     0.000181303     0.000202919     0.000170153
634     0.000492941     0.000161381     0.000161386     0.000161376     0.000186986     0.00020956     0.000175312
638     0.000492293     0.000163447     0.000163452     0.000163441     0.000189966     0.000213192     0.000177924
642     0.000501697     0.000169156     0.00016916     0.00016915     0.000197292     0.000221771     0.000184568
646     0.000494887     0.000169553     0.000169558     0.000169547     0.00019838     0.000223309     0.00018539
650     0.000499103     0.000173823     0.000173828     0.000173816     0.000204074     0.000230064     0.000190497
654     0.000513048     0.000181537     0.000181543     0.000181531     0.000213816     0.000241382     0.000199382
658     0.000503643     0.000180988     0.000180993     0.000180981     0.000213681     0.000241481     0.0001991
662     0.00051921     0.000189485     0.000189491     0.000189478     0.000224639     0.000254332     0.000209024
666     0.000546776     0.000202579     0.000202586     0.000202571     0.000240823     0.000273004     0.000223872
670     0.00053056     0.000199599     0.000199606     0.000199592     0.000238092     0.000270319     0.00022108
674     0.000537046     0.000205119     0.000205125     0.000205111     0.00024544     0.000279044     0.000227667
678     0.000530885     0.000205787     0.000205794     0.000205778     0.000246766     0.000280819     0.000228734
682     0.000520831     0.000204851     0.000204859     0.000204843     0.000247095     0.000281891     0.000228608
686     0.000549694     0.000219405     0.000219413     0.000219396     0.000265427     0.000303189     0.000245328
690     0.00054483     0.0002208     0.000220808     0.000220791     0.000267887     0.000306397     0.00024736
694     0.000563315     0.000232047     0.000232055     0.000232037     0.000282362     0.000323388     0.000260465
698     0.00055164     0.000231178     0.000231187     0.000231169     0.000282308     0.000323847     0.000260099
702     0.000550667     0.000234604     0.000234613     0.000234594     0.000287685     0.00033064     0.000264677
706     0.000557153     0.000241275     0.000241284     0.000241264     0.000296413     0.000340965     0.000272529
710     0.000546127     0.000240636     0.000240646     0.000240626     0.000296471     0.000341457     0.000272323
714     0.000544181     0.000244182     0.000244192     0.000244172     0.000301714     0.000347934     0.000276872
718     0.000587962     0.000268956     0.000268967     0.000268944     0.000333196     0.000384687     0.000305488
722     0.000563964     0.000262565     0.000262576     0.000262553     0.000326846     0.000378161     0.000299181
726     0.000588286     0.0002785     0.000278512     0.000278487     0.000347576     0.000402636     0.000317865
730     0.000574341     0.000276484     0.000276497     0.000276472     0.000345808     0.000401002     0.000316005
734     0.00056818     0.000278505     0.000278517     0.000278492     0.000349086     0.00040521     0.000318759
738     0.000586016     0.000292867     0.00029288     0.000292853     0.000367984     0.000427611     0.000335737
742     0.000580503     0.00029605     0.000296064     0.000296036     0.000373324     0.000434534     0.000340183
746     0.000599961     0.00031243     0.000312445     0.000312415     0.000394827     0.000460051     0.00035949
750     0.000617798     0.000328389     0.000328405     0.000328373     0.000415747     0.000484871     0.000378281
754     0.000584071     0.000316647     0.000316662     0.000316631     0.000401476     0.000468582     0.000365091
758     0.000634013     0.000350367     0.000350385     0.00035035     0.000444734     0.000519375     0.000404253
762     0.000598988     0.00033776     0.000337777     0.000337743     0.000430297     0.000503336     0.000390634
766     0.000624608     0.000359775     0.000359794     0.000359757     0.000458755     0.000536934     0.000416301
770     0.00060742     0.000357748     0.000357767     0.00035773     0.000456694     0.000534875     0.000414233
774     0.000637905     0.000384554     0.000384574     0.000384534     0.000491559     0.000576121     0.000445622
778     0.00063531     0.00039212     0.000392142     0.0003921     0.000501959     0.000588765     0.000454793
782     0.000618447     0.000390672     0.000390694     0.000390652     0.000500881     0.000588042     0.00045352
786     0.000601259     0.00038836     0.000388382     0.00038834     0.000497736     0.000584426     0.000450655
790     0.000611636     0.000404218     0.000404241     0.000404197     0.000518323     0.000608866     0.000469156
794     0.000618447     0.000418503     0.000418527     0.000418481     0.000537024     0.000631147     0.000485912
798     0.000622338     0.000431841     0.000431866     0.000431819     0.000554264     0.000651592     0.000501421
802     0.000610988     0.000434962     0.000434987     0.000434939     0.000557956     0.000655963     0.000504772
806     0.000606772     0.000443438     0.000443465     0.000443415     0.000568645     0.000668596     0.000514428
810     0.000595745     0.000447244     0.000447271     0.00044722     0.000573421     0.00067434     0.000518704
814     0.000589259     0.000454421     0.000454448     0.000454397     0.000582311     0.000684825     0.000526761
818     0.000627527     0.000497295     0.000497325     0.000497269     0.00063635     0.000748142     0.000575829
822     0.000591854     0.000481817     0.000481847     0.000481792     0.000615836     0.000723788     0.000557421
826     0.000594448     0.000497421     0.000497452     0.000497395     0.000635087     0.000746152     0.000575013
830     0.000591205     0.00050879     0.000508822     0.000508764     0.00064857     0.000761725     0.000587424
834     0.000606447     0.000537405     0.000537438     0.000537377     0.000683771     0.000802838     0.000619524
838     0.000595097     0.000543012     0.000543045     0.000542984     0.000689702     0.000809682     0.00062507
842     0.000595421     0.000559604     0.000559639     0.000559575     0.00070915     0.000832012     0.000643057
846     0.000573693     0.000555325     0.00055536     0.000555297     0.000701437     0.000821828     0.000636736
850     0.000571423     0.000569873     0.000569909     0.000569844     0.000717887     0.00084024     0.000652199
854     0.000564612     0.000580694     0.00058073     0.000580665     0.000729642     0.000853286     0.00066335
858     0.000565909     0.000600565     0.000600603     0.000600536     0.000752417     0.000879215     0.00068456
862     0.000562666     0.00061635     0.000616388     0.00061632     0.000769254     0.000897905     0.000700568
866     0.000578882     0.000653903     0.000653944     0.000653872     0.000812797     0.000947345     0.000741117
870     0.000536722     0.000625466     0.000625504     0.000625436     0.000774175     0.000900921     0.000706801
874     0.000533155     0.000640925     0.000640964     0.000640895     0.000790034     0.000917946     0.000722188
878     0.000536398     0.000665328     0.000665367     0.000665298     0.000817045     0.000947981     0.000747728
882     0.00052829     0.000676166     0.000676206     0.000676136     0.000825213     0.00095505     0.000756703
886     0.00051467     0.000679999     0.000680039     0.00067997     0.000826622     0.000955159     0.000758943
890     0.000537046     0.000732574     0.000732616     0.000732543     0.000886585     0.00102268     0.000815118
894     0.000505913     0.000713333     0.000713373     0.000713304     0.000858824     0.000988695     0.000790853
898     0.000507535     0.000738873     0.000738914     0.000738843     0.000885048     0.00101692     0.00081627
902     0.000465375     0.00069906     0.000699098     0.000699033     0.000832088     0.000953536     0.000769
906     0.000461484     0.000715886     0.000715924     0.000715859     0.000847225     0.000968308     0.000784542
910     0.00046797     0.000749113     0.000749151     0.000749085     0.000881949     0.00100561     0.000818142
914     0.000484509     0.000800257     0.000800297     0.000800229     0.000937157     0.00106602     0.000870911
918     0.000458889     0.000782547     0.000782585     0.000782521     0.000910918     0.00103344     0.00084822
922     0.00043781     0.000769822     0.000769858     0.000769796     0.000889212     0.00100534     0.000830162
926     0.000438134     0.000793972     0.000794008     0.000793947     0.000911715     0.00102794     0.0008529
930     0.000446566     0.000834038     0.000834074     0.000834013     0.000951815     0.00107     0.000892333
934     0.000420297     0.000808134     0.000808168     0.000808111     0.000917024     0.00102805     0.000861437
938     0.000413811     0.000819832     0.000819864     0.000819809     0.000924441     0.00103313     0.000870351
942     0.00039792     0.000811092     0.000811122     0.000811071     0.000907056     0.00100945     0.000856531
946     0.000401812     0.000841947     0.000841976     0.000841926     0.000935377     0.00103743     0.000885396
950     0.000383327     0.000825039     0.000825066     0.00082502     0.000911125     0.0010074     0.000864321
954     0.000369057     0.000816592     0.00081654     0.000816651     0.000895499     0.000930436     0.00090299
958     0.000371003     0.000842101     0.000842049     0.000842161     0.000917454     0.000955537     0.000921938
962     0.000351221     0.000818127     0.000818078     0.000818183     0.000883744     0.000923358     0.000883964
966     0.000343762     0.000821467     0.000821418     0.000821521     0.000881515     0.000923325     0.00087849
970     0.000338248     0.00082814     0.000828092     0.000828193     0.000882679     0.000926932     0.000876273
974     0.000331762     0.000831503     0.000831456     0.000831555     0.000880463     0.000926941     0.000870762
978     0.000347005     0.000889919     0.00088987     0.000889973     0.00093592     0.000987931     0.000921904
982     0.000301278     0.000789526     0.000789484     0.000789572     0.00082283     0.000871652     0.000806087
986     0.000319763     0.000856491     0.000856446     0.000856539     0.00088667     0.000941769     0.000865067
990     0.000298683     0.000816613     0.000816571     0.000816656     0.000839734     0.000890724     0.000819128
994     0.000313277     0.000873838     0.000873795     0.000873883     0.000892661     0.000943458     0.00087256
998     0.000288954     0.000822055     0.000822015     0.000822096     0.000833877     0.000877343     0.000817419
1002     0.000275009     0.000797178     0.00079714     0.000797216     0.000801348     0.000838104     0.000788441
1006     0.000263334     0.000777534     0.000777498     0.00077757     0.000776373     0.000808323     0.000765984
1010     0.00026528     0.000797111     0.000797075     0.000797146     0.000790506     0.000819203     0.000782141
1014     0.000257173     0.000786028     0.000785994     0.000786062     0.000774226     0.000798538     0.000768219
1018     0.000257821     0.000800889     0.000800855     0.000800922     0.000783619     0.000804412     0.000779729
1022     0.000256524     0.000809235     0.000809202     0.000809267     0.000784881     0.000800604     0.000783904
1026     0.000251335     0.000804757     0.000804724     0.000804787     0.000775199     0.000786719     0.000776524
1030     0.000215013     0.000698529     0.000698501     0.000698554     0.000668416     0.00067495     0.000671491
1034     0.000213067     0.00070163     0.000701603     0.000701654     0.000667197     0.000670482     0.000672101
1038     0.000228958     0.000764167     0.000764138     0.000764193     0.0007217     0.00072137     0.000729203
1042     0.000223769     0.000756362     0.000756334     0.000756386     0.000708013     0.000702666     0.000718206
1046     0.00020496     0.000701267     0.000701241     0.000701288     0.000652461     0.000644303     0.000663669
1050     0.000200744     0.000695067     0.000695042     0.000695087     0.00064248     0.00063098     0.000655456
1054     0.000189069     0.000662043     0.00066202     0.000662062     0.00060819     0.000594166     0.000622226
1058     0.000190042     0.000672557     0.000672534     0.000672575     0.000613905     0.000596418     0.000629928
1062     0.000176745     0.000631991     0.00063197     0.000632008     0.000571745     0.000551068     0.000589106
1066     0.000179988     0.000650092     0.00065007     0.000650108     0.000584618     0.000560387     0.000604071
1070     0.000174475     0.000635962     0.000635942     0.000635978     0.000568788     0.000542434     0.000589241
1074     0.000159557     0.000586967     0.000586949     0.000586981     0.000521415     0.000494063     0.000541916
1078     0.000167665     0.000622162     0.000622143     0.000622176     0.000549274     0.000517357     0.000572568
1082     0.00015145     0.000566909     0.000566891     0.000566921     0.000496501     0.000463941     0.000519577
1086     0.000150152     0.000566602     0.000566585     0.000566614     0.000493252     0.000458089     0.000517706
1090     0.000147234     0.000560002     0.000559985     0.000560014     0.000484534     0.000447145     0.000510096
1094     0.000138478     0.000530738     0.000530722     0.000530749     0.000456476     0.000418583     0.000481994
1098     0.000147558     0.000569571     0.000569555     0.000569583     0.000487235     0.000444155     0.000515875
1102     0.000143991     0.000559676     0.00055966     0.000559687     0.000475201     0.000429587     0.000505051
1106     0.000126478     0.000495014     0.000495001     0.000495024     0.000417792     0.000375143     0.000445397
1110     0.000135235     0.000532746     0.000532732     0.000532757     0.000447053     0.000398753     0.000478007
1114     0.000127451     0.000505386     0.000505373     0.000505396     0.000421544     0.000373327     0.000452144
1118     0.0001281     0.000511114     0.0005111     0.000511124     0.000423983     0.000372983     0.000456073
1122     0.000129073     0.000518063     0.000518049     0.000518072     0.000426934     0.000372488     0.000460862
1126     0.000116101     0.000468777     0.000468765     0.000468786     0.000384157     0.000332787     0.000415925
1130     0.000113182     0.000459684     0.000459672     0.000459692     0.000374387     0.00032175     0.000406691
1134     0.000107669     0.000439743     0.000439731     0.000439751     0.000356267     0.000304036     0.000388117
1138     0.000106696     0.00043816     0.000438149     0.000438168     0.000353518     0.000299948     0.000386009
1142     0.000107344     0.000443127     0.000443116     0.000443135     0.000355095     0.000298433     0.000389192
1146     0.000112209     0.000465616     0.000465605     0.000465624     0.000371442     0.000310134     0.000408139
1150     9.95612e-05     0.000415307     0.000415296     0.000415314     0.00032958     0.000273091     0.000363202
1154     0.000101507     0.000425628     0.000425617     0.000425635     0.000335967     0.000276188     0.000371358
1158     0.000100534     0.000423583     0.000423572     0.00042359     0.000332745     0.00027154     0.000368807
1162     9.53452e-05     0.000403743     0.000403733     0.00040375     0.00031506     0.000254459     0.000350536
1166     9.24265e-05     0.000393257     0.000393247     0.000393263     0.000305434     0.000244818     0.000340758
1170     8.36703e-05     0.000357635     0.000357626     0.000357641     0.000276598     0.000220164     0.000309351
1174     7.97786e-05     0.000342645     0.000342636     0.000342651     0.000263721     0.000208209     0.000295793
1178     8.20488e-05     0.000354059     0.00035405     0.000354065     0.000271169     0.000212316     0.000305028
1182     8.62647e-05     0.000373995     0.000373986     0.000374002     0.000284712     0.000220562     0.000321419
1186     8.17245e-05     0.000355944     0.000355935     0.00035595     0.000269527     0.000206843     0.000305238
1190     7.19954e-05     0.000315005     0.000314997     0.000315011     0.000237497     0.000180796     0.000269676
1194     6.90766e-05     0.000303531     0.000303523     0.000303536     0.000228017     0.000172377     0.000259492
1198     7.19954e-05     0.00031781     0.000317802     0.000317816     0.000237591     0.000177967     0.000271187
1202     7.10224e-05     0.000314901     0.000314892     0.000314906     0.000234078     0.000173365     0.000268121
1206     7.5887e-05     0.000337965     0.000337956     0.00033797     0.000250235     0.000183835     0.000287341
1210     6.74551e-05     0.000301728     0.00030172     0.000301734     0.000222539     0.000162154     0.000256168
1214     7.2644e-05     0.00032641     0.000326401     0.000326415     0.000239669     0.000172999     0.000276664
1218     6.8428e-05     0.000308778     0.00030877     0.000308784     0.000225656     0.000161298     0.000261252
1222     5.96718e-05     0.00027043     0.000270423     0.000270435     0.000196822     0.000139308     0.000228497
1226     5.80503e-05     0.000264235     0.000264228     0.00026424     0.000191538     0.000134344     0.00022294
1230     5.67531e-05     0.000259494     0.000259487     0.000259498     0.000187206     0.000129874     0.000218567
1234     5.48073e-05     0.000251659     0.000251653     0.000251664     0.000180853     0.000124328     0.000211681
1238     5.54559e-05     0.000255737     0.000255731     0.000255742     0.000183061     0.000124643     0.000214819
1242     5.70774e-05     0.000264344     0.000264337     0.000264349     0.000188313     0.000126665     0.000221698
1246     5.51316e-05     0.000256474     0.000256467     0.000256478     0.000182075     0.000121328     0.000214863
1250     5.67531e-05     0.000265097     0.00026509     0.000265102     0.000187593     0.00012396     0.000221853
1254     4.21594e-05     0.000197787     0.000197781     0.00019779     0.000139379     9.10902e-05     0.000165296
1258     4.96184e-05     0.000233871     0.000233865     0.000233875     0.00016425     0.000106309     0.000195251
1262     4.7024e-05     0.000222505     0.000222499     0.000222509     0.000155391     9.9041e-05     0.000185416
1266     4.47539e-05     0.000212736     0.00021273     0.000212739     0.000148078     9.3453e-05     0.000177103
1270     4.60511e-05     0.000219868     0.000219862     0.000219872     0.000152471     9.51636e-05     0.000182831
1274     5.15642e-05     0.000247202     0.000247196     0.000247207     0.000170866     0.000105581     0.000205359
1278     4.54025e-05     0.000218611     0.000218605     0.000218614     0.000150643     9.21475e-05     0.000181458
1282     4.28081e-05     0.000207029     0.000207024     0.000207033     0.000142084     8.57359e-05     0.000171653
1286     4.31324e-05     0.000209524     0.000209519     0.000209528     0.000143251     8.53917e-05     0.000173527
1290     3.85921e-05     0.000188306     0.000188301     0.000188309     0.000128336     7.56533e-05     0.000155824
1294     3.92407e-05     0.000192239     0.000192234     0.000192243     0.000130664     7.6291e-05     0.000158967
1298     3.50248e-05     0.000172394     0.000172389     0.000172397     0.000116702     6.72048e-05     0.000142388
1302     3.89164e-05     0.000192363     0.000192358     0.000192367     0.000129693     7.35537e-05     0.000158716
1306     3.76192e-05     0.000186728     0.000186723     0.000186731     0.000125598     7.05246e-05     0.000153991
1310     3.37276e-05     0.000168196     0.000168192     0.000168199     0.000112742     6.24632e-05     0.000138587
1314     3.59977e-05     0.000180255     0.000180251     0.000180259     0.000120424     6.58848e-05     0.000148388
1318     3.92407e-05     0.000197357     0.000197352     0.000197361     0.000131314     7.07339e-05     0.00016228
1322     3.34033e-05     0.000168746     0.000168741     0.000168749     0.000111989     5.9543e-05     0.000138704
1326     2.43228e-05     0.000123433     0.000123429     0.000123435     8.16902e-05     4.28894e-05     0.000101398
1330     2.91873e-05     0.000148748     0.000148744     0.000148751     9.81279e-05     5.08128e-05     0.000122096
1334     2.85387e-05     0.000146122     0.000146118     0.000146125     9.60608e-05     4.89613e-05     0.000119845
1338     2.95116e-05     0.000151705     0.000151701     0.000151708     9.95458e-05     5.02309e-05     0.000124389
1342     2.72415e-05     0.000140672     0.000140668     0.000140675     9.19242e-05     4.54854e-05     0.000115235
1346     2.95116e-05     0.000153028     0.000153024     0.000153031     9.98003e-05     4.88408e-05     0.000125318
1350     2.8863e-05     0.000150381     0.000150377     0.000150383     9.77884e-05     4.71207e-05     0.000123082
1354     3.01602e-05     0.000157818     0.000157814     0.000157821     0.000102356     4.86419e-05     0.000129101
1358     2.91873e-05     0.000153433     0.000153429     0.000153436     9.92304e-05     4.64245e-05     0.000125446
1362     2.36742e-05     0.000124994     0.00012499     0.000124996     8.05382e-05     3.69053e-05     0.000102122
1366     2.69172e-05     0.000142729     0.000142725     0.000142731     9.1821e-05     4.15795e-05     0.000116605
1370     2.65929e-05     0.000141635     0.000141632     0.000141638     9.09458e-05     4.06558e-05     0.00011569
1374     2.62686e-05     0.000140541     0.000140537     0.000140544     9.00166e-05     3.96245e-05     0.000114747
1378     2.52957e-05     0.000135947     0.000135943     0.000135949     8.67279e-05     3.73412e-05     0.000110893
1382     1.97825e-05     0.000106791     0.000106788     0.000106793     6.79061e-05     2.86019e-05     8.70675e-05
1386     2.39985e-05     0.000130109     0.000130105     0.000130111     8.26442e-05     3.44258e-05     0.000106092
1390     2.04311e-05     0.000111274     0.000111271     0.000111276     7.04457e-05     2.87153e-05     9.0677e-05
1394     2.1404e-05     0.000117094     0.000117091     0.000117096     7.3917e-05     2.95435e-05     9.5371e-05
1398     2.07554e-05     0.000114041     0.000114038     0.000114043     7.19172e-05     2.84115e-05     9.28993e-05
1402     2.01068e-05     0.000110935     0.000110933     0.000110937     6.96961e-05     2.67921e-05     9.03129e-05
1406     1.71881e-05     9.52941e-05     9.52916e-05     9.52958e-05     5.97747e-05     2.25914e-05     7.75851e-05
1410     1.71881e-05     9.57037e-05     9.57012e-05     9.57054e-05     5.99309e-05     2.23247e-05     7.79055e-05
1414     2.10797e-05     0.000117914     0.000117911     0.000117916     7.36389e-05     2.68119e-05     9.59525e-05
1418     1.8161e-05     0.000102021     0.000102019     0.000102023     6.35621e-05     2.26769e-05     8.29931e-05
1422     1.68638e-05     9.51895e-05     9.51871e-05     9.51912e-05     5.91178e-05     2.04993e-05     7.74071e-05
1426     1.8161e-05     0.000102951     0.000102949     0.000102953     6.38139e-05     2.16739e-05     8.37117e-05
1430     2.17283e-05     0.000123688     0.000123685     0.00012369     7.65616e-05     2.55985e-05     0.000100572
1434     1.78367e-05     0.000101983     0.00010198     0.000101985     6.30167e-05     2.06494e-05     8.29221e-05
1438     1.26478e-05     7.26567e-05     7.26548e-05     7.2658e-05     4.47977e-05     1.43324e-05     5.90689e-05
1442     1.91339e-05     0.000110387     0.000110384     0.000110389     6.79456e-05     2.12107e-05     8.976e-05
1446     1.65395e-05     9.58302e-05     9.58277e-05     9.58319e-05     5.88277e-05     1.78994e-05     7.78877e-05
1450     2.04311e-05     0.00011893     0.000118927     0.000118932     7.28237e-05     2.14952e-05     9.66468e-05
1454     1.52423e-05     8.90899e-05     8.90876e-05     8.90915e-05     5.44893e-05     1.578e-05     7.24092e-05
1458     1.52423e-05     8.94954e-05     8.9493e-05     8.94969e-05     5.46621e-05     1.54824e-05     7.27488e-05
1462     1.3945e-05     8.22682e-05     8.22661e-05     8.22696e-05     5.00963e-05     1.36536e-05     6.68566e-05
1466     1.32964e-05     7.88002e-05     7.87981e-05     7.88016e-05     4.78727e-05     1.26333e-05     6.40302e-05
1470     1.29721e-05     7.71872e-05     7.71852e-05     7.71885e-05     4.68328e-05     1.20906e-05     6.27249e-05
1474     1.58909e-05     9.49976e-05     9.49951e-05     9.49993e-05     5.75623e-05     1.44862e-05     7.7211e-05
1478     1.23235e-05     7.40055e-05     7.40036e-05     7.40068e-05     4.47804e-05     1.09735e-05     6.01575e-05
1482     1.10263e-05     6.64941e-05     6.64924e-05     6.64953e-05     4.01573e-05     9.47859e-06     5.40601e-05
1486     1.32964e-05     8.05473e-05     8.05452e-05     8.05487e-05     4.85697e-05     1.11186e-05     6.54934e-05
1490     1.19992e-05     7.29969e-05     7.2995e-05     7.29982e-05     4.39545e-05     9.78588e-06     5.93577e-05
1494     1.52423e-05     9.31395e-05     9.31371e-05     9.31411e-05     5.59776e-05     1.20291e-05     7.57348e-05
1498     1.10263e-05     6.76758e-05     6.7674e-05     6.7677e-05     4.05562e-05     8.29482e-06     5.5014e-05
1502     1.62152e-05     9.99529e-05     9.99503e-05     9.99546e-05     5.98866e-05     1.18978e-05     8.13128e-05
1506     1.4918e-05     9.23703e-05     9.23679e-05     9.23719e-05     5.52519e-05     1.05654e-05     7.51494e-05
1510     1.19992e-05     7.45986e-05     7.45967e-05     7.45999e-05     4.45721e-05     8.2698e-06     6.06994e-05
1514     1.23235e-05     7.69746e-05     7.69726e-05     7.6976e-05     4.59219e-05     8.16097e-06     6.26445e-05
1518     1.16749e-05     7.32467e-05     7.32448e-05     7.3248e-05     4.35923e-05     7.32481e-06     5.96038e-05
1522     1.29721e-05     8.17424e-05     8.17403e-05     8.17438e-05     4.86353e-05     7.86654e-06     6.65657e-05
1526     9.0805e-06     5.74663e-05     5.74649e-05     5.74674e-05     3.41214e-05     5.22224e-06     4.67954e-05
1530     9.7291e-06     6.18592e-05     6.18576e-05     6.18603e-05     3.66441e-05     5.25132e-06     5.03692e-05
1534     1.16749e-05     7.45229e-05     7.4521e-05     7.45242e-05     4.40809e-05     6.02335e-06     6.06825e-05
1538     1.36207e-05     8.73508e-05     8.73486e-05     8.73523e-05     5.16151e-05     6.68519e-06     7.11539e-05
1542     9.4048e-06     6.05723e-05     6.05707e-05     6.05733e-05     3.57414e-05     4.30593e-06     4.93597e-05
1546     8.10759e-06     5.24493e-05     5.2448e-05     5.24502e-05     3.08983e-05     3.47855e-06     4.27445e-05
1550     1.03777e-05     6.73998e-05     6.73981e-05     6.7401e-05     3.96715e-05     4.24107e-06     5.49423e-05
1554     6.16177e-06     4.01952e-05     4.01942e-05     4.01959e-05     2.36382e-05     2.35661e-06     3.27806e-05
1558     9.7291e-06     6.37749e-05     6.37733e-05     6.3776e-05     3.74452e-05     3.4189e-06     5.20192e-05
1562     5.51316e-06     3.62811e-05     3.62802e-05     3.62818e-05     2.12873e-05     1.77753e-06     2.96114e-05
1566     7.13468e-06     4.71427e-05     4.71415e-05     4.71435e-05     2.76013e-05     2.04606e-06     3.84747e-05
1570     8.10759e-06     5.38242e-05     5.38229e-05     5.38252e-05     3.14877e-05     2.12798e-06     4.39444e-05
1574     9.0805e-06     6.05331e-05     6.05315e-05     6.05341e-05     3.53943e-05     2.17813e-06     4.94455e-05
1578     6.81037e-06     4.56044e-05     4.56032e-05     4.56052e-05     2.66252e-05     1.41758e-06     3.72573e-05
1582     8.43189e-06     5.66831e-05     5.66817e-05     5.66841e-05     3.30729e-05     1.50425e-06     4.63385e-05
1586     5.51316e-06     3.72136e-05     3.72127e-05     3.72143e-05     2.16898e-05     8.49338e-07     3.04272e-05
1590     8.75619e-06     5.93887e-05     5.93872e-05     5.93897e-05     3.45772e-05     1.041e-06     4.8583e-05
1594     7.45898e-06     5.0798e-05     5.07967e-05     5.07989e-05     2.95496e-05     6.99092e-07     4.15675e-05
1598     8.43189e-06     5.76683e-05     5.76669e-05     5.76693e-05     3.34843e-05     4.81545e-07     4.71925e-05
1602     7.13468e-06     4.90134e-05     4.90121e-05     4.90142e-05     2.84523e-05     2.05696e-07     4.01402e-05
1606     8.10759e-06     5.59096e-05     5.59082e-05     5.59106e-05     3.24322e-05     4.92589e-08     4.58012e-05
1610     8.10759e-06     5.61711e-05     5.61697e-05     5.61721e-05     3.25789e-05     -1.71151e-07     4.60498e-05
1614     7.13468e-06     4.96469e-05     4.96457e-05     4.96478e-05     2.87806e-05     -3.24293e-07     4.07192e-05
1618     3.24303e-06     2.26606e-05     2.266e-05     2.2661e-05     1.31101e-05     -2.76734e-07     1.8586e-05
1622     8.10759e-06     5.68558e-05     5.68544e-05     5.68568e-05     3.2822e-05     -1.09682e-06     4.66416e-05
1626     6.16177e-06     4.34208e-05     4.34197e-05     4.34216e-05     2.50675e-05     -9.78282e-07     3.56456e-05
1630     7.45898e-06     5.27776e-05     5.27762e-05     5.27785e-05     3.04629e-05     -1.35616e-06     4.335e-05
1634     3.56734e-06     2.53342e-05     2.53336e-05     2.53346e-05     1.46097e-05     -7.5511e-07     2.08156e-05
1638     5.51316e-06     3.93351e-05     3.93341e-05     3.93358e-05     2.26404e-05     -1.39689e-06     3.23212e-05
1642     7.13468e-06     5.10689e-05     5.10676e-05     5.10698e-05     2.93878e-05     -2.03444e-06     4.19946e-05
1646     5.83746e-06     4.19888e-05     4.19877e-05     4.19895e-05     2.41354e-05     -1.87544e-06     3.45389e-05
1650     3.89164e-06     2.81105e-05     2.81098e-05     2.8111e-05     1.61603e-05     -1.33351e-06     2.31375e-05
1654     3.89164e-06     2.82209e-05     2.82202e-05     2.82214e-05     1.62227e-05     -1.42821e-06     2.32423e-05
1658     4.86455e-06     3.54279e-05     3.5427e-05     3.54285e-05     2.03344e-05     -1.98144e-06     2.91834e-05
1662     5.51316e-06     4.03146e-05     4.03135e-05     4.03152e-05     2.31748e-05     -2.33367e-06     3.32499e-05
1666     5.83746e-06     4.28594e-05     4.28583e-05     4.28601e-05     2.46052e-05     -2.68139e-06     3.53552e-05
1670     4.86455e-06     3.58825e-05     3.58816e-05     3.58831e-05     2.05724e-05     -2.44618e-06     2.961e-05
1674     6.48607e-06     4.80331e-05     4.80319e-05     4.8034e-05     2.75186e-05     -3.49403e-06     3.96552e-05
1678     3.89164e-06     2.89336e-05     2.89328e-05     2.89341e-05     1.65718e-05     -2.19627e-06     2.38979e-05
1682     3.89164e-06     2.90471e-05     2.90464e-05     2.90476e-05     1.66181e-05     -2.37826e-06     2.40038e-05
1686     5.18886e-06     3.88771e-05     3.88761e-05     3.88777e-05     2.22354e-05     -3.31632e-06     3.21424e-05
1690     4.54025e-06     3.41594e-05     3.41585e-05     3.416e-05     1.95301e-05     -3.04178e-06     2.82563e-05
1694     4.86455e-06     3.67541e-05     3.67532e-05     3.67547e-05     2.10076e-05     -3.42179e-06     3.0421e-05
1698     3.56734e-06     2.70625e-05     2.70618e-05     2.70629e-05     1.54691e-05     -2.60415e-06     2.24131e-05
1702     4.54025e-06     3.45908e-05     3.45899e-05     3.45914e-05     1.9731e-05     -3.5878e-06     2.86555e-05
1706     6.16177e-06     4.71102e-05     4.7109e-05     4.7111e-05     2.68692e-05     -5.01679e-06     3.90438e-05
1710     3.24303e-06     2.48965e-05     2.48958e-05     2.48969e-05     1.41986e-05     -2.72349e-06     2.06435e-05
1714     3.24303e-06     2.49865e-05     2.49858e-05     2.49869e-05     1.42512e-05     -2.83112e-06     2.07338e-05
1718     4.21594e-06     3.26319e-05     3.2631e-05     3.26324e-05     1.86227e-05     -3.80011e-06     2.71016e-05
1722     2.91873e-06     2.26806e-05     2.26801e-05     2.2681e-05     1.29469e-05     -2.73622e-06     1.88531e-05
1726     5.18886e-06     4.04738e-05     4.04728e-05     4.04745e-05     2.30815e-05     -5.06911e-06     3.3654e-05
1730     4.86455e-06     3.8119e-05     3.8118e-05     3.81197e-05     2.17294e-05     -4.95845e-06     3.17156e-05
1734     4.86455e-06     3.82548e-05     3.82539e-05     3.82555e-05     2.18051e-05     -5.09815e-06     3.1845e-05
1738     2.59443e-06     2.04889e-05     2.04884e-05     2.04892e-05     1.16757e-05     -2.80717e-06     1.70648e-05
1742     1.62152e-06     1.28455e-05     1.28452e-05     1.28457e-05     7.33333e-06     -1.78499e-06     1.07122e-05
1746     3.56734e-06     2.8388e-05     2.83873e-05     2.83885e-05     1.61738e-05     -4.12928e-06     2.36752e-05
1750     3.24303e-06     2.59139e-05     2.59133e-05     2.59144e-05     1.47639e-05     -3.8639e-06     2.1625e-05
1754     2.27012e-06     1.8208e-05     1.82076e-05     1.82084e-05     1.03783e-05     -2.7697e-06     1.52057e-05
1758     2.91873e-06     2.34984e-05     2.34978e-05     2.34988e-05     1.33841e-05     -3.67976e-06     1.96312e-05
1762     2.59443e-06     2.09715e-05     2.09709e-05     2.09718e-05     1.19471e-05     -3.37818e-06     1.7535e-05
1766     4.21594e-06     3.42229e-05     3.4222e-05     3.42235e-05     1.94647e-05     -5.72561e-06     2.86208e-05
1770     5.18886e-06     4.22611e-05     4.226e-05     4.22618e-05     2.40353e-05     -7.1964e-06     3.53595e-05
1774     3.24303e-06     2.65265e-05     2.65258e-05     2.65269e-05     1.50958e-05     -4.59704e-06     2.22122e-05
1778     1.94582e-06     1.59759e-05     1.59755e-05     1.59762e-05     9.0878e-06     -2.8422e-06     1.33846e-05
1782     2.27012e-06     1.87065e-05     1.87061e-05     1.87069e-05     1.06607e-05     -3.36367e-06     1.56916e-05
1786     3.89164e-06     3.21976e-05     3.21968e-05     3.21982e-05     1.83239e-05     -5.96525e-06     2.70133e-05
1790     1.94582e-06     1.61449e-05     1.61445e-05     1.61452e-05     9.1844e-06     -3.04146e-06     1.35492e-05
1794     2.27012e-06     1.89351e-05     1.89346e-05     1.89354e-05     1.0788e-05     -3.62684e-06     1.59105e-05
1798     3.56734e-06     2.98661e-05     2.98654e-05     2.98666e-05     1.70218e-05     -5.81012e-06     2.51114e-05
1802     2.59443e-06     2.17915e-05     2.1791e-05     2.17919e-05     1.24017e-05     -4.39828e-06     1.83299e-05
1806     1.94582e-06     1.64192e-05     1.64188e-05     1.64195e-05     9.34872e-06     -3.3714e-06     1.38214e-05
1810     2.27012e-06     1.9212e-05     1.92115e-05     1.92123e-05     1.09385e-05     -3.98955e-06     1.61778e-05
1814     2.59443e-06     2.20602e-05     2.20596e-05     2.20605e-05     1.2555e-05     -4.70281e-06     1.85881e-05
1818     2.59443e-06     2.21371e-05     2.21366e-05     2.21375e-05     1.25949e-05     -4.81558e-06     1.86623e-05
1822     2.91873e-06     2.49903e-05     2.49897e-05     2.49907e-05     1.42213e-05     -5.55334e-06     2.10845e-05
1826     2.27012e-06     1.9512e-05     1.95115e-05     1.95124e-05     1.11162e-05     -4.38593e-06     1.64774e-05
1830     1.62152e-06     1.39784e-05     1.3978e-05     1.39786e-05     7.96497e-06     -3.16274e-06     1.18079e-05
1834     1.62152e-06     1.4037e-05     1.40367e-05     1.40373e-05     7.99803e-06     -3.23505e-06     1.18646e-05
1838     2.27012e-06     1.97303e-05     1.97298e-05     1.97306e-05     1.12526e-05     -4.61706e-06     1.6693e-05
1842     3.24303e-06     2.82858e-05     2.82851e-05     2.82863e-05     1.61193e-05     -6.80161e-06     2.39449e-05
1846     1.62152e-06     1.41896e-05     1.41892e-05     1.41898e-05     8.10101e-06     -3.41418e-06     1.20224e-05
1850     2.59443e-06     2.2811e-05     2.28104e-05     2.28114e-05     1.30208e-05     -5.61645e-06     1.93409e-05
1854     6.48607e-07     5.72875e-06     5.7286e-06     5.72884e-06     3.27011e-06     -1.43657e-06     4.86041e-06
1858     1.94582e-06     1.72359e-05     1.72354e-05     1.72362e-05     9.84704e-06     -4.34369e-06     1.46315e-05
1862     1.29721e-06     1.15365e-05     1.15363e-05     1.15367e-05     6.59594e-06     -2.95352e-06     9.80224e-06
1866     2.59443e-06     2.31457e-05     2.31451e-05     2.31461e-05     1.3219e-05     -6.05971e-06     1.96721e-05
1870     2.91873e-06     2.61252e-05     2.61245e-05     2.61256e-05     1.49246e-05     -6.92334e-06     2.22169e-05
1874     1.94582e-06     1.74777e-05     1.74772e-05     1.7478e-05     9.9924e-06     -4.65946e-06     1.48717e-05
1878     2.91873e-06     2.63174e-05     2.63168e-05     2.63179e-05     1.50631e-05     -7.10505e-06     2.24151e-05
1882     1.62152e-06     1.46926e-05     1.46922e-05     1.46929e-05     8.39353e-06     -4.09359e-06     1.25177e-05
1886     3.56734e-06     3.24272e-05     3.24264e-05     3.24277e-05     1.85383e-05     -9.16833e-06     2.76511e-05
1890     2.59443e-06     2.36488e-05     2.36482e-05     2.36492e-05     1.35268e-05     -6.72912e-06     2.01752e-05
1894     2.27012e-06     2.07657e-05     2.07652e-05     2.07661e-05     1.18878e-05     -5.95055e-06     1.7727e-05
1898     2.27012e-06     2.08461e-05     2.08455e-05     2.08464e-05     1.1957e-05     -5.99933e-06     1.78139e-05
1902     1.94582e-06     1.79258e-05     1.79253e-05     1.79261e-05     1.02758e-05     -5.27474e-06     1.53271e-05
1906     6.48607e-07     6.00315e-06     6.003e-06     6.00326e-06     3.44402e-06     -1.79035e-06     5.13735e-06
1910     1.29721e-06     1.20422e-05     1.20419e-05     1.20424e-05     6.91094e-06     -3.61717e-06     1.03097e-05
1914     1.94582e-06     1.81361e-05     1.81356e-05     1.81364e-05     1.04142e-05     -5.51162e-06     1.55378e-05
1918     3.24303e-06     3.03248e-05     3.03241e-05     3.03253e-05     1.74214e-05     -9.30027e-06     2.5995e-05
1922     1.62152e-06     1.52187e-05     1.52184e-05     1.5219e-05     8.74883e-06     -4.73299e-06     1.30565e-05
1926     9.7291e-07     9.16348e-06     9.16325e-06     9.16364e-06     5.27469e-06     -2.86217e-06     7.86732e-06
1930     1.29721e-06     1.22546e-05     1.22543e-05     1.22548e-05     7.05777e-06     -3.85524e-06     1.05266e-05
1934     6.48607e-07     6.15454e-06     6.15438e-06     6.15464e-06     3.54512e-06     -1.97661e-06     5.29131e-06
1938     3.56734e-06     3.39414e-05     3.39406e-05     3.3942e-05     1.95607e-05     -1.09635e-05     2.91937e-05
1942     6.48607e-07     6.19895e-06     6.19879e-06     6.19906e-06     3.57365e-06     -2.03304e-06     5.33575e-06
1946     9.7291e-07     9.32857e-06     9.32833e-06     9.32872e-06     5.3837e-06     -3.0755e-06     8.03496e-06
1950     1.29721e-06     1.24811e-05     1.24807e-05     1.24813e-05     7.20402e-06     -4.16926e-06     1.07565e-05
1954     6.48607e-07     6.26211e-06     6.26195e-06     6.26222e-06     3.616e-06     -2.12175e-06     5.40088e-06
1958     9.7291e-07     9.4209e-06     9.42066e-06     9.42106e-06     5.44454e-06     -3.20404e-06     8.1293e-06
1962     6.48607e-07     6.30442e-06     6.30426e-06     6.30452e-06     3.64901e-06     -2.1614e-06     5.44534e-06
1966     1.94582e-06     1.89767e-05     1.89763e-05     1.89771e-05     1.09707e-05     -6.63536e-06     1.63957e-05
1970     1.29721e-06     1.26933e-05     1.2693e-05     1.26935e-05     7.34291e-06     -4.47036e-06     1.0973e-05
1974     6.48607e-07     6.37616e-06     6.376e-06     6.37627e-06     3.69316e-06     -2.2842e-06     5.51873e-06
1978     1.62152e-06     1.5984e-05     1.59836e-05     1.59842e-05     9.25813e-06     -5.72612e-06     1.38345e-05
1982     9.7291e-07     9.61393e-06     9.61369e-06     9.61409e-06     5.57853e-06     -3.46587e-06     8.3294e-06
1986     2.27012e-06     2.2524e-05     2.25234e-05     2.25244e-05     1.30723e-05     -8.20158e-06     1.95241e-05
1990     3.24303e-07     3.23291e-06     3.23282e-06     3.23296e-06     1.87896e-06     -1.19182e-06     2.80539e-06
1994     6.48607e-07     6.47369e-06     6.47352e-06     6.4738e-06     3.76251e-06     -2.38655e-06     5.61761e-06
1998     9.7291e-07     9.75939e-06     9.75915e-06     9.75956e-06     5.6556e-06     -3.65173e-06     8.46378e-06
2002     2.59443e-06     2.60993e-05     2.60986e-05     2.60997e-05     2.6928e-05     2.86404e-05     2.6216e-05
2006     6.48607e-07     6.54737e-06     6.54721e-06     6.54748e-06     6.75526e-06     7.18485e-06     6.57664e-06
2010     9.7291e-07     9.84425e-06     9.844e-06     9.84441e-06     1.01568e-05     1.08027e-05     9.88826e-06
2014     1.62152e-06     1.64633e-05     1.64629e-05     1.64636e-05     1.6986e-05     1.80662e-05     1.65369e-05
2018     1.62152e-06     1.65302e-05     1.65298e-05     1.65305e-05     1.70551e-05     1.81397e-05     1.66041e-05
2022     6.48607e-07     6.63548e-06     6.63532e-06     6.63559e-06     6.84617e-06     7.28154e-06     6.66515e-06
2026     6.48607e-07     6.64768e-06     6.64752e-06     6.64779e-06     6.85875e-06     7.29493e-06     6.6774e-06
2030     2.27012e-06     2.33727e-05     2.33721e-05     2.33731e-05     2.41148e-05     2.56484e-05     2.34772e-05
2034     0     0     0     0     0     0     0
2038     6.48607e-07     6.72066e-06     6.72049e-06     6.72077e-06     6.93405e-06     7.37501e-06     6.75071e-06
2042     6.48607e-07     6.73573e-06     6.73556e-06     6.73584e-06     6.9496e-06     7.39155e-06     6.76585e-06
2046     1.62152e-06     1.69042e-05     1.69038e-05     1.69045e-05     1.74409e-05     1.85501e-05     1.69798e-05
2050     1.62152e-06     1.69686e-05     1.69682e-05     1.69689e-05     1.75074e-05     1.86207e-05     1.70445e-05
2054     3.24303e-07     3.40835e-06     3.40827e-06     3.40841e-06     3.51657e-06     3.7402e-06     3.42359e-06
2058     1.29721e-06     1.36785e-05     1.36782e-05     1.36787e-05     1.41128e-05     1.50103e-05     1.37397e-05
2062     1.62152e-06     1.71297e-05     1.71292e-05     1.71299e-05     1.76735e-05     1.87975e-05     1.72062e-05
2066     6.48607e-07     6.88187e-06     6.8817e-06     6.88198e-06     7.10038e-06     7.55192e-06     6.91264e-06
2070     6.48607e-07     6.89313e-06     6.89296e-06     6.89325e-06     7.112e-06     7.56428e-06     6.92395e-06
2074     3.24303e-07     3.45735e-06     3.45726e-06     3.4574e-06     3.56712e-06     3.79397e-06     3.47281e-06
2078     9.7291e-07     1.041e-05     1.04098e-05     1.04102e-05     1.07406e-05     1.14236e-05     1.04566e-05
2082     1.29721e-06     1.39311e-05     1.39307e-05     1.39313e-05     1.43734e-05     1.52875e-05     1.39934e-05
2086     9.7291e-07     1.04825e-05     1.04822e-05     1.04827e-05     1.08153e-05     1.15031e-05     1.05294e-05
2090     6.48607e-07     7.01636e-06     7.01619e-06     7.01648e-06     7.23914e-06     7.6995e-06     7.04773e-06
2094     3.24303e-07     3.51286e-06     3.51277e-06     3.51292e-06     3.6244e-06     3.85489e-06     3.52857e-06
2098     3.24303e-07     3.53206e-06     3.53198e-06     3.53212e-06     3.64421e-06     3.87596e-06     3.54786e-06
2102     6.48607e-07     7.08598e-06     7.0858e-06     7.0861e-06     7.31097e-06     7.7759e-06     7.11766e-06
2106     6.48607e-07     7.10079e-06     7.10062e-06     7.10091e-06     7.32625e-06     7.79215e-06     7.13254e-06
2110     3.24303e-07     3.56402e-06     3.56393e-06     3.56408e-06     3.67718e-06     3.91102e-06     3.57995e-06
2114     6.48607e-07     7.14369e-06     7.14351e-06     7.14381e-06     7.37051e-06     7.83922e-06     7.17563e-06
2118     1.62152e-06     1.79198e-05     1.79194e-05     1.79201e-05     1.84888e-05     1.96646e-05     1.79999e-05
2122     1.29721e-06     1.43848e-05     1.43844e-05     1.4385e-05     1.48415e-05     1.57853e-05     1.44491e-05
2126     3.24303e-07     3.6082e-06     3.60811e-06     3.60826e-06     3.72277e-06     3.95951e-06     3.62433e-06
2130     6.48607e-07     7.23977e-06     7.23959e-06     7.23989e-06     7.46964e-06     7.94466e-06     7.27214e-06
2134     3.24303e-07     3.63418e-06     3.63409e-06     3.63424e-06     3.74957e-06     3.98802e-06     3.65043e-06
2138     6.48607e-07     7.28321e-06     7.28303e-06     7.28333e-06     7.51446e-06     7.99233e-06     7.31578e-06
2142     3.24303e-07     3.65778e-06     3.65768e-06     3.65784e-06     3.77392e-06     4.01391e-06     3.67413e-06
2146     9.7291e-07     1.09911e-05     1.09909e-05     1.09913e-05     1.13401e-05     1.20613e-05     1.10403e-05
2150     9.7291e-07     1.1023e-05     1.10227e-05     1.10232e-05     1.1373e-05     1.20962e-05     1.10723e-05
2154     9.7291e-07     1.10666e-05     1.10664e-05     1.10668e-05     1.1418e-05     1.21441e-05     1.11161e-05
2158     3.24303e-07     3.69967e-06     3.69958e-06     3.69973e-06     3.81714e-06     4.05988e-06     3.71621e-06
2162     9.7291e-07     1.11276e-05     1.11273e-05     1.11278e-05     1.14809e-05     1.2211e-05     1.11774e-05
2166     9.7291e-07     1.1169e-05     1.11687e-05     1.11692e-05     1.15236e-05     1.22565e-05     1.1219e-05
2170     0     0     0     0     0     0     0
2174     6.48607e-07     7.49084e-06     7.49065e-06     7.49096e-06     7.72868e-06     8.22018e-06     7.52433e-06
2178     3.24303e-07     3.75447e-06     3.75438e-06     3.75453e-06     3.87368e-06     4.12002e-06     3.77126e-06
2182     0     0     0     0     0     0     0
2186     6.48607e-07     7.55658e-06     7.55639e-06     7.55671e-06     7.79651e-06     8.29232e-06     7.59037e-06
2190     0     0     0     0     0     0     0
2194     3.24303e-07     3.8013e-06     3.80121e-06     3.80137e-06     3.922e-06     4.17141e-06     3.8183e-06
2198     6.48607e-07     7.62875e-06     7.62856e-06     7.62888e-06     7.87097e-06     8.37152e-06     7.66286e-06
2202     0     0     0     0     0     0     0
2206     6.48607e-07     7.67297e-06     7.67278e-06     7.67309e-06     7.91659e-06     8.42004e-06     7.70727e-06
2210     0     0     0     0     0     0     0
2214     3.24303e-07     3.85543e-06     3.85533e-06     3.85549e-06     3.97784e-06     4.23081e-06     3.87267e-06
2218     3.24303e-07     3.87563e-06     3.87554e-06     3.8757e-06     3.99869e-06     4.25298e-06     3.89296e-06
2222     0     0     0     0     0     0     0
2226     9.7291e-07     1.16879e-05     1.16876e-05     1.16881e-05     1.2059e-05     1.28259e-05     1.17402e-05
2230     9.7291e-07     1.17178e-05     1.17176e-05     1.1718e-05     1.20899e-05     1.28587e-05     1.17702e-05
2234     0     0     0     0     0     0     0
2238     3.24303e-07     3.93257e-06     3.93247e-06     3.93263e-06     4.05743e-06     4.31546e-06     3.95015e-06
2242     6.48607e-07     7.87243e-06     7.87223e-06     7.87256e-06     8.12239e-06     8.63892e-06     7.90763e-06
2246     9.7291e-07     1.18373e-05     1.1837e-05     1.18375e-05     1.22131e-05     1.29898e-05     1.18902e-05
2250     0     0     0     0     0     0     0
2254     0     0     0     0     0     0     0
2258     6.48607e-07     7.96722e-06     7.96702e-06     7.96735e-06     8.22019e-06     8.74294e-06     8.00284e-06
2262     3.24303e-07     3.99318e-06     3.99308e-06     3.99325e-06     4.11997e-06     4.38197e-06     4.01103e-06
2266     3.24303e-07     4.00938e-06     4.00928e-06     4.00945e-06     4.13668e-06     4.39975e-06     4.02731e-06
2270     0     0     0     0     0     0     0
2274     9.7291e-07     1.2088e-05     1.20877e-05     1.20882e-05     1.24718e-05     1.3265e-05     1.21421e-05
2278     3.24303e-07     4.04162e-06     4.04152e-06     4.04169e-06     4.16995e-06     4.43513e-06     4.05969e-06
2282     0     0     0     0     0     0     0
2286     6.48607e-07     8.13841e-06     8.1382e-06     8.13854e-06     8.39681e-06     8.93079e-06     8.17479e-06
2290     3.24303e-07     4.08087e-06     4.08077e-06     4.08094e-06     4.21044e-06     4.4782e-06     4.09912e-06
2294     3.24303e-07     4.0922e-06     4.0921e-06     4.09227e-06     4.22213e-06     4.49063e-06     4.1105e-06
2298     6.48607e-07     8.19708e-06     8.19688e-06     8.19722e-06     8.45735e-06     8.99518e-06     8.23373e-06
2302     3.24303e-07     4.1104e-06     4.1103e-06     4.11047e-06     4.24091e-06     4.51061e-06     4.12878e-06
2306     3.24303e-07     4.12625e-06     4.12615e-06     4.12632e-06     4.25726e-06     4.528e-06     4.1447e-06
2310     3.24303e-07     4.13622e-06     4.13612e-06     4.13629e-06     4.26755e-06     4.53894e-06     4.15472e-06
2314     6.48607e-07     8.29752e-06     8.29732e-06     8.29766e-06     8.56098e-06     9.1054e-06     8.33462e-06
2318     0     0     0     0     0     0     0
2322     6.48607e-07     8.33867e-06     8.33847e-06     8.33881e-06     8.60344e-06     9.15056e-06     8.37596e-06
2326     6.48607e-07     8.36046e-06     8.36025e-06     8.3606e-06     8.62592e-06     9.17447e-06     8.39784e-06
2330     3.24303e-07     4.19909e-06     4.19899e-06     4.19916e-06     4.33242e-06     4.60794e-06     4.21787e-06
2334     3.24303e-07     4.20193e-06     4.20183e-06     4.202e-06     4.33535e-06     4.61105e-06     4.22072e-06
2338     0     0     0     0     0     0     0
2342     0     0     0     0     0     0     0
2346     6.48607e-07     8.47904e-06     8.47883e-06     8.47918e-06     8.74826e-06     9.30459e-06     8.51695e-06
2350     3.24303e-07     4.25461e-06     4.2545e-06     4.25468e-06     4.3897e-06     4.66885e-06     4.27363e-06
2354     0     0     0     0     0     0     0
2358     0     0     0     0     0     0     0
2362     9.7291e-07     1.28687e-05     1.28684e-05     1.2869e-05     1.32774e-05     1.41217e-05     1.29263e-05
2366     0     0     0     0     0     0     0
2370     0     0     0     0     0     0     0
2374     3.24303e-07     4.32694e-06     4.32683e-06     4.32701e-06     4.46432e-06     4.74822e-06     4.34628e-06
2378     9.7291e-07     1.30051e-05     1.30048e-05     1.30053e-05     1.3418e-05     1.42713e-05     1.30632e-05
2382     9.7291e-07     1.30439e-05     1.30436e-05     1.30442e-05     1.34581e-05     1.4314e-05     1.31023e-05
2386     0     0     0     0     0     0     0
2390     0     0     0     0     0     0     0
2394     3.24303e-07     4.3779e-06     4.37779e-06     4.37797e-06     4.5169e-06     4.80415e-06     4.39747e-06
2398     6.48607e-07     8.7874e-06     8.78718e-06     8.78754e-06     9.06641e-06     9.64297e-06     8.82669e-06
2402     3.24303e-07     4.40872e-06     4.40861e-06     4.4088e-06     4.5487e-06     4.83797e-06     4.42843e-06
2406     6.48607e-07     8.83465e-06     8.83443e-06     8.83479e-06     9.11516e-06     9.69482e-06     8.87415e-06
2410     0     0     0     0     0     0     0
2414     0     0     0     0     0     0     0
2418     0     0     0     0     0     0     0
2422     0     0     0     0     0     0     0
2426     3.24303e-07     4.48157e-06     4.48145e-06     4.48164e-06     4.62386e-06     4.91791e-06     4.5016e-06
2430     9.7291e-07     1.34697e-05     1.34693e-05     1.34699e-05     1.38974e-05     1.47811e-05     1.35299e-05
2434     3.24303e-07     4.50351e-06     4.5034e-06     4.50359e-06     4.64651e-06     4.94199e-06     4.52365e-06
2438     9.7291e-07     1.35498e-05     1.35495e-05     1.355e-05     1.398e-05     1.48691e-05     1.36104e-05
2442     3.24303e-07     4.52646e-06     4.52635e-06     4.52654e-06     4.67018e-06     4.96718e-06     4.5467e-06
2446     3.24303e-07     4.53944e-06     4.53932e-06     4.53951e-06     4.68357e-06     4.98141e-06     4.55973e-06
2450     0     0     0     0     0     0     0
2454     3.24303e-07     4.56451e-06     4.5644e-06     4.56459e-06     4.70944e-06     5.00893e-06     4.58492e-06
2458     0     0     0     0     0     0     0
2462     3.24303e-07     4.58927e-06     4.58915e-06     4.58935e-06     4.73498e-06     5.0361e-06     4.60979e-06
2466     0     0     0     0     0     0     0
2470     3.24303e-07     4.6027e-06     4.60258e-06     4.60277e-06     4.74884e-06     5.05083e-06     4.62327e-06
2474     3.24303e-07     4.62371e-06     4.62359e-06     4.62378e-06     4.77052e-06     5.07389e-06     4.64438e-06
2478     0     0     0     0     0     0     0
2482     3.24303e-07     4.65033e-06     4.65022e-06     4.65041e-06     4.79799e-06     5.10311e-06     4.67113e-06
2486     6.48607e-07     9.31961e-06     9.31938e-06     9.31977e-06     9.61552e-06     1.0227e-05     9.36128e-06
2490     0     0     0     0     0     0     0
2494     3.24303e-07     4.67916e-06     4.67904e-06     4.67923e-06     4.82772e-06     5.13474e-06     4.70008e-06
2498     0     0     0     0     0     0     0
2502     3.24303e-07     4.70723e-06     4.70712e-06     4.70731e-06     4.8567e-06     5.16555e-06     4.72828e-06
2506     0     0     0     0     0     0     0
2510     0     0     0     0     0     0     0
2514     0     0     0     0     0     0     0
2518     0     0     0     0     0     0     0
2522     3.24303e-07     4.7663e-06     4.76618e-06     4.76638e-06     4.91763e-06     5.23036e-06     4.78761e-06
2526     0     0     0     0     0     0     0
2530     1.29721e-06     1.91489e-05     1.91484e-05     1.91492e-05     1.97569e-05     2.10133e-05     1.92345e-05
2534     0     0     0     0     0     0     0
2538     0     0     0     0     0     0     0
2542     0     0     0     0     0     0     0
2546     1.29721e-06     1.9346e-05     1.93455e-05     1.93463e-05     1.99603e-05     2.12296e-05     1.94325e-05
2550     0     0     0     0     0     0     0
2554     0     0     0     0     0     0     0
2558     0     0     0     0     0     0     0
2562     3.24303e-07     4.88275e-06     4.88263e-06     4.88283e-06     5.03778e-06     5.35815e-06     4.90458e-06
2566     0     0     0     0     0     0     0
2570     0     0     0     0     0     0     0
2574     3.24303e-07     4.92006e-06     4.91993e-06     4.92014e-06     5.07628e-06     5.39909e-06     4.94206e-06
2578     0     0     0     0     0     0     0
2582     0     0     0     0     0     0     0
2586     0     0     0     0     0     0     0
2590     0     0     0     0     0     0     0
2594     3.24303e-07     4.9746e-06     4.97448e-06     4.97468e-06     5.13255e-06     5.45895e-06     4.99684e-06
2598     3.24303e-07     4.98754e-06     4.98742e-06     4.98763e-06     5.14591e-06     5.47315e-06     5.00984e-06
2602     0     0     0     0     0     0     0
2606     0     0     0     0     0     0     0
2610     0     0     0     0     0     0     0
2614     3.24303e-07     5.04015e-06     5.04003e-06     5.04024e-06     5.20018e-06     5.53088e-06     5.06269e-06
2618     0     0     0     0     0     0     0
2622     0     0     0     0     0     0     0
2626     0     0     0     0     0     0     0
2630     0     0     0     0     0     0     0
2634     0     0     0     0     0     0     0
2638     0     0     0     0     0     0     0
2642     0     0     0     0     0     0     0
2646     0     0     0     0     0     0     0
2650     0     0     0     0     0     0     0
2654     0     0     0     0     0     0     0
2658     0     0     0     0     0     0     0
2662     0     0     0     0     0     0     0
2666     0     0     0     0     0     0     0
2670     0     0     0     0     0     0     0
2674     3.24303e-07     5.22277e-06     5.22264e-06     5.22285e-06     5.3886e-06     5.73128e-06     5.24612e-06
2678     0     0     0     0     0     0     0
2682     0     0     0     0     0     0     0
2686     0     0     0     0     0     0     0
2690     3.24303e-07     5.2757e-06     5.27557e-06     5.27579e-06     5.44321e-06     5.78936e-06     5.29929e-06
2694     0     0     0     0     0     0     0
2698     0     0     0     0     0     0     0
2702     0     0     0     0     0     0     0
2706     0     0     0     0     0     0     0
2710     0     0     0     0     0     0     0
2714     0     0     0     0     0     0     0
2718     0     0     0     0     0     0     0
2722     0     0     0     0     0     0     0
2726     0     0     0     0     0     0     0
2730     3.24303e-07     5.39757e-06     5.39743e-06     5.39766e-06     5.56895e-06     5.9231e-06     5.4217e-06
2734     0     0     0     0     0     0     0
2738     3.24303e-07     5.42274e-06     5.42261e-06     5.42283e-06     5.59492e-06     5.95072e-06     5.44699e-06
2742     0     0     0     0     0     0     0
2746     0     0     0     0     0     0     0
2750     0     0     0     0     0     0     0
2754     3.24303e-07     5.47057e-06     5.47044e-06     5.47067e-06     5.64427e-06     6.00321e-06     5.49503e-06
2758     0     0     0     0     0     0     0
2762     0     0     0     0     0     0     0
2766     3.24303e-07     5.50111e-06     5.50097e-06     5.5012e-06     5.67577e-06     6.03672e-06     5.5257e-06
2770     0     0     0     0     0     0     0
2774     0     0     0     0     0     0     0
2778     3.24303e-07     5.54206e-06     5.54193e-06     5.54216e-06     5.71803e-06     6.08166e-06     5.56684e-06
2782     3.24303e-07     5.55284e-06     5.55271e-06     5.55294e-06     5.72915e-06     6.09349e-06     5.57767e-06
2786     0     0     0     0     0     0     0
2790     0     0     0     0     0     0     0
2794     0     0     0     0     0     0     0
2798     0     0     0     0     0     0     0
2802     0     0     0     0     0     0     0
2806     0     0     0     0     0     0     0
2810     0     0     0     0     0     0     0
2814     0     0     0     0     0     0     0
2818     0     0     0     0     0     0     0
2822     0     0     0     0     0     0     0
2826     0     0     0     0     0     0     0
2830     0     0     0     0     0     0     0
2834     0     0     0     0     0     0     0
2838     0     0     0     0     0     0     0
2842     3.24303e-07     5.73291e-06     5.73276e-06     5.733e-06     5.91493e-06     6.29109e-06     5.75854e-06
2846     0     0     0     0     0     0     0
2850     0     0     0     0     0     0     0
2854     0     0     0     0     0     0     0
2858     0     0     0     0     0     0     0
2862     0     0     0     0     0     0     0
2866     0     0     0     0     0     0     0
2870     0     0     0     0     0     0     0
2874     0     0     0     0     0     0     0
2878     0     0     0     0     0     0     0
2882     0     0     0     0     0     0     0
2886     0     0     0     0     0     0     0
2890     0     0     0     0     0     0     0
2894     0     0     0     0     0     0     0
2898     0     0     0     0     0     0     0
2902     0     0     0     0     0     0     0
2906     0     0     0     0     0     0     0
2910     0     0     0     0     0     0     0
2914     0     0     0     0     0     0     0
2918     0     0     0     0     0     0     0
2922     0     0     0     0     0     0     0
2926     0     0     0     0     0     0     0
2930     0     0     0     0     0     0     0
2934     0     0     0     0     0     0     0
2938     3.24303e-07     6.03881e-06     6.03866e-06     6.03891e-06     6.23055e-06     6.62677e-06     6.06581e-06
2942     0     0     0     0     0     0     0
2946     3.24303e-07     6.05453e-06     6.05438e-06     6.05463e-06     6.24677e-06     6.64402e-06     6.0816e-06
2950     0     0     0     0     0     0     0
2954     0     0     0     0     0     0     0
2958     3.24303e-07     6.0982e-06     6.09804e-06     6.0983e-06     6.29182e-06     6.69194e-06     6.12546e-06
2962     0     0     0     0     0     0     0
2966     0     0     0     0     0     0     0
2970     3.24303e-07     6.13602e-06     6.13587e-06     6.13613e-06     6.33085e-06     6.73345e-06     6.16346e-06
2974     0     0     0     0     0     0     0
2978     0     0     0     0     0     0     0
2982     0     0     0     0     0     0     0
2986     0     0     0     0     0     0     0
2990     0     0     0     0     0     0     0
2994     3.24303e-07     6.21058e-06     6.21042e-06     6.21068e-06     6.40777e-06     6.81527e-06     6.23835e-06
2998     0     0     0     0     0     0     0
3002     0     0     0     0     0     0     0
3006     0     0     0     0     0     0     0
3010     0     0     0     0     0     0     0
3014     0     0     0     0     0     0     0
3018     0     0     0     0     0     0     0
3022     0     0     0     0     0     0     0
3026     0     0     0     0     0     0     0
3030     3.24303e-07     6.31925e-06     6.31909e-06     6.31936e-06     6.51989e-06     6.93452e-06     6.3475e-06
3034     0     0     0     0     0     0     0
3038     0     0     0     0     0     0     0
3042     0     0     0     0     0     0     0
3046     0     0     0     0     0     0     0
3050     0     0     0     0     0     0     0
3054     0     0     0     0     0     0     0
3058     0     0     0     0     0     0     0
3062     0     0     0     0     0     0     0
3066     0     0     0     0     0     0     0
3070     0     0     0     0     0     0     0
3074     3.24303e-07     6.45155e-06     6.45138e-06     6.45165e-06     6.65639e-06     7.07969e-06     6.48039e-06
3078     0     0     0     0     0     0     0
3082     0     0     0     0     0     0     0
3086     0     0     0     0     0     0     0
3090     0     0     0     0     0     0     0
3094     0     0     0     0     0     0     0
3098     0     0     0     0     0     0     0
3102     0     0     0     0     0     0     0
3106     0     0     0     0     0     0     0
3110     0     0     0     0     0     0     0
3114     0     0     0     0     0     0     0
3118     0     0     0     0     0     0     0
3122     0     0     0     0     0     0     0
3126     0     0     0     0     0     0     0
3130     0     0     0     0     0     0     0
3134     0     0     0     0     0     0     0
3138     0     0     0     0     0     0     0
3142     0     0     0     0     0     0     0
3146     0     0     0     0     0     0     0
3150     0     0     0     0     0     0     0
3154     0     0     0     0     0     0     0
3158     0     0     0     0     0     0     0
3162     0     0     0     0     0     0     0
3166     0     0     0     0     0     0     0
3170     0     0     0     0     0     0     0
3174     0     0     0     0     0     0     0
3178     0     0     0     0     0     0     0
3182     0     0     0     0     0     0     0
3186     0     0     0     0     0     0     0
3190     0     0     0     0     0     0     0
3194     0     0     0     0     0     0     0
3198     0     0     0     0     0     0     0
3202     0     0     0     0     0     0     0
3206     0     0     0     0     0     0     0
3210     0     0     0     0     0     0     0
3214     0     0     0     0     0     0     0
3218     0     0     0     0     0     0     0
3222     0     0     0     0     0     0     0
3226     0     0     0     0     0     0     0
3230     0     0     0     0     0     0     0
3234     0     0     0     0     0     0     0
3238     3.24303e-07     6.96582e-06     6.96564e-06     6.96593e-06     7.18699e-06     7.64404e-06     6.99696e-06
3242     0     0     0     0     0     0     0
3246     0     0     0     0     0     0     0
3250     0     0     0     0     0     0     0
3254     0     0     0     0     0     0     0
3258     0     0     0     0     0     0     0
3262     0     0     0     0     0     0     0
3266     0     0     0     0     0     0     0
3270     0     0     0     0     0     0     0
3274     0     0     0     0     0     0     0
3278     0     0     0     0     0     0     0
3282     0     0     0     0     0     0     0
3286     0     0     0     0     0     0     0
3290     0     0     0     0     0     0     0
3294     0     0     0     0     0     0     0
3298     0     0     0     0     0     0     0
3302     0     0     0     0     0     0     0
3306     0     0     0     0     0     0     0
3310     0     0     0     0     0     0     0
3314     0     0     0     0     0     0     0
3318     0     0     0     0     0     0     0
3322     0     0     0     0     0     0     0
3326     0     0     0     0     0     0     0
3330     0     0     0     0     0     0     0
3334     0     0     0     0     0     0     0
3338     0     0     0     0     0     0     0
3342     0     0     0     0     0     0     0
3346     0     0     0     0     0     0     0
3350     0     0     0     0     0     0     0
3354     0     0     0     0     0     0     0
3358     0     0     0     0     0     0     0
3362     0     0     0     0     0     0     0
3366     0     0     0     0     0     0     0
3370     0     0     0     0     0     0     0
3374     0     0     0     0     0     0     0
3378     0     0     0     0     0     0     0
3382     0     0     0     0     0     0     0
3386     0     0     0     0     0     0     0
3390     0     0     0     0     0     0     0
3394     0     0     0     0     0     0     0
3398     0     0     0     0     0     0     0
3402     0     0     0     0     0     0     0
3406     0     0     0     0     0     0     0
3410     0     0     0     0     0     0     0
3414     0     0     0     0     0     0     0
3418     0     0     0     0     0     0     0
3422     0     0     0     0     0     0     0
3426     0     0     0     0     0     0     0
3430     0     0     0     0     0     0     0
3434     0     0     0     0     0     0     0
3438     0     0     0     0     0     0     0
3442     0     0     0     0     0     0     0
3446     0     0     0     0     0     0     0
3450     0     0     0     0     0     0     0
3454     0     0     0     0     0     0     0
3458     0     0     0     0     0     0     0
3462     0     0     0     0     0     0     0
3466     0     0     0     0     0     0     0
3470     0     0     0     0     0     0     0
3474     0     0     0     0     0     0     0
3478     0     0     0     0     0     0     0
3482     0     0     0     0     0     0     0
3486     0     0     0     0     0     0     0
3490     0     0     0     0     0     0     0
3494     0     0     0     0     0     0     0
3498     0     0     0     0     0     0     0
3502     0     0     0     0     0     0     0
3506     0     0     0     0     0     0     0
3510     0     0     0     0     0     0     0
3514     0     0     0     0     0     0     0
3518     0     0     0     0     0     0     0
3522     0     0     0     0     0     0     0
3526     0     0     0     0     0     0     0
3530     0     0     0     0     0     0     0
3534     0     0     0     0     0     0     0
3538     0     0     0     0     0     0     0
3542     0     0     0     0     0     0     0
3546     0     0     0     0     0     0     0
3550     0     0     0     0     0     0     0
3554     0     0     0     0     0     0     0
3558     0     0     0     0     0     0     0
3562     0     0     0     0     0     0     0
3566     0     0     0     0     0     0     0
3570     0     0     0     0     0     0     0
3574     0     0     0     0     0     0     0
3578     0     0     0     0     0     0     0
3582     0     0     0     0     0     0     0
3586     0     0     0     0     0     0     0
3590     0     0     0     0     0     0     0
3594     0     0     0     0     0     0     0
3598     0     0     0     0     0     0     0
3602     0     0     0     0     0     0     0
3606     0     0     0     0     0     0     0
3610     0     0     0     0     0     0     0
3614     0     0     0     0     0     0     0
3618     0     0     0     0     0     0     0
3622     0     0     0     0     0     0     0
3626     0     0     0     0     0     0     0
3630     0     0     0     0     0     0     0
3634     0     0     0     0     0     0     0
3638     0     0     0     0     0     0     0
3642     0     0     0     0     0     0     0
3646     0     0     0     0     0     0     0
3650     0     0     0     0     0     0     0
3654     0     0     0     0     0     0     0
3658     0     0     0     0     0     0     0
3662     0     0     0     0     0     0     0
3666     0     0     0     0     0     0     0
3670     0     0     0     0     0     0     0
3674     0     0     0     0     0     0     0
3678     0     0     0     0     0     0     0
3682     0     0     0     0     0     0     0
3686     0     0     0     0     0     0     0
3690     0     0     0     0     0     0     0
3694     0     0     0     0     0     0     0
3698     0     0     0     0     0     0     0
3702     0     0     0     0     0     0     0
3706     0     0     0     0     0     0     0
3710     0     0     0     0     0     0     0
3714     0     0     0     0     0     0     0
3718     0     0     0     0     0     0     0
3722     0     0     0     0     0     0     0
3726     0     0     0     0     0     0     0
3730     0     0     0     0     0     0     0
3734     0     0     0     0     0     0     0
3738     0     0     0     0     0     0     0
3742     0     0     0     0     0     0     0
3746     0     0     0     0     0     0     0
3750     0     0     0     0     0     0     0
3754     0     0     0     0     0     0     0
3758     0     0     0     0     0     0     0
3762     0     0     0     0     0     0     0
3766     0     0     0     0     0     0     0
3770     0     0     0     0     0     0     0
3774     0     0     0     0     0     0     0
3778     0     0     0     0     0     0     0
3782     0     0     0     0     0     0     0
3786     0     0     0     0     0     0     0
3790     0     0     0     0     0     0     0
3794     0     0     0     0     0     0     0
3798     0     0     0     0     0     0     0
3802     0     0     0     0     0     0     0
3806     0     0     0     0     0     0     0
3810     0     0     0     0     0     0     0
3814     0     0     0     0     0     0     0
3818     0     0     0     0     0     0     0
3822     0     0     0     0     0     0     0
3826     0     0     0     0     0     0     0
3830     0     0     0     0     0     0     0
3834     0     0     0     0     0     0     0
3838     0     0     0     0     0     0     0
3842     0     0     0     0     0     0     0
3846     0     0     0     0     0     0     0
3850     0     0     0     0     0     0     0
3854     0     0     0     0     0     0     0
3858     0     0     0     0     0     0     0
3862     0     0     0     0     0     0     0
3866     0     0     0     0     0     0     0
3870     0     0     0     0     0     0     0
3874     0     0     0     0     0     0     0
3878     0     0     0     0     0     0     0
3882     0     0     0     0     0     0     0
3886     0     0     0     0     0     0     0
3890     0     0     0     0     0     0     0
3894     0     0     0     0     0     0     0
3898     0     0     0     0     0     0     0
3902     0     0     0     0     0     0     0
3906     0     0     0     0     0     0     0
3910     0     0     0     0     0     0     0
3914     0     0     0     0     0     0     0
3918     0     0     0     0     0     0     0
3922     0     0     0     0     0     0     0
3926     0     0     0     0     0     0     0
3930     0     0     0     0     0     0     0
3934     0     0     0     0     0     0     0
3938     0     0     0     0     0     0     0
3942     0     0     0     0     0     0     0
3946     0     0     0     0     0     0     0
3950     0     0     0     0     0     0     0
3954     0     0     0     0     0     0     0
3958     0     0     0     0     0     0     0
3962     0     0     0     0     0     0     0
3966     0     0     0     0     0     0     0
3970     0     0     0     0     0     0     0
3974     0     0     0     0     0     0     0
3978     0     0     0     0     0     0     0
3982     0     0     0     0     0     0     0
3986     0     0     0     0     0     0     0
3990     0     0     0     0     0     0     0
3994     0     0     0     0     0     0     0
3998     0     0     0     0     0     0     0
