2     0     0     0     0     0     0     0
6     8.8542e-06     1.45157e-08     1.45144e-08     1.45163e-08     1.52358e-08     1.59585e-08     1.48574e-08
10     0     0     0     0     0     0     0
14     3.54168e-05     2.09525e-08     2.09507e-08     2.09534e-08     2.19919e-08     2.30352e-08     2.14457e-08
18     6.19794e-05     2.83167e-08     2.83143e-08     2.8318e-08     2.97215e-08     3.11314e-08     2.89834e-08
22     5.31252e-05     1.9107e-08     1.91054e-08     1.91079e-08     2.00549e-08     2.10063e-08     1.95568e-08
26     4.4271e-05     1.26773e-08     1.26762e-08     1.26779e-08     1.33063e-08     1.39375e-08     1.29758e-08
30     4.4271e-05     1.05057e-08     1.05048e-08     1.05062e-08     1.10269e-08     1.155e-08     1.0753e-08
34     9.73962e-05     1.98193e-08     1.98176e-08     1.98202e-08     2.08026e-08     2.17894e-08     2.02859e-08
38     0.000177084     3.02902e-08     3.02877e-08     3.02917e-08     3.1793e-08     3.33011e-08     3.10033e-08
42     0.000115105     1.73475e-08     1.7346e-08     1.73483e-08     1.82081e-08     1.90719e-08     1.77559e-08
46     0.000141667     1.87121e-08     1.87106e-08     1.8713e-08     1.96405e-08     2.05721e-08     1.91527e-08
50     8.8542e-05     1.04553e-08     1.04544e-08     1.04557e-08     1.09739e-08     1.14945e-08     1.07014e-08
54     0.000177084     1.91249e-08     1.91233e-08     1.91258e-08     2.00737e-08     2.10259e-08     1.95751e-08
58     0.000247918     2.44799e-08     2.44778e-08     2.4481e-08     2.56943e-08     2.69132e-08     2.50562e-08
62     0.000292189     2.6689e-08     2.66867e-08     2.66902e-08     2.8013e-08     2.93419e-08     2.73173e-08
66     0.000212501     1.82777e-08     1.82761e-08     1.82785e-08     1.91844e-08     2.00945e-08     1.87079e-08
70     0.000256772     2.09075e-08     2.09058e-08     2.09085e-08     2.19448e-08     2.29858e-08     2.13997e-08
74     0.000283334     2.20493e-08     2.20474e-08     2.20503e-08     2.31431e-08     2.4241e-08     2.25683e-08
78     0.000212501     1.60685e-08     1.60671e-08     1.60693e-08     1.68657e-08     1.76657e-08     1.64468e-08
82     0.000292189     2.16074e-08     2.16056e-08     2.16085e-08     2.26794e-08     2.37552e-08     2.21161e-08
86     0.000301043     2.19364e-08     2.19346e-08     2.19375e-08     2.30247e-08     2.41169e-08     2.24529e-08
90     0.000469273     3.38908e-08     3.38879e-08     3.38924e-08     3.55721e-08     3.72596e-08     3.46886e-08
94     0.000327605     2.36208e-08     2.36188e-08     2.36219e-08     2.47926e-08     2.59687e-08     2.41769e-08
98     0.000371876     2.69123e-08     2.691e-08     2.69135e-08     2.82474e-08     2.95874e-08     2.75458e-08
102     0.000451564     3.29744e-08     3.29716e-08     3.29759e-08     3.46103e-08     3.62521e-08     3.37507e-08
106     0.000327605     2.42125e-08     2.42105e-08     2.42136e-08     2.54137e-08     2.66193e-08     2.47825e-08
110     0.000327605     2.48152e-08     2.48131e-08     2.48163e-08     2.60463e-08     2.72818e-08     2.53994e-08
114     0.00054896     4.31108e-08     4.31071e-08     4.31128e-08     4.52495e-08     4.7396e-08     4.41257e-08
118     0.000575523     4.74307e-08     4.74267e-08     4.74329e-08     4.97838e-08     5.21454e-08     4.85473e-08
122     0.000566669     5.04339e-08     5.04296e-08     5.04362e-08     5.29359e-08     5.54471e-08     5.16212e-08
126     0.000602085     5.90229e-08     5.90179e-08     5.90257e-08     6.19511e-08     6.48899e-08     6.04124e-08
130     0.000469273     5.18279e-08     5.18235e-08     5.18303e-08     5.43992e-08     5.69797e-08     5.30481e-08
134     0.000575523     7.41487e-08     7.41424e-08     7.41522e-08     7.78273e-08     8.15192e-08     7.58943e-08
138     0.00054896     8.41122e-08     8.41051e-08     8.41161e-08     8.82851e-08     9.2473e-08     8.60924e-08
142     0.000664065     1.27826e-07     1.27815e-07     1.27832e-07     1.34168e-07     1.40532e-07     1.30836e-07
146     0.000531252     1.32772e-07     1.32761e-07     1.32778e-07     1.39359e-07     1.4597e-07     1.35898e-07
150     0.000584377     1.96735e-07     1.96718e-07     1.96744e-07     2.06495e-07     2.1629e-07     2.01366e-07
154     0.000655211     3.43832e-07     3.43803e-07     3.43848e-07     3.6089e-07     3.7801e-07     3.51927e-07
158     0.000734898     7.01797e-07     7.01738e-07     7.0183e-07     7.36614e-07     7.71557e-07     7.18319e-07
162     0.000734898     2.00174e-06     2.00157e-06     2.00183e-06     2.10105e-06     2.20071e-06     2.04886e-06
166     0.000699482     3.42801e-06     3.42772e-06     3.42817e-06     3.59808e-06     3.76876e-06     3.50871e-06
170     0.000637502     4.1476e-06     4.14725e-06     4.14779e-06     4.35337e-06     4.55988e-06     4.24524e-06
174     0.000708336     5.74777e-06     5.74728e-06     5.74804e-06     6.03292e-06     6.31911e-06     5.88309e-06
178     0.000761461     7.19167e-06     7.19106e-06     7.19201e-06     7.54846e-06     7.90653e-06     7.36098e-06
182     0.000664065     7.57339e-06     7.57275e-06     7.57374e-06     7.94911e-06     8.32619e-06     7.75168e-06
186     0.000637502     8.90358e-06     8.90283e-06     8.904e-06     9.3453e-06     9.78861e-06     9.11319e-06
190     0.000743753     1.19771e-05     1.19761e-05     1.19777e-05     1.25713e-05     1.31677e-05     1.22591e-05
194     0.000956253     1.73212e-05     1.73197e-05     1.7322e-05     1.81805e-05     1.90429e-05     1.7729e-05
198     0.000876566     1.75991e-05     1.75976e-05     1.75999e-05     1.84722e-05     1.93484e-05     1.80134e-05
202     0.000929691     2.03387e-05     2.03369e-05     2.03396e-05     2.13477e-05     2.23603e-05     2.08175e-05
206     0.000947399     2.26209e-05     2.2619e-05     2.26219e-05     2.37432e-05     2.48695e-05     2.31534e-05
210     0.000841149     2.17072e-05     2.17054e-05     2.17081e-05     2.28103e-05     2.39038e-05     2.22363e-05
214     0.000841149     2.33713e-05     2.33693e-05     2.33723e-05     2.4589e-05     2.57809e-05     2.39618e-05
218     0.00107136     3.18971e-05     3.18945e-05     3.18985e-05     3.35674e-05     3.51981e-05     3.27088e-05
222     0.000920837     2.92102e-05     2.92078e-05     2.92115e-05     3.07459e-05     3.22423e-05     2.99576e-05
226     0.00114219     3.85029e-05     3.84998e-05     3.85046e-05     4.0533e-05     4.25083e-05     3.94922e-05
230     0.000965108     3.4679e-05     3.46762e-05     3.46805e-05     3.65103e-05     3.82908e-05     3.55719e-05
234     0.000965108     3.67096e-05     3.67066e-05     3.67112e-05     3.86491e-05     4.05344e-05     3.76554e-05
238     0.00108907     4.38795e-05     4.38759e-05     4.38814e-05     4.62e-05     4.84546e-05     4.50115e-05
242     0.00121303     5.16909e-05     5.16867e-05     5.16932e-05     5.44411e-05     5.71054e-05     5.30358e-05
246     0.0010625     4.75294e-05     4.75255e-05     4.75314e-05     5.00655e-05     5.2519e-05     4.8771e-05
250     0.00108907     5.12062e-05     5.1202e-05     5.12084e-05     5.39468e-05     5.65939e-05     5.25496e-05
254     0.0011599     5.73955e-05     5.73909e-05     5.7398e-05     6.04749e-05     6.34456e-05     5.89065e-05
258     0.000965108     5.02287e-05     5.02246e-05     5.02308e-05     5.29241e-05     5.55239e-05     5.15514e-05
262     0.00123073     6.7234e-05     6.72286e-05     6.72369e-05     7.08792e-05     7.4377e-05     6.90303e-05
266     0.00110677     6.32146e-05     6.32094e-05     6.32173e-05     6.66436e-05     6.99332e-05     6.49046e-05
270     0.00116875     6.98724e-05     6.98668e-05     6.98754e-05     7.36769e-05     7.732e-05     7.17501e-05
274     0.00119532     7.46663e-05     7.46603e-05     7.46695e-05     7.87526e-05     8.2656e-05     7.6687e-05
278     0.00119532     7.81271e-05     7.81209e-05     7.81304e-05     8.2425e-05     8.65205e-05     8.02566e-05
282     0.00126615     8.60117e-05     8.60048e-05     8.60153e-05     9.07321e-05     9.52355e-05     8.83483e-05
286     0.00141667     0.000100839     0.000100831     0.000100843     0.00010643     0.000111737     0.000103618
290     0.00131042     9.68337e-05     9.6826e-05     9.68378e-05     0.000102238     0.000107352     9.95263e-05
294     0.00107136     8.22372e-05     8.22306e-05     8.22406e-05     8.68479e-05     9.12011e-05     8.45381e-05
298     0.00114219     9.10803e-05     9.1073e-05     9.1084e-05     9.61962e-05     0.000101023     9.36346e-05
302     0.00138125     0.000114515     0.000114506     0.000114519     0.000121004     0.000127101     0.000117765
306     0.00129271     0.000111195     0.000111186     0.0001112     0.000117543     0.000123485     0.000114383
310     0.00130157     0.000116284     0.000116275     0.000116289     0.000122986     0.000129231     0.000119662
314     0.00139011     0.000128645     0.000128635     0.000128651     0.000136116     0.000143051     0.000132421
318     0.00141667     0.000135729     0.000135718     0.000135734     0.000143662     0.000151004     0.000139748
322     0.00147865     0.000146588     0.000146577     0.000146594     0.000155168     0.000163103     0.000150937
326     0.00151407     0.000155037     0.000155025     0.000155043     0.000164208     0.000172646     0.000159703
330     0.00162917     0.000172101     0.000172088     0.000172108     0.000182365     0.00019177     0.000177339
334     0.00164688     0.000179618     0.000179605     0.000179625     0.000190459     0.000200333     0.000185175
338     0.00143438     0.000161382     0.00016137     0.000161389     0.000171284     0.000180228     0.000166488
342     0.00173542     0.00020135     0.000201335     0.000201357     0.000213901     0.000225143     0.000207861
346     0.0014698     0.000176208     0.000176194     0.000176214     0.000187269     0.000197129     0.000181965
350     0.00177084     0.000220909     0.000220893     0.000220917     0.000235021     0.000247491     0.0002283
354     0.00165574     0.000215906     0.00021589     0.000215913     0.000230058     0.000242417     0.000223378
358     0.00188594     0.000258089     0.00025807     0.000258097     0.000275402     0.000290371     0.000267291
362     0.00173542     0.000248463     0.000248445     0.000248471     0.000265405     0.000279962     0.000257503
366     0.00194792     0.000291523     0.000291502     0.000291532     0.00031166     0.000328873     0.000302302
370     0.0021073     0.000329186     0.000329164     0.000329196     0.000352442     0.000372136     0.000341709
374     0.00184167     0.000300236     0.000300216     0.000300245     0.00032194     0.000340151     0.00031199
378     0.00190365     0.000323456     0.000323434     0.000323465     0.000347215     0.000367031     0.00033637
382     0.00201876     0.000357261     0.000357238     0.000357271     0.000384157     0.000406389     0.000371959
386     0.00184167     0.000338085     0.000338063     0.000338094     0.000364074     0.000385392     0.000352351
390     0.00190365     0.000362663     0.00036264     0.000362672     0.000391109     0.000414273     0.000378345
394     0.00215157     0.000424055     0.000424028     0.000424065     0.000457988     0.000485424     0.000442839
398     0.00206303     0.000420301     0.000420275     0.000420311     0.000454588     0.000482124     0.000439354
402     0.0022224     0.000468009     0.00046798     0.000468019     0.000507294     0.000538539     0.000489959
406     0.00200105     0.000435615     0.000435588     0.000435624     0.000473017     0.000502545     0.000456599
410     0.00219584     0.000492766     0.000492736     0.000492776     0.000535868     0.000569691     0.000517026
414     0.00232865     0.000538579     0.000538548     0.00053859     0.000586656     0.00062414     0.000565734
418     0.0023198     0.000552598     0.000552566     0.000552608     0.00060294     0.00064194     0.000581128
422     0.0022047     0.000539817     0.000539787     0.000539827     0.000590492     0.000629399     0.000568672
426     0.00257657     0.000647845     0.000647809     0.000647855     0.000710092     0.000757562     0.000683412
430     0.0024349     0.000628428     0.000628394     0.000628437     0.000690238     0.000737051     0.00066387
434     0.00261199     0.000692352     0.000692316     0.000692362     0.000762105     0.000814563     0.000732493
438     0.00265626     0.000722238     0.0007222     0.000722247     0.000796601     0.000852177     0.000765167
442     0.00258543     0.000720453     0.000720417     0.00072046     0.000796982     0.000853716     0.000764808
446     0.0026297     0.000750855     0.000750818     0.000750862     0.000832752     0.000893091     0.000798461
450     0.00279793     0.000817392     0.000817353     0.000817399     0.000908554     0.00097537     0.000870515
454     0.00301928     0.000902496     0.000902454     0.000902502     0.00100568     0.00108086     0.000962799
458     0.00263855     0.00080625     0.000806214     0.000806255     0.000900594     0.00096892     0.00086154
462     0.0030547     0.000953714     0.000953673     0.000953718     0.00106869     0.00115129     0.00102136
466     0.0031698     0.00101079     0.00101075     0.00101079     0.00113596     0.0012252     0.00108469
470     0.00314324     0.00102375     0.00102371     0.00102375     0.00115389     0.00124602     0.00110083
474     0.0035771     0.00118917     0.00118912     0.00118916     0.00134423     0.00145331     0.00128128
478     0.00341772     0.00115867     0.00115862     0.00115866     0.0013132     0.00142135     0.00125067
482     0.00349741     0.00120973     0.00120969     0.00120972     0.00137669     0.00149276     0.00130943
486     0.00370105     0.00130517     0.00130513     0.00130516     0.00149039     0.0016185     0.00141602
490     0.00342657     0.00123155     0.00123151     0.00123154     0.00141109     0.00153463     0.00133924
494     0.00353283     0.00129354     0.0012935     0.00129352     0.00148699     0.00161942     0.00140982
498     0.00374533     0.00139652     0.00139648     0.0013965     0.00160991     0.00175536     0.00152502
502     0.00378074     0.00143602     0.00143598     0.00143599     0.00166443     0.00181891     0.00157403
506     0.00364793     0.00141041     0.00141039     0.00141038     0.0016405     0.00179547     0.00154966
510     0.0040021     0.00157567     0.00157565     0.00157564     0.00183914     0.00201597     0.00173533
514     0.00468387     0.00187791     0.00187789     0.00187786     0.00220024     0.00241583     0.0020735
518     0.00433856     0.00177037     0.00177035     0.00177032     0.00208217     0.00229     0.00195981
522     0.00434741     0.00180374     0.00180373     0.00180368     0.00213225     0.00235027     0.00200367
526     0.00449793     0.00189972     0.00189971     0.00189965     0.00225254     0.00248604     0.00211466
530     0.00469272     0.00201456     0.00201457     0.00201448     0.0023979     0.00265059     0.00224847
534     0.00495835     0.00216382     0.00216383     0.00216372     0.00258644     0.00286379     0.00242216
538     0.00523283     0.00232168     0.0023217     0.00232156     0.00278362     0.00308582     0.0026044
542     0.00512658     0.0023111     0.00231114     0.00231097     0.00278484     0.00309325     0.00260157
546     0.00535679     0.00245611     0.00245617     0.00245596     0.00297226     0.00330707     0.00277303
550     0.0053745     0.00250789     0.00250796     0.00250772     0.00304618     0.00339445     0.0028387
554     0.00552502     0.00262291     0.00262301     0.00262273     0.00319541     0.00356518     0.00297493
558     0.00571096     0.00275719     0.0027573     0.00275698     0.00336994     0.00376514     0.00313416
562     0.00625106     0.00306596     0.00306612     0.00306569     0.00376421     0.0042138     0.00349573
566     0.00634846     0.00316097     0.00316116     0.00316068     0.00389543     0.00436759     0.00361321
570     0.006012     0.00304135     0.00304156     0.00304104     0.0037578     0.004218     0.00348257
574     0.00639273     0.00329175     0.003292     0.00329139     0.00407689     0.00458078     0.00377537
578     0.00677346     0.00355177     0.00355207     0.00355135     0.00441207     0.00496336     0.00408194
582     0.00699482     0.00373258     0.00373294     0.00373209     0.00465332     0.00524255     0.00430021
586     0.00757034     0.00411208     0.00411253     0.0041115     0.00513272     0.00578602     0.00474109
590     0.00811045     0.00449154     0.00449209     0.00449086     0.00561626     0.0063362     0.00518454
594     0.00835836     0.00473212     0.00473276     0.00473135     0.00592688     0.00669186     0.00546804
598     0.00812815     0.00470561     0.0047063     0.00470479     0.00589818     0.00666243     0.00543977
602     0.00860628     0.00508785     0.00508871     0.00508687     0.0063763     0.00720404     0.0058801
606     0.00902243     0.00543768     0.00543868     0.00543656     0.00681857     0.00770688     0.0062861
610     0.00890732     0.0054795     0.0054806     0.00547829     0.00686703     0.00776127     0.00633117
614     0.00962451     0.00605806     0.00605937     0.00605663     0.00758462     0.00857029     0.00699418
618     0.00993441     0.00641478     0.00641629     0.00641318     0.00802485     0.00906598     0.00740133
622     0.0099167     0.00656942     0.00657115     0.00656762     0.00819629     0.00925171     0.00756471
626     0.0100672     0.00684741     0.00684936     0.00684542     0.00852256     0.00961243     0.00787078
630     0.0104568     0.00730753     0.00730976     0.00730527     0.00906768     0.0102169     0.00838105
634     0.0113334     0.00814335     0.00814602     0.0081407     0.0100706     0.0113338     0.00931667
638     0.0115547     0.00855211     0.0085551     0.00854919     0.0105377     0.0118445     0.00975856
642     0.0116698     0.00891131     0.00891474     0.00890802     0.0109136     0.0122407     0.010124
646     0.0115193     0.00910507     0.00910879     0.00910156     0.0110946     0.0124206     0.0103068
650     0.0121922     0.00998687     0.00999116     0.00998287     0.0121059     0.0135264     0.0112633
654     0.0118646     0.0100792     0.0100838     0.010075     0.0121485     0.0135443     0.0113221
658     0.0116521     0.0102754     0.0102803     0.010271     0.0123065     0.0136861     0.0114914
662     0.0123693     0.0113319     0.0113376     0.0113268     0.0134498     0.0149047     0.0125931
666     0.0119443     0.0113781     0.011384     0.0113729     0.0134061     0.0148132     0.0125801
670     0.0119     0.0117863     0.0117925     0.0117808     0.0137857     0.0151872     0.0129654
674     0.0123339     0.0127069     0.0127137     0.0127009     0.0147493     0.0161973     0.0139048
678     0.0123959     0.0132952     0.0133024     0.013289     0.0153028     0.016745     0.0144651
682     0.0126084     0.0140506     0.0140583     0.0140439     0.0160012     0.0174287     0.0151767
686     0.0125375     0.0145221     0.01453     0.0145153     0.016394     0.0177876     0.0155933
690     0.0118381     0.0142498     0.0142574     0.0142433     0.0159473     0.0172356     0.0152114
694     0.0114573     0.0143385     0.014346     0.0143322     0.0159012     0.017115     0.0152128
698     0.0113334     0.0147163     0.0147237     0.01471     0.0161765     0.0173405     0.0155216
702     0.0115813     0.0155828     0.0155743     0.0155923     0.0169196     0.0175099     0.0167875
706     0.0106427     0.0147966     0.0147889     0.0148052     0.0159158     0.0165238     0.0157196
710     0.0100052     0.0143551     0.014348     0.014363     0.0152905     0.0159282     0.015029
714     0.0102886     0.0152015     0.0151943     0.0152094     0.0160513     0.0167594     0.0157188
718     0.00965993     0.0146767     0.0146702     0.0146839     0.0153498     0.0160426     0.0149939
722     0.0093943     0.0146282     0.0146221     0.0146348     0.0151078     0.015687     0.0148224
726     0.0088542     0.0140762     0.0140707     0.014082     0.0144003     0.0148771     0.0141756
730     0.0083318     0.0134893     0.0134843     0.0134945     0.0136715     0.014053     0.013503
734     0.00852659     0.0140371     0.0140323     0.0140421     0.014097     0.0144175     0.013969
738     0.00762346     0.0127514     0.0127473     0.0127555     0.0126861     0.0129065     0.0126136
742     0.00746409     0.0126734     0.0126697     0.0126771     0.0124561     0.0125845     0.0124402
746     0.00725159     0.0124766     0.0124732     0.0124799     0.0121544     0.0122157     0.0121789
750     0.00660523     0.0114941     0.0114911     0.0114968     0.0110985     0.0110954     0.0111578
754     0.00614481     0.0107849     0.0107823     0.0107872     0.0103253     0.010269     0.0104138
758     0.00592346     0.0104671     0.0104648     0.0104692     0.00993356     0.00982612     0.0100521
762     0.00604742     0.0107544     0.0107523     0.0107563     0.0100899     0.00990879     0.0102553
766     0.00517085     0.00925252     0.00925076     0.00925401     0.00861055     0.00841145     0.00877941
770     0.00510887     0.00919811     0.00919646     0.00919947     0.00849018     0.00824913     0.00868452
774     0.00486095     0.00880785     0.00880638     0.00880904     0.00806176     0.0077886     0.0082738
778     0.00492293     0.00897013     0.00896872     0.00897125     0.00814585     0.00782751     0.00838638
782     0.00451564     0.00826242     0.0082612     0.00826335     0.0074223     0.00707811     0.00767494
786     0.00393126     0.00721382     0.00721281     0.00721457     0.00643261     0.00610146     0.00667178
790     0.00419689     0.00772175     0.00772072     0.0077225     0.00683391     0.00644637     0.00711005
794     0.00394012     0.00727132     0.0072704     0.00727198     0.00638942     0.00599517     0.00666732
798     0.00368335     0.00682169     0.00682085     0.00682226     0.00594905     0.00555032     0.00622734
802     0.00356824     0.00663567     0.0066349     0.00663619     0.00573618     0.00531558     0.00602679
806     0.00344428     0.00643198     0.00643125     0.00643245     0.00552204     0.00508947     0.00581878
810     0.0032672     0.00612783     0.00612716     0.00612826     0.00522054     0.00478172     0.00551934
814     0.00276251     0.005202     0.00520145     0.00520235     0.00440309     0.00401144     0.00466823
818     0.00276251     0.00522079     0.00522025     0.00522112     0.00439056     0.00397844     0.00466805
822     0.00288647     0.0054747     0.00547415     0.00547503     0.00456356     0.00410551     0.00487039
826     0.00278907     0.00530765     0.00530713     0.00530796     0.00439628     0.00393431     0.0047047
830     0.00247032     0.0047188     0.00471835     0.00471907     0.00388588     0.00345944     0.00416944
834     0.00219584     0.00421314     0.00421275     0.00421337     0.00344851     0.0030521     0.00371078
838     0.00228438     0.00440416     0.00440375     0.0044044     0.00358378     0.00315254     0.00386746
842     0.00213386     0.00413211     0.00413174     0.00413233     0.00333443     0.00291028     0.00361217
846     0.0020099     0.00390887     0.00390852     0.00390907     0.00313682     0.00272489     0.00340624
850     0.00211615     0.00413454     0.00413418     0.00413475     0.00329838     0.00284983     0.00359114
854     0.00184167     0.00361696     0.00361664     0.00361713     0.00286933     0.00246541     0.00313223
858     0.00194792     0.00384653     0.00384619     0.00384671     0.00303696     0.00259566     0.00332318
862     0.00162032     0.00321691     0.00321663     0.00321706     0.00251963     0.0021349     0.002768
866     0.00169115     0.00337509     0.0033748     0.00337525     0.00262962     0.00221541     0.0028963
870     0.00151407     0.00303706     0.0030368     0.0030372     0.00235613     0.00197552     0.0026006
874     0.00131042     0.0026419     0.00264168     0.00264203     0.00204003     0.00170165     0.0022569
878     0.00147865     0.0029957     0.00299545     0.00299584     0.00230068     0.00190775     0.00255202
882     0.00124844     0.002543     0.00254278     0.00254312     0.00194156     0.00159951     0.00215983
886     0.00148751     0.00304691     0.00304665     0.00304706     0.00231502     0.00189691     0.00258138
890     0.00139011     0.00286504     0.00286479     0.00286517     0.00216617     0.00176434     0.00242154
894     0.00131928     0.00273769     0.00273745     0.00273782     0.00206082     0.00166855     0.00230936
898     0.00128386     0.00268121     0.00268098     0.00268134     0.00201156     0.00162048     0.00225862
902     0.00126615     0.00266089     0.00266066     0.00266102     0.00198207     0.00158276     0.00223364
906     0.00101823     0.00215421     0.00215402     0.00215431     0.00159834     0.00127065     0.00180463
910     0.00123073     0.00262051     0.00262028     0.00262064     0.00193526     0.00152996     0.00219009
914     0.00110677     0.00237327     0.00237306     0.00237339     0.00174397     0.00136997     0.00197872
918     0.00100052     0.00216073     0.00216054     0.00216084     0.00158269     0.00123713     0.00179913
922     0.000920837     0.00200215     0.00200198     0.00200225     0.00145885     0.00113134     0.00166329
926     0.000867711     0.00189973     0.00189957     0.00189983     0.00137772     0.00106132     0.00157483
930     0.00099167     0.00218587     0.00218568     0.00218598     0.00157861     0.00120879     0.00180859
934     0.000832295     0.00184707     0.00184691     0.00184716     0.00132886     0.00101197     0.00152561
938     0.000770315     0.00172366     0.00172351     0.00172375     0.00123478     0.000934538     0.00142092
942     0.000752607     0.00169532     0.00169517     0.0016954     0.00120804     0.000907432     0.00139411
946     0.000628648     0.00142589     0.00142576     0.00142596     0.00101273     0.000757022     0.00117082
950     0.000743753     0.00169869     0.00169854     0.00169877     0.00120183     0.000892971     0.00139247
954     0.000672919     0.00154881     0.00154867     0.00154888     0.00109108     0.000804712     0.00126739
958     0.000646356     0.00149909     0.00149896     0.00149916     0.00105333     0.000772968     0.00122558
962     0.000734898     0.00171689     0.00171674     0.00171697     0.00119965     0.000871604     0.00140053
966     0.000743753     0.00175151     0.00175136     0.0017516     0.00122045     0.00088207     0.00142733
970     0.000770315     0.00182832     0.00182816     0.00182841     0.00126956     0.000911773     0.00148788
974     0.000557814     0.00133418     0.00133406     0.00133424     0.000922871     0.000658197     0.00108405
978     0.000575523     0.00138647     0.00138635     0.00138654     0.000955225     0.00067638     0.00112472
982     0.000513543     0.00124821     0.0012481     0.00124827     0.000855925     0.000600934     0.00101063
986     0.000734898     0.00179879     0.00179863     0.00179887     0.0012308     0.000860356     0.00145525
990     0.000469273     0.00115803     0.00115793     0.00115809     0.000789723     0.000548638     0.000935606
994     0.000522398     0.00129989     0.00129977     0.00129995     0.000883001     0.000609106     0.00104852
998     0.000495835     0.00124436     0.00124425     0.00124442     0.000841994     0.000576511     0.00100215
1002     0.000478127     0.00120939     0.00120928     0.00120945     0.000815443     0.000554165     0.000972759
1006     0.000389585     0.00099362     0.000993533     0.000993669     0.000668152     0.000451428     0.00079843
1010     0.000354168     0.000910799     0.00091072     0.000910844     0.000610651     0.000410077     0.000731059
1014     0.000318751     0.000827259     0.000827187     0.0008273     0.00055252     0.000368048     0.000663067
1018     0.000407293     0.00106652     0.00106643     0.00106657     0.000711062     0.000471416     0.000854436
1022     0.000292189     0.000771798     0.000771731     0.000771836     0.000512437     0.000336589     0.000617413
1026     0.000416147     0.00110834     0.00110825     0.0011084     0.000732344     0.00047638     0.000884909
1030     0.00027448     0.000737589     0.000737525     0.000737626     0.000486064     0.000313975     0.000588432
1034     0.000416147     0.00112809     0.00112799     0.00112814     0.000742477     0.000477693     0.000899753
1038     0.000318751     0.000871756     0.00087168     0.000871799     0.000571141     0.000363706     0.000694111
1042     0.000513543     0.00141759     0.00141747     0.00141766     0.000923749     0.00058089     0.00112651
1046     0.000283334     0.000789152     0.000789083     0.000789191     0.000513268     0.000320867     0.000626851
1050     0.000318751     0.000895555     0.000895477     0.000895599     0.000581775     0.000362174     0.000711235
1054     0.000247918     0.000702784     0.000702723     0.000702818     0.000455609     0.00028174     0.000557899
1058     0.000292189     0.000835628     0.000835555     0.000835669     0.000540107     0.000331279     0.00066274
1062     0.000256772     0.000741214     0.00074115     0.000741251     0.000475969     0.000287335     0.000586464
1066     0.000256772     0.000747983     0.000747918     0.000748019     0.000479976     0.000288598     0.000591892
1070     0.000230209     0.000676605     0.000676546     0.000676638     0.000433     0.000258248     0.000535003
1074     0.000256772     0.000761929     0.000761863     0.000761966     0.000485601     0.000286294     0.000601676
1078     0.000309897     0.000927881     0.0009278     0.000927926     0.000590034     0.000345252     0.000732324
1082     0.000230209     0.000695861     0.000695801     0.000695895     0.000440726     0.000254707     0.000548583
1086     0.000265626     0.000810547     0.000810477     0.000810587     0.000511975     0.000293274     0.000638545
1090     0.000265626     0.000817572     0.000817501     0.000817612     0.00051495     0.000292342     0.000643561
1094     0.000159376     0.000495368     0.000495325     0.000495392     0.000310955     0.000174489     0.0003896
1098     0.000265626     0.000832553     0.000832481     0.000832593     0.000521979     0.000291166     0.000654744
1102     0.000194792     0.000615965     0.000615912     0.000615995     0.000385085     0.000212398     0.000484149
1106     0.000283334     0.00090548     0.000905402     0.000905524     0.000564209     0.000307654     0.000711093
1110     0.000265626     0.000855904     0.00085583     0.000855946     0.000531706     0.000287052     0.000671556
1114     0.00016823     0.000546973     0.000546925     0.000546999     0.000338432     0.000180218     0.000428666
1118     0.000212501     0.000697849     0.000697789     0.000697883     0.00043079     0.000227134     0.00054668
1122     0.000141667     0.000469605     0.000469565     0.000469628     0.000289567     0.000151418     0.00036798
1126     0.000132813     0.000443579     0.00044354     0.0004436     0.000272722     0.000141041     0.000347322
1130     0.00016823     0.000567004     0.000566955     0.000567031     0.000347266     0.000177129     0.000443469
1134     0.00016823     0.00057215     0.0005721     0.000572177     0.000348995     0.000175443     0.000446953
1138     0.000194792     0.000669608     0.00066955     0.00066964     0.000408683     0.000204536     0.000523609
1142     0.000194792     0.000675251     0.000675193     0.000675284     0.000411365     0.000203579     0.000528017
1146     0.000177084     0.000620249     0.000620195     0.000620279     0.000376782     0.000183924     0.000484767
1150     0.000132813     0.000468174     0.000468134     0.000468197     0.000284182     0.000138214     0.000365859
1154     0.000159376     0.000567495     0.000567446     0.000567522     0.000343219     0.000164033     0.000443178
1158     0.000159376     0.000573339     0.000573289     0.000573366     0.000345918     0.000163316     0.000447571
1162     0.000194792     0.000706409     0.000706348     0.000706443     0.000424319     0.000196333     0.000550876
1166     0.000159376     0.000582556     0.000582506     0.000582584     0.000349493     0.000160395     0.000454286
1170     0.00010625     0.000391896     0.000391862     0.000391915     0.000234713     0.000106587     0.000305573
1174     0.00016823     0.000626398     0.000626344     0.000626428     0.000374288     0.000167686     0.000488284
1178     0.000123959     0.000465894     0.000465854     0.000465916     0.000277627     0.00012251     0.000363016
1182     0.000141667     0.000536924     0.000536877     0.000536949     0.000319222     0.000138703     0.000418316
1186     0.00016823     0.000643641     0.000643585     0.000643672     0.000380793     0.000161758     0.000500759
1190     0.000141667     0.000547344     0.000547297     0.000547371     0.000323324     0.000135595     0.000425891
1194     0.000141667     0.000551849     0.000551802     0.000551876     0.000325777     0.000135662     0.00042949
1198     7.96878e-05     0.000313048     0.000313021     0.000313063     0.000184194     7.5266e-05     0.000243479
1202     7.96878e-05     0.000315637     0.00031561     0.000315652     0.000185254     7.43267e-05     0.000245454
1206     0.000123959     0.000495434     0.000495392     0.000495458     0.000290365     0.000115025     0.000385312
1210     8.8542e-05     0.000356673     0.000356642     0.00035669     0.000208818     8.19042e-05     0.000277421
1214     0.000115105     0.000467335     0.000467294     0.000467357     0.000273332     0.000106172     0.000363532
1218     0.000123959     0.00050817     0.000508126     0.000508194     0.000295535     0.00011116     0.000394748
1222     0.000132813     0.000549333     0.000549286     0.00054936     0.000319772     0.000119459     0.000427246
1226     0.000123959     0.000517466     0.000517421     0.00051749     0.000300252     0.000109689     0.000402251
1230     7.08336e-05     0.000298257     0.000298231     0.000298271     0.000172386     6.12362e-05     0.000231702
1234     0.000159376     0.00067684     0.000676782     0.000676873     0.000390459     0.000136648     0.000525679
1238     0.000159376     0.000682632     0.000682573     0.000682664     0.000393108     0.000135605     0.000530071
1242     7.96878e-05     0.000343312     0.000343282     0.000343328     0.000197359     6.67471e-05     0.000266641
1246     7.08336e-05     0.000308723     0.000308696     0.000308738     0.000177301     5.89349e-05     0.000239898
1250     5.31252e-05     0.00023307     0.00023305     0.000233081     0.000133466     4.33807e-05     0.000181018
1254     3.54168e-05     0.000157094     0.00015708     0.000157101     8.97713e-05     2.85619e-05     0.000122003
1258     8.8542e-05     0.000394647     0.000394613     0.000394666     0.000225376     7.09889e-05     0.000306551
1262     7.96878e-05     0.000358648     0.000358618     0.000358666     0.000203841     6.17436e-05     0.000278333
1266     8.8542e-05     0.00040167     0.000401635     0.000401689     0.000228056     6.80078e-05     0.000311796
1270     5.31252e-05     0.000242576     0.000242555     0.000242587     0.000137577     4.05003e-05     0.000188302
1274     0.000115105     0.000530803     0.000530757     0.000530828     0.000300021     8.50887e-05     0.000411944
1278     7.96878e-05     0.000370313     0.000370282     0.000370331     0.000209229     5.85459e-05     0.000287534
1282     8.8542e-05     0.000414762     0.000414727     0.000414782     0.000234094     6.40133e-05     0.000322208
1286     7.08336e-05     0.000334862     0.000334833     0.000334878     0.000188301     4.9563e-05     0.000259995
1290     3.54168e-05     0.000168741     0.000168726     0.000168749     9.47984e-05     2.44243e-05     0.000131076
1294     6.19794e-05     0.000297587     0.000297562     0.000297601     0.000166854     4.18891e-05     0.00023114
1298     6.19794e-05     0.000299398     0.000299373     0.000299412     0.000167458     4.08756e-05     0.000232461
1302     4.4271e-05     0.00021609     0.000216072     0.0002161     0.000120616     2.84329e-05     0.000167809
1306     2.65626e-05     0.000130704     0.000130692     0.00013071     7.29469e-05     1.68184e-05     0.000101592
1310     7.08336e-05     0.000350876     0.000350846     0.000350893     0.000195532     4.4208e-05     0.000272675
1314     7.08336e-05     0.000353694     0.000353664     0.000353711     0.000196366     4.22569e-05     0.000274723
1318     6.19794e-05     0.000311695     0.000311668     0.000311709     0.00017241     3.53154e-05     0.00024195
1322     6.19794e-05     0.000314102     0.000314075     0.000314117     0.000173819     3.48595e-05     0.000244091
1326     4.4271e-05     0.000226138     0.000226119     0.000226149     0.000124989     2.42783e-05     0.000175792
1330     6.19794e-05     0.000319427     0.0003194     0.000319442     0.000176015     3.25164e-05     0.000248228
1334     7.96878e-05     0.000412754     0.000412719     0.000412773     0.000226975     4.05787e-05     0.000320652
1338     5.31252e-05     0.000278132     0.000278108     0.000278145     0.000153016     2.66664e-05     0.000216312
1342     8.8542e-06     4.68264e-05     4.68224e-05     4.68287e-05     2.56758e-05     4.18074e-06     3.64115e-05
1346     2.65626e-05     0.000140878     0.000140866     0.000140885     7.72346e-05     1.24146e-05     0.000109575
1350     7.96878e-05     0.000426447     0.000426411     0.000426467     0.000233327     3.49383e-05     0.000331888
1354     8.8542e-05     0.000477198     0.000477157     0.000477221     0.000260766     3.76614e-05     0.000371415
1358     3.54168e-05     0.000192155     0.000192139     0.000192164     0.000104831     1.43498e-05     0.00014959
1362     2.65626e-05     0.000145035     0.000145022     0.000145042     7.88768e-05     9.88652e-06     0.000112899
1366     3.54168e-05     0.000194943     0.000194926     0.000194952     0.000106086     1.31223e-05     0.000151854
1370     6.19794e-05     0.00034398     0.000343951     0.000343996     0.000187233     2.21061e-05     0.000268251
1374     5.31252e-05     0.000297405     0.000297379     0.000297419     0.000161335     1.71302e-05     0.000231877
1378     4.4271e-05     0.000249126     0.000249104     0.000249138     0.000134728     1.3101e-05     0.00019413
1382     7.08336e-05     0.000401537     0.000401502     0.000401556     0.000216758     1.90289e-05     0.000313014
1386     6.19794e-05     0.000354042     0.000354011     0.000354058     0.000191317     1.65419e-05     0.000276242
1390     3.54168e-05     0.000204208     0.00020419     0.000204217     0.00010993     7.89883e-06     0.000159318
1394     8.8542e-05     0.000513592     0.000513548     0.000513616     0.000276101     1.85038e-05     0.000400649
1398     4.4271e-05     0.00025813     0.000258108     0.000258143     0.000138967     8.96217e-06     0.000201641
1402     8.8542e-05     0.000520778     0.000520733     0.000520802     0.000279386     1.43362e-05     0.000406752
1406     8.8542e-06     5.24622e-05     5.24577e-05     5.24646e-05     2.81713e-05     1.32331e-06     4.10285e-05
1410     3.54168e-05     0.000211309     0.000211291     0.000211319     0.000113331     4.6894e-06     0.000165274
1414     4.4271e-05     0.000266065     0.000266042     0.000266077     0.000142427     4.71348e-06     0.000208118
1418     5.31252e-05     0.00032102     0.000320993     0.000321035     0.000171375     3.82415e-06     0.000251084
1422     3.54168e-05     0.000215819     0.0002158     0.000215829     0.000114934     1.25931e-06     0.00016884
1426     1.77084e-05     0.000108718     0.000108709     0.000108724     5.78431e-05     1.4492e-07     8.51113e-05
1430     1.77084e-05     0.000109389     0.00010938     0.000109394     5.82135e-05     -1.61982e-08     8.56866e-05
1434     6.19794e-05     0.000385214     0.000385181     0.000385232     0.000205046     -6.25316e-07     0.000301921
1438     0     0     0     0     0     0     0
1442     8.8542e-06     5.58064e-05     5.58016e-05     5.5809e-05     2.96724e-05     -5.4884e-07     4.38124e-05
1446     3.54168e-05     0.000224608     0.000224589     0.000224619     0.000119102     -3.30478e-06     0.000176275
1450     5.31252e-05     0.000338881     0.000338852     0.000338897     0.000179216     -6.82193e-06     0.000265915
1454     8.8542e-06     5.70225e-05     5.70176e-05     5.70252e-05     3.0161e-05     -1.30575e-06     4.4784e-05
1458     1.77084e-05     0.000114934     0.000114924     0.000114939     6.07916e-05     -3.05149e-06     9.03581e-05
1462     3.54168e-05     0.000230914     0.000230894     0.000230924     0.000121753     -7.7984e-06     0.000181543
1466     8.8542e-06     5.82371e-05     5.82321e-05     5.82399e-05     3.06605e-05     -2.28115e-06     4.58118e-05
1470     5.31252e-05     0.000350398     0.000350368     0.000350414     0.000184466     -1.39636e-05     0.00027568
1474     8.8542e-06     5.90079e-05     5.90029e-05     5.90107e-05     3.10294e-05     -2.83162e-06     4.64956e-05
1478     4.4271e-05     0.000296242     0.000296216     0.000296256     0.000155779     -1.42158e-05     0.000233425
1482     4.4271e-05     0.000298726     0.000298701     0.00029874     0.000156962     -1.57315e-05     0.000235567
1486     2.65626e-05     0.000180081     0.000180066     0.00018009     9.45822e-05     -1.00218e-05     0.000142086
1490     8.8542e-06     6.03863e-05     6.03812e-05     6.03892e-05     3.17096e-05     -3.45059e-06     4.76589e-05
1494     2.65626e-05     0.000182434     0.000182419     0.000182443     9.55604e-05     -1.18886e-05     0.000144073
1498     5.31252e-05     0.00036697     0.000366939     0.000366988     0.000191762     -2.58793e-05     0.000289796
1502     0     0     0     0     0     0     0
1506     8.8542e-06     6.21048e-05     6.20995e-05     6.21077e-05     3.2466e-05     -4.83576e-06     4.91501e-05
1510     1.77084e-05     0.000124879     0.000124868     0.000124885     6.52725e-05     -1.02401e-05     9.89264e-05
1514     8.8542e-06     6.28526e-05     6.28472e-05     6.28556e-05     3.28522e-05     -5.15394e-06     4.97904e-05
1518     3.54168e-05     0.000252937     0.000252915     0.000252949     0.000131832     -2.25938e-05     0.000200409
1522     2.65626e-05     0.000191026     0.00019101     0.000191035     9.97278e-05     -1.74659e-05     0.000151581
1526     1.77084e-05     0.000128205     0.000128194     0.000128211     6.67744e-05     -1.25968e-05     0.000101768
1530     8.8542e-06     6.42452e-05     6.42398e-05     6.42483e-05     3.34616e-05     -6.31242e-06     5.09972e-05
1534     0     0     0     0     0     0     0
1538     8.8542e-06     6.4975e-05     6.49695e-05     6.49781e-05     3.37406e-05     -7.14368e-06     5.16378e-05
1542     0     0     0     0     0     0     0
1546     1.77084e-05     0.000131713     0.000131701     0.000131719     6.82995e-05     -1.55263e-05     0.000104795
1550     8.8542e-06     6.63608e-05     6.63552e-05     6.6364e-05     3.44095e-05     -8.24426e-06     5.28784e-05
1554     1.77084e-05     0.000133766     0.000133755     0.000133773     6.92484e-05     -1.74411e-05     0.00010665
1558     2.65626e-05     0.00020167     0.000201653     0.000201679     0.000104401     -2.62947e-05     0.000160788
1562     8.8542e-06     6.76879e-05     6.76822e-05     6.76911e-05     3.50621e-05     -9.06622e-06     5.40302e-05
1566     0     0     0     0     0     0     0
1570     8.8542e-06     6.81856e-05     6.81798e-05     6.81888e-05     3.52123e-05     -9.67456e-06     5.44372e-05
1574     8.8542e-06     6.89001e-05     6.88942e-05     6.89033e-05     3.55766e-05     -1.0386e-05     5.51164e-05
1578     8.8542e-06     6.93404e-05     6.93345e-05     6.93436e-05     3.5804e-05     -1.04524e-05     5.54687e-05
1582     0     0     0     0     0     0     0
1586     3.54168e-05     0.000279893     0.00027987     0.000279907     0.000144445     -4.48231e-05     0.000224319
1590     2.65626e-05     0.000211451     0.000211433     0.000211461     0.000109167     -3.43823e-05     0.000169597
1594     0     0     0     0     0     0     0
1598     0     0     0     0     0     0     0
1602     0     0     0     0     0     0     0
1606     2.65626e-05     0.00021601     0.000215992     0.000216021     0.000111387     -3.8011e-05     0.00017366
1610     8.8542e-06     7.23338e-05     7.23276e-05     7.23372e-05     3.72896e-05     -1.29665e-05     5.81869e-05
1614     2.65626e-05     0.000218788     0.000218769     0.000218798     0.000112931     -4.02036e-05     0.000176288
1618     1.77084e-05     0.000146304     0.000146292     0.000146311     7.53671e-05     -2.76883e-05     0.000117901
1622     1.77084e-05     0.000147307     0.000147295     0.000147314     7.57274e-05     -2.89389e-05     0.000118762
1626     1.77084e-05     0.000148281     0.000148268     0.000148288     7.63338e-05     -2.95503e-05     0.000119708
1630     0     0     0     0     0     0     0
1634     1.77084e-05     0.000150178     0.000150165     0.000150185     7.71454e-05     -3.17317e-05     0.000121412
1638     1.77084e-05     0.000150644     0.000150632     0.000150651     7.7385e-05     -3.18303e-05     0.000121789
1642     1.77084e-05     0.000151724     0.000151711     0.000151731     7.80116e-05     -3.25867e-05     0.000122811
1646     1.77084e-05     0.000152641     0.000152628     0.000152648     7.84002e-05     -3.37153e-05     0.00012364
1650     1.77084e-05     0.000153345     0.000153332     0.000153352     7.88671e-05     -3.39743e-05     0.000124313
1654     0     0     0     0     0     0     0
1658     0     0     0     0     0     0     0
1662     0     0     0     0     0     0     0
1666     8.8542e-06     7.8094e-05     7.80873e-05     7.80976e-05     4.02723e-05     -1.79678e-05     6.35054e-05
1670     2.65626e-05     0.000235808     0.000235788     0.000235819     0.000121348     -5.60147e-05     0.000191842
1674     0     0     0     0     0     0     0
1678     0     0     0     0     0     0     0
1682     8.8542e-06     8.00519e-05     8.0045e-05     8.00556e-05     4.11469e-05     -2.03219e-05     6.52957e-05
1686     8.8542e-06     8.03102e-05     8.03033e-05     8.03139e-05     4.12892e-05     -2.07651e-05     6.5573e-05
1690     8.8542e-06     8.08818e-05     8.08749e-05     8.08856e-05     4.16003e-05     -2.12678e-05     6.61098e-05
1694     8.8542e-06     8.13081e-05     8.13012e-05     8.13119e-05     4.18196e-05     -2.13799e-05     6.64583e-05
1698     2.65626e-05     0.000245255     0.000245234     0.000245267     0.000126273     -6.53925e-05     0.000200706
1702     0     0     0     0     0     0     0
1706     8.8542e-06     8.24961e-05     8.2489e-05     8.24999e-05     4.24126e-05     -2.29918e-05     6.76157e-05
1710     0     0     0     0     0     0     0
1714     8.8542e-06     8.34304e-05     8.34233e-05     8.34343e-05     4.29263e-05     -2.35953e-05     6.84597e-05
1718     8.8542e-06     8.38944e-05     8.38873e-05     8.38984e-05     4.32358e-05     -2.39719e-05     6.89319e-05
1722     8.8542e-06     8.43153e-05     8.43081e-05     8.43192e-05     4.35068e-05     -2.43903e-05     6.93631e-05
1726     1.77084e-05     0.000169551     0.000169536     0.000169559     8.74017e-05     -5.01553e-05     0.000139583
1730     8.8542e-06     8.51648e-05     8.51576e-05     8.51688e-05     4.39297e-05     -2.55675e-05     7.01879e-05
1734     1.77084e-05     0.000170911     0.000170897     0.000170919     8.81595e-05     -5.13096e-05     0.000140855
1738     0     0     0     0     0     0     0
1742     0     0     0     0     0     0     0
1746     3.54168e-05     0.00034705     0.000347021     0.000347067     0.00017948     -0.000107566     0.00028686
1750     1.77084e-05     0.00017418     0.000174165     0.000174188     8.99313e-05     -5.484e-05     0.000143983
1754     0     0     0     0     0     0     0
1758     2.65626e-05     0.000264701     0.000264679     0.000264714     0.000136916     -8.55107e-05     0.000219307
1762     0     0     0     0     0     0     0
1766     1.77084e-05     0.000178216     0.000178201     0.000178224     9.20574e-05     -5.98455e-05     0.00014788
1770     1.77084e-05     0.000178713     0.000178698     0.000178721     9.24092e-05     -6.02413e-05     0.000148395
1774     0     0     0     0     0     0     0
1778     0     0     0     0     0     0     0
1782     8.8542e-06     9.05e-05     9.04923e-05     9.05042e-05     4.69846e-05     -3.12355e-05     7.53857e-05
1786     0     0     0     0     0     0     0
1790     0     0     0     0     0     0     0
1794     8.8542e-06     9.18371e-05     9.18293e-05     9.18414e-05     4.77447e-05     -3.25418e-05     7.66605e-05
1798     0     0     0     0     0     0     0
1802     0     0     0     0     0     0     0
1806     8.8542e-06     9.32857e-05     9.32778e-05     9.32901e-05     4.85406e-05     -3.45219e-05     7.80928e-05
1810     8.8542e-06     9.39508e-05     9.39428e-05     9.39552e-05     4.88618e-05     -3.53665e-05     7.87101e-05
1814     0     0     0     0     0     0     0
1818     8.8542e-06     9.46339e-05     9.46258e-05     9.46383e-05     4.92191e-05     -3.61666e-05     7.9353e-05
1822     0     0     0     0     0     0     0
1826     0     0     0     0     0     0     0
1830     8.8542e-06     9.57983e-05     9.57901e-05     9.58027e-05     4.99919e-05     -3.72355e-05     8.05272e-05
1834     8.8542e-06     9.63903e-05     9.63821e-05     9.63948e-05     5.03346e-05     -3.793e-05     8.11071e-05
1838     8.8542e-06     9.69477e-05     9.69395e-05     9.69523e-05     5.0737e-05     -3.83899e-05     8.16854e-05
1842     0     0     0     0     0     0     0
1846     0     0     0     0     0     0     0
1850     8.8542e-06     9.82762e-05     9.82679e-05     9.82808e-05     5.14738e-05     -4.0513e-05     8.30308e-05
1854     8.8542e-06     9.87081e-05     9.86997e-05     9.87127e-05     5.18474e-05     -4.08582e-05     8.35152e-05
1858     0     0     0     0     0     0     0
1862     8.8542e-06     9.95584e-05     9.955e-05     9.9563e-05     5.23876e-05     -4.15277e-05     8.43371e-05
1866     8.8542e-06     9.97508e-05     9.97423e-05     9.97554e-05     5.24888e-05     -4.1608e-05     8.45001e-05
1870     0     0     0     0     0     0     0
1874     8.8542e-06     0.000100605     0.000100596     0.00010061     5.29669e-05     -4.30671e-05     8.53745e-05
1878     0     0     0     0     0     0     0
1882     0     0     0     0     0     0     0
1886     0     0     0     0     0     0     0
1890     8.8542e-06     0.000102463     0.000102455     0.000102468     5.40221e-05     -4.54769e-05     8.71908e-05
1894     0     0     0     0     0     0     0
1898     8.8542e-06     0.000103539     0.00010353     0.000103544     5.48878e-05     -4.63138e-05     8.83463e-05
1902     0     0     0     0     0     0     0
1906     0     0     0     0     0     0     0
1910     0     0     0     0     0     0     0
1914     1.77084e-05     0.000210414     0.000210397     0.000210424     0.000111813     -9.71285e-05     0.000180054
1918     8.8542e-06     0.000105567     0.000105558     0.000105572     5.6172e-05     -4.91453e-05     9.04297e-05
1922     0     0     0     0     0     0     0
1926     8.8542e-06     0.000106811     0.000106802     0.000106816     5.70771e-05     -5.0289e-05     9.17144e-05
1930     0     0     0     0     0     0     0
1934     1.77084e-05     0.000214819     0.000214801     0.000214829     0.000114766     -0.000102533     0.00018459
1938     0     0     0     0     0     0     0
1942     0     0     0     0     0     0     0
1946     0     0     0     0     0     0     0
1950     8.8542e-06     0.000109307     0.000109298     0.000109312     5.86886e-05     -5.32873e-05     9.42298e-05
1954     8.8542e-06     0.000110016     0.000110007     0.000110021     5.91765e-05     -5.46562e-05     9.50151e-05
1958     0     0     0     0     0     0     0
1962     8.8542e-06     0.000110783     0.000110774     0.000110788     5.97263e-05     -5.52895e-05     9.57904e-05
1966     0     0     0     0     0     0     0
1970     0     0     0     0     0     0     0
1974     0     0     0     0     0     0     0
1978     8.8542e-06     0.000112706     0.000112696     0.000112711     6.08782e-05     -5.79766e-05     9.77003e-05
1982     0     0     0     0     0     0     0
1986     0     0     0     0     0     0     0
1990     8.8542e-06     0.000113709     0.000113699     0.000113714     6.1621e-05     -5.92662e-05     9.87708e-05
1994     8.8542e-06     0.000114216     0.000114206     0.000114221     6.2033e-05     -5.98028e-05     9.93224e-05
1998     0     0     0     0     0     0     0
2002     0     0     0     0     0     0     0
2006     0     0     0     0     0     0     0
2010     0     0     0     0     0     0     0
2014     8.8542e-06     0.000116509     0.000116499     0.000116515     0.000122289     0.00012809     0.000119252
2018     0     0     0     0     0     0     0
2022     8.8542e-06     0.000117406     0.000117396     0.000117411     0.00012323     0.000129076     0.00012017
2026     0     0     0     0     0     0     0
2030     8.8542e-06     0.000118433     0.000118423     0.000118438     0.000124308     0.000130205     0.000121221
2034     0     0     0     0     0     0     0
2038     0     0     0     0     0     0     0
2042     0     0     0     0     0     0     0
2046     0     0     0     0     0     0     0
2050     8.8542e-06     0.000120848     0.000120838     0.000120854     0.000126843     0.00013286     0.000123693
2054     0     0     0     0     0     0     0
2058     0     0     0     0     0     0     0
2062     0     0     0     0     0     0     0
2066     0     0     0     0     0     0     0
2070     0     0     0     0     0     0     0
2074     0     0     0     0     0     0     0
2078     0     0     0     0     0     0     0
2082     1.77084e-05     0.00024877     0.000248748     0.000248781     0.000261111     0.000273498     0.000254626
2086     0     0     0     0     0     0     0
2090     0     0     0     0     0     0     0
2094     0     0     0     0     0     0     0
2098     8.8542e-06     0.00012653     0.00012652     0.000126536     0.000132807     0.000139107     0.000129509
2102     0     0     0     0     0     0     0
2106     0     0     0     0     0     0     0
2110     0     0     0     0     0     0     0
2114     0     0     0     0     0     0     0
2118     0     0     0     0     0     0     0
2122     0     0     0     0     0     0     0
2126     0     0     0     0     0     0     0
2130     0     0     0     0     0     0     0
2134     0     0     0     0     0     0     0
2138     0     0     0     0     0     0     0
2142     0     0     0     0     0     0     0
2146     0     0     0     0     0     0     0
2150     0     0     0     0     0     0     0
2154     0     0     0     0     0     0     0
2158     0     0     0     0     0     0     0
2162     0     0     0     0     0     0     0
2166     8.8542e-06     0.000134437     0.000134425     0.000134443     0.000141106     0.0001478     0.000137602
2170     0     0     0     0     0     0     0
2174     0     0     0     0     0     0     0
2178     0     0     0     0     0     0     0
2182     1.77084e-05     0.000272416     0.000272393     0.000272429     0.000285931     0.000299495     0.000278829
2186     0     0     0     0     0     0     0
2190     0     0     0     0     0     0     0
2194     0     0     0     0     0     0     0
2198     0     0     0     0     0     0     0
2202     0     0     0     0     0     0     0
2206     0     0     0     0     0     0     0
2210     0     0     0     0     0     0     0
2214     0     0     0     0     0     0     0
2218     0     0     0     0     0     0     0
2222     8.8542e-06     0.000140901     0.000140889     0.000140908     0.000147891     0.000154907     0.000144218
2226     0     0     0     0     0     0     0
2230     0     0     0     0     0     0     0
2234     0     0     0     0     0     0     0
2238     0     0     0     0     0     0     0
2242     0     0     0     0     0     0     0
2246     0     0     0     0     0     0     0
2250     0     0     0     0     0     0     0
2254     0     0     0     0     0     0     0
2258     0     0     0     0     0     0     0
2262     0     0     0     0     0     0     0
2266     0     0     0     0     0     0     0
2270     0     0     0     0     0     0     0
2274     8.8542e-06     0.000147027     0.000147014     0.000147034     0.000154321     0.000161641     0.000150488
2278     0     0     0     0     0     0     0
2282     0     0     0     0     0     0     0
2286     0     0     0     0     0     0     0
2290     0     0     0     0     0     0     0
2294     8.8542e-06     0.000149198     0.000149185     0.000149205     0.0001566     0.000164028     0.00015271
2298     0     0     0     0     0     0     0
2302     0     0     0     0     0     0     0
2306     0     0     0     0     0     0     0
2310     0     0     0     0     0     0     0
2314     0     0     0     0     0     0     0
2318     0     0     0     0     0     0     0
2322     0     0     0     0     0     0     0
2326     0     0     0     0     0     0     0
2330     0     0     0     0     0     0     0
2334     0     0     0     0     0     0     0
2338     0     0     0     0     0     0     0
2342     0     0     0     0     0     0     0
2346     0     0     0     0     0     0     0
2350     0     0     0     0     0     0     0
2354     0     0     0     0     0     0     0
2358     0     0     0     0     0     0     0
2362     0     0     0     0     0     0     0
2366     0     0     0     0     0     0     0
2370     0     0     0     0     0     0     0
2374     0     0     0     0     0     0     0
2378     0     0     0     0     0     0     0
2382     0     0     0     0     0     0     0
2386     0     0     0     0     0     0     0
2390     0     0     0     0     0     0     0
2394     0     0     0     0     0     0     0
2398     0     0     0     0     0     0     0
2402     0     0     0     0     0     0     0
2406     0     0     0     0     0     0     0
2410     0     0     0     0     0     0     0
2414     0     0     0     0     0     0     0
2418     0     0     0     0     0     0     0
2422     0     0     0     0     0     0     0
2426     0     0     0     0     0     0     0
2430     0     0     0     0     0     0     0
2434     0     0     0     0     0     0     0
2438     0     0     0     0     0     0     0
2442     0     0     0     0     0     0     0
2446     0     0     0     0     0     0     0
2450     0     0     0     0     0     0     0
2454     0     0     0     0     0     0     0
2458     0     0     0     0     0     0     0
2462     0     0     0     0     0     0     0
2466     0     0     0     0     0     0     0
2470     0     0     0     0     0     0     0
2474     0     0     0     0     0     0     0
2478     0     0     0     0     0     0     0
2482     0     0     0     0     0     0     0
2486     0     0     0     0     0     0     0
2490     0     0     0     0     0     0     0
2494     0     0     0     0     0     0     0
2498     8.8542e-06     0.000174223     0.000174208     0.000174231     0.000182867     0.000191541     0.000178325
2502     8.8542e-06     0.000174534     0.000174519     0.000174542     0.000183193     0.000191883     0.000178643
2506     0     0     0     0     0     0     0
2510     0     0     0     0     0     0     0
2514     0     0     0     0     0     0     0
2518     0     0     0     0     0     0     0
2522     0     0     0     0     0     0     0
2526     0     0     0     0     0     0     0
2530     0     0     0     0     0     0     0
2534     0     0     0     0     0     0     0
2538     0     0     0     0     0     0     0
2542     0     0     0     0     0     0     0
2546     0     0     0     0     0     0     0
2550     0     0     0     0     0     0     0
2554     0     0     0     0     0     0     0
2558     0     0     0     0     0     0     0
2562     0     0     0     0     0     0     0
2566     8.8542e-06     0.000182269     0.000182253     0.000182277     0.000191311     0.000200387     0.00018656
2570     0     0     0     0     0     0     0
2574     0     0     0     0     0     0     0
2578     0     0     0     0     0     0     0
2582     0     0     0     0     0     0     0
2586     0     0     0     0     0     0     0
2590     0     0     0     0     0     0     0
2594     0     0     0     0     0     0     0
2598     0     0     0     0     0     0     0
2602     0     0     0     0     0     0     0
2606     0     0     0     0     0     0     0
2610     0     0     0     0     0     0     0
2614     0     0     0     0     0     0     0
2618     0     0     0     0     0     0     0
2622     0     0     0     0     0     0     0
2626     0     0     0     0     0     0     0
2630     0     0     0     0     0     0     0
2634     0     0     0     0     0     0     0
2638     0     0     0     0     0     0     0
2642     0     0     0     0     0     0     0
2646     0     0     0     0     0     0     0
2650     0     0     0     0     0     0     0
2654     0     0     0     0     0     0     0
2658     0     0     0     0     0     0     0
2662     0     0     0     0     0     0     0
2666     0     0     0     0     0     0     0
2670     0     0     0     0     0     0     0
2674     0     0     0     0     0     0     0
2678     0     0     0     0     0     0     0
2682     8.8542e-06     0.000196854     0.000196837     0.000196863     0.00020662     0.000216421     0.000201488
2686     0     0     0     0     0     0     0
2690     0     0     0     0     0     0     0
2694     0     0     0     0     0     0     0
2698     0     0     0     0     0     0     0
2702     0     0     0     0     0     0     0
2706     0     0     0     0     0     0     0
2710     0     0     0     0     0     0     0
2714     0     0     0     0     0     0     0
2718     0     0     0     0     0     0     0
2722     0     0     0     0     0     0     0
2726     0     0     0     0     0     0     0
2730     0     0     0     0     0     0     0
2734     0     0     0     0     0     0     0
2738     0     0     0     0     0     0     0
2742     0     0     0     0     0     0     0
2746     0     0     0     0     0     0     0
2750     0     0     0     0     0     0     0
2754     0     0     0     0     0     0     0
2758     0     0     0     0     0     0     0
2762     0     0     0     0     0     0     0
2766     0     0     0     0     0     0     0
2770     0     0     0     0     0     0     0
2774     0     0     0     0     0     0     0
2778     0     0     0     0     0     0     0
2782     0     0     0     0     0     0     0
2786     0     0     0     0     0     0     0
2790     0     0     0     0     0     0     0
2794     0     0     0     0     0     0     0
2798     0     0     0     0     0     0     0
2802     0     0     0     0     0     0     0
2806     0     0     0     0     0     0     0
2810     0     0     0     0     0     0     0
2814     0     0     0     0     0     0     0
2818     0     0     0     0     0     0     0
2822     0     0     0     0     0     0     0
2826     0     0     0     0     0     0     0
2830     0     0     0     0     0     0     0
2834     0     0     0     0     0     0     0
2838     0     0     0     0     0     0     0
2842     0     0     0     0     0     0     0
2846     0     0     0     0     0     0     0
2850     0     0     0     0     0     0     0
2854     0     0     0     0     0     0     0
2858     0     0     0     0     0     0     0
2862     0     0     0     0     0     0     0
2866     0     0     0     0     0     0     0
2870     0     0     0     0     0     0     0
2874     0     0     0     0     0     0     0
2878     0     0     0     0     0     0     0
2882     0     0     0     0     0     0     0
2886     0     0     0     0     0     0     0
2890     0     0     0     0     0     0     0
2894     0     0     0     0     0     0     0
2898     0     0     0     0     0     0     0
2902     0     0     0     0     0     0     0
2906     0     0     0     0     0     0     0
2910     0     0     0     0     0     0     0
2914     0     0     0     0     0     0     0
2918     0     0     0     0     0     0     0
2922     0     0     0     0     0     0     0
2926     0     0     0     0     0     0     0
2930     0     0     0     0     0     0     0
2934     0     0     0     0     0     0     0
2938     0     0     0     0     0     0     0
2942     0     0     0     0     0     0     0
2946     0     0     0     0     0     0     0
2950     0     0     0     0     0     0     0
2954     0     0     0     0     0     0     0
2958     0     0     0     0     0     0     0
2962     0     0     0     0     0     0     0
2966     0     0     0     0     0     0     0
2970     0     0     0     0     0     0     0
2974     0     0     0     0     0     0     0
2978     0     0     0     0     0     0     0
2982     0     0     0     0     0     0     0
2986     0     0     0     0     0     0     0
2990     0     0     0     0     0     0     0
2994     0     0     0     0     0     0     0
2998     0     0     0     0     0     0     0
3002     0     0     0     0     0     0     0
3006     0     0     0     0     0     0     0
3010     0     0     0     0     0     0     0
3014     0     0     0     0     0     0     0
3018     0     0     0     0     0     0     0
3022     0     0     0     0     0     0     0
3026     0     0     0     0     0     0     0
3030     0     0     0     0     0     0     0
3034     0     0     0     0     0     0     0
3038     0     0     0     0     0     0     0
3042     0     0     0     0     0     0     0
3046     0     0     0     0     0     0     0
3050     0     0     0     0     0     0     0
3054     0     0     0     0     0     0     0
3058     0     0     0     0     0     0     0
3062     0     0     0     0     0     0     0
3066     0     0     0     0     0     0     0
3070     0     0     0     0     0     0     0
3074     0     0     0     0     0     0     0
3078     0     0     0     0     0     0     0
3082     0     0     0     0     0     0     0
3086     0     0     0     0     0     0     0
3090     0     0     0     0     0     0     0
3094     0     0     0     0     0     0     0
3098     0     0     0     0     0     0     0
3102     0     0     0     0     0     0     0
3106     0     0     0     0     0     0     0
3110     0     0     0     0     0     0     0
3114     0     0     0     0     0     0     0
3118     0     0     0     0     0     0     0
3122     0     0     0     0     0     0     0
3126     0     0     0     0     0     0     0
3130     0     0     0     0     0     0     0
3134     0     0     0     0     0     0     0
3138     0     0     0     0     0     0     0
3142     0     0     0     0     0     0     0
3146     0     0     0     0     0     0     0
3150     0     0     0     0     0     0     0
3154     0     0     0     0     0     0     0
3158     0     0     0     0     0     0     0
3162     0     0     0     0     0     0     0
3166     0     0     0     0     0     0     0
3170     0     0     0     0     0     0     0
3174     0     0     0     0     0     0     0
3178     0     0     0     0     0     0     0
3182     0     0     0     0     0     0     0
3186     0     0     0     0     0     0     0
3190     0     0     0     0     0     0     0
3194     0     0     0     0     0     0     0
3198     0     0     0     0     0     0     0
3202     0     0     0     0     0     0     0
3206     0     0     0     0     0     0     0
3210     0     0     0     0     0     0     0
3214     0     0     0     0     0     0     0
3218     0     0     0     0     0     0     0
3222     0     0     0     0     0     0     0
3226     0     0     0     0     0     0     0
3230     0     0     0     0     0     0     0
3234     0     0     0     0     0     0     0
3238     0     0     0     0     0     0     0
3242     0     0     0     0     0     0     0
3246     0     0     0     0     0     0     0
3250     0     0     0     0     0     0     0
3254     0     0     0     0     0     0     0
3258     0     0     0     0     0     0     0
3262     0     0     0     0     0     0     0
3266     0     0     0     0     0     0     0
3270     0     0     0     0     0     0     0
3274     0     0     0     0     0     0     0
3278     0     0     0     0     0     0     0
3282     0     0     0     0     0     0     0
3286     0     0     0     0     0     0     0
3290     0     0     0     0     0     0     0
3294     0     0     0     0     0     0     0
3298     0     0     0     0     0     0     0
3302     0     0     0     0     0     0     0
3306     0     0     0     0     0     0     0
3310     0     0     0     0     0     0     0
3314     0     0     0     0     0     0     0
3318     0     0     0     0     0     0     0
3322     0     0     0     0     0     0     0
3326     0     0     0     0     0     0     0
3330     0     0     0     0     0     0     0
3334     0     0     0     0     0     0     0
3338     0     0     0     0     0     0     0
3342     0     0     0     0     0     0     0
3346     0     0     0     0     0     0     0
3350     0     0     0     0     0     0     0
3354     0     0     0     0     0     0     0
3358     0     0     0     0     0     0     0
3362     0     0     0     0     0     0     0
3366     0     0     0     0     0     0     0
3370     0     0     0     0     0     0     0
3374     0     0     0     0     0     0     0
3378     0     0     0     0     0     0     0
3382     0     0     0     0     0     0     0
3386     0     0     0     0     0     0     0
3390     0     0     0     0     0     0     0
3394     0     0     0     0     0     0     0
3398     0     0     0     0     0     0     0
3402     0     0     0     0     0     0     0
3406     0     0     0     0     0     0     0
3410     0     0     0     0     0     0     0
3414     0     0     0     0     0     0     0
3418     0     0     0     0     0     0     0
3422     0     0     0     0     0     0     0
3426     0     0     0     0     0     0     0
3430     0     0     0     0     0     0     0
3434     0     0     0     0     0     0     0
3438     0     0     0     0     0     0     0
3442     0     0     0     0     0     0     0
3446     0     0     0     0     0     0     0
3450     0     0     0     0     0     0     0
3454     0     0     0     0     0     0     0
3458     0     0     0     0     0     0     0
3462     0     0     0     0     0     0     0
3466     0     0     0     0     0     0     0
3470     0     0     0     0     0     0     0
3474     0     0     0     0     0     0     0
3478     0     0     0     0     0     0     0
3482     0     0     0     0     0     0     0
3486     0     0     0     0     0     0     0
3490     0     0     0     0     0     0     0
3494     0     0     0     0     0     0     0
3498     0     0     0     0     0     0     0
3502     0     0     0     0     0     0     0
3506     0     0     0     0     0     0     0
3510     0     0     0     0     0     0     0
3514     0     0     0     0     0     0     0
3518     0     0     0     0     0     0     0
3522     0     0     0     0     0     0     0
3526     0     0     0     0     0     0     0
3530     0     0     0     0     0     0     0
3534     0     0     0     0     0     0     0
3538     0     0     0     0     0     0     0
3542     0     0     0     0     0     0     0
3546     0     0     0     0     0     0     0
3550     0     0     0     0     0     0     0
3554     0     0     0     0     0     0     0
3558     0     0     0     0     0     0     0
3562     0     0     0     0     0     0     0
3566     0     0     0     0     0     0     0
3570     0     0     0     0     0     0     0
3574     0     0     0     0     0     0     0
3578     0     0     0     0     0     0     0
3582     0     0     0     0     0     0     0
3586     0     0     0     0     0     0     0
3590     0     0     0     0     0     0     0
3594     0     0     0     0     0     0     0
3598     0     0     0     0     0     0     0
3602     0     0     0     0     0     0     0
3606     0     0     0     0     0     0     0
3610     0     0     0     0     0     0     0
3614     0     0     0     0     0     0     0
3618     0     0     0     0     0     0     0
3622     0     0     0     0     0     0     0
3626     0     0     0     0     0     0     0
3630     0     0     0     0     0     0     0
3634     0     0     0     0     0     0     0
3638     0     0     0     0     0     0     0
3642     0     0     0     0     0     0     0
3646     0     0     0     0     0     0     0
3650     0     0     0     0     0     0     0
3654     0     0     0     0     0     0     0
3658     0     0     0     0     0     0     0
3662     0     0     0     0     0     0     0
3666     0     0     0     0     0     0     0
3670     0     0     0     0     0     0     0
3674     0     0     0     0     0     0     0
3678     0     0     0     0     0     0     0
3682     0     0     0     0     0     0     0
3686     0     0     0     0     0     0     0
3690     0     0     0     0     0     0     0
3694     0     0     0     0     0     0     0
3698     0     0     0     0     0     0     0
3702     0     0     0     0     0     0     0
3706     0     0     0     0     0     0     0
3710     0     0     0     0     0     0     0
3714     0     0     0     0     0     0     0
3718     0     0     0     0     0     0     0
3722     0     0     0     0     0     0     0
3726     0     0     0     0     0     0     0
3730     0     0     0     0     0     0     0
3734     0     0     0     0     0     0     0
3738     0     0     0     0     0     0     0
3742     0     0     0     0     0     0     0
3746     0     0     0     0     0     0     0
3750     0     0     0     0     0     0     0
3754     0     0     0     0     0     0     0
3758     0     0     0     0     0     0     0
3762     0     0     0     0     0     0     0
3766     0     0     0     0     0     0     0
3770     0     0     0     0     0     0     0
3774     0     0     0     0     0     0     0
3778     0     0     0     0     0     0     0
3782     0     0     0     0     0     0     0
3786     0     0     0     0     0     0     0
3790     0     0     0     0     0     0     0
3794     0     0     0     0     0     0     0
3798     0     0     0     0     0     0     0
3802     0     0     0     0     0     0     0
3806     0     0     0     0     0     0     0
3810     0     0     0     0     0     0     0
3814     0     0     0     0     0     0     0
3818     0     0     0     0     0     0     0
3822     0     0     0     0     0     0     0
3826     0     0     0     0     0     0     0
3830     0     0     0     0     0     0     0
3834     0     0     0     0     0     0     0
3838     0     0     0     0     0     0     0
3842     0     0     0     0     0     0     0
3846     0     0     0     0     0     0     0
3850     0     0     0     0     0     0     0
3854     0     0     0     0     0     0     0
3858     0     0     0     0     0     0     0
3862     0     0     0     0     0     0     0
3866     0     0     0     0     0     0     0
3870     0     0     0     0     0     0     0
3874     0     0     0     0     0     0     0
3878     0     0     0     0     0     0     0
3882     0     0     0     0     0     0     0
3886     0     0     0     0     0     0     0
3890     0     0     0     0     0     0     0
3894     0     0     0     0     0     0     0
3898     0     0     0     0     0     0     0
3902     0     0     0     0     0     0     0
3906     0     0     0     0     0     0     0
3910     0     0     0     0     0     0     0
3914     0     0     0     0     0     0     0
3918     0     0     0     0     0     0     0
3922     0     0     0     0     0     0     0
3926     0     0     0     0     0     0     0
3930     0     0     0     0     0     0     0
3934     0     0     0     0     0     0     0
3938     0     0     0     0     0     0     0
3942     0     0     0     0     0     0     0
3946     0     0     0     0     0     0     0
3950     0     0     0     0     0     0     0
3954     0     0     0     0     0     0     0
3958     0     0     0     0     0     0     0
3962     0     0     0     0     0     0     0
3966     0     0     0     0     0     0     0
3970     0     0     0     0     0     0     0
3974     0     0     0     0     0     0     0
3978     0     0     0     0     0     0     0
3982     0     0     0     0     0     0     0
3986     0     0     0     0     0     0     0
3990     0     0     0     0     0     0     0
3994     0     0     0     0     0     0     0
3998     0     0     0     0     0     0     0
