2     0     0     0     0     0     0     0
6     0     0     0     0     0     0     0
10     0     0     0     0     0     0     0
14     0.000118315     2.14158e-07     2.14158e-07     2.14158e-07     2.19528e-07     2.22272e-07     2.17668e-07
18     0.000177472     2.2915e-07     2.2915e-07     2.2915e-07     2.34895e-07     2.37831e-07     2.32905e-07
22     0.000118315     1.2111e-07     1.2111e-07     1.2111e-07     1.24147e-07     1.25699e-07     1.23095e-07
26     0.000276068     2.25087e-07     2.25087e-07     2.25087e-07     2.30731e-07     2.33615e-07     2.28775e-07
30     0.000276068     1.85533e-07     1.85533e-07     1.85533e-07     1.90185e-07     1.92562e-07     1.88573e-07
34     0.000335225     1.90318e-07     1.90318e-07     1.90318e-07     1.9509e-07     1.97528e-07     1.93436e-07
38     0.000433821     2.1393e-07     2.1393e-07     2.1393e-07     2.19294e-07     2.22035e-07     2.17436e-07
42     0.00023663     9.91088e-08     9.91088e-08     9.91088e-08     1.01594e-07     1.02864e-07     1.00733e-07
46     0.000374663     1.40338e-07     1.40338e-07     1.40338e-07     1.43857e-07     1.45655e-07     1.42638e-07
50     0.000749327     2.51788e-07     2.51788e-07     2.51788e-07     2.58101e-07     2.61327e-07     2.55914e-07
54     0.000828203     2.54502e-07     2.54502e-07     2.54502e-07     2.60883e-07     2.64144e-07     2.58672e-07
58     0.000966237     2.70944e-07     2.70944e-07     2.70944e-07     2.77738e-07     2.81209e-07     2.75384e-07
62     0.00104511     2.7343e-07     2.7343e-07     2.7343e-07     2.80286e-07     2.83789e-07     2.77911e-07
66     0.000690169     1.69826e-07     1.69826e-07     1.69826e-07     1.74084e-07     1.7626e-07     1.72609e-07
70     0.000749327     1.7513e-07     1.7513e-07     1.7513e-07     1.79521e-07     1.81765e-07     1.78e-07
74     0.000926799     2.07584e-07     2.07584e-07     2.07584e-07     2.12789e-07     2.15448e-07     2.10986e-07
78     0.00104511     2.26294e-07     2.26294e-07     2.26294e-07     2.31968e-07     2.34867e-07     2.30002e-07
82     0.000966237     2.04563e-07     2.04563e-07     2.04563e-07     2.09692e-07     2.12313e-07     2.07916e-07
86     0.00108455     2.2626e-07     2.2626e-07     2.2626e-07     2.31933e-07     2.34832e-07     2.29967e-07
90     0.00128174     2.65375e-07     2.65375e-07     2.65375e-07     2.72029e-07     2.75429e-07     2.69724e-07
94     0.0014395     2.97547e-07     2.97547e-07     2.97547e-07     3.05008e-07     3.0882e-07     3.02423e-07
98     0.00122259     2.53797e-07     2.53797e-07     2.53797e-07     2.60161e-07     2.63412e-07     2.57956e-07
102     0.0014395     3.01176e-07     3.01176e-07     3.01176e-07     3.08728e-07     3.12587e-07     3.06112e-07
106     0.00128174     2.72118e-07     2.72118e-07     2.72118e-07     2.78941e-07     2.82428e-07     2.76577e-07
110     0.00147893     3.21106e-07     3.21106e-07     3.21106e-07     3.29157e-07     3.33272e-07     3.26368e-07
114     0.00155781     3.51564e-07     3.51564e-07     3.51564e-07     3.6038e-07     3.64884e-07     3.57326e-07
118     0.00151837     3.60941e-07     3.60941e-07     3.60941e-07     3.69991e-07     3.74616e-07     3.66856e-07
122     0.00207051     5.28299e-07     5.28299e-07     5.28299e-07     5.41546e-07     5.48315e-07     5.36957e-07
126     0.00205079     5.7664e-07     5.7664e-07     5.7664e-07     5.91099e-07     5.98487e-07     5.8609e-07
130     0.00209023     6.67376e-07     6.67376e-07     6.67376e-07     6.8411e-07     6.92661e-07     6.78313e-07
134     0.00187332     7.01143e-07     7.01143e-07     7.01143e-07     7.18724e-07     7.27707e-07     7.12633e-07
138     0.00234658     1.0406e-06     1.0406e-06     1.0406e-06     1.06669e-06     1.08003e-06     1.05765e-06
142     0.00167613     9.1911e-07     9.1911e-07     9.1911e-07     9.42156e-07     9.53932e-07     9.34172e-07
146     0.00264236     1.87829e-06     1.87829e-06     1.87829e-06     1.92539e-06     1.94946e-06     1.90907e-06
150     0.00254377     2.50753e-06     2.50753e-06     2.50753e-06     2.57041e-06     2.60253e-06     2.54862e-06
154     0.00252405     3.81297e-06     3.81297e-06     3.81297e-06     3.90858e-06     3.95743e-06     3.87546e-06
158     0.00270152     7.60565e-06     7.60565e-06     7.60565e-06     7.79635e-06     7.8938e-06     7.73029e-06
162     0.00311562     2.43574e-05     2.43574e-05     2.43574e-05     2.49681e-05     2.52802e-05     2.47566e-05
166     0.00256349     3.66505e-05     3.66505e-05     3.66505e-05     3.75694e-05     3.8039e-05     3.72511e-05
170     0.00289871     5.46364e-05     5.46364e-05     5.46364e-05     5.60063e-05     5.67064e-05     5.55317e-05
174     0.00293815     6.82175e-05     6.82175e-05     6.82175e-05     6.99279e-05     7.0802e-05     6.93354e-05
178     0.00356916     9.67112e-05     9.67112e-05     9.67112e-05     9.91362e-05     0.000100375     9.82961e-05
182     0.00311562     0.000101959     0.000101959     0.000101959     0.000104515     0.000105822     0.00010363
186     0.00372691     0.000148856     0.000148856     0.000148856     0.000152589     0.000154496     0.000151296
190     0.00376635     0.000173248     0.000173248     0.000173248     0.000177592     0.000179812     0.000176087
194     0.00390439     0.000204014     0.000204014     0.000204014     0.000209129     0.000211743     0.000207357
198     0.00404242     0.000233312     0.000233312     0.000233312     0.000239162     0.000242151     0.000237135
202     0.00386495     0.000244247     0.000244247     0.000244247     0.000250372     0.000253501     0.00024825
206     0.00416074     0.000285366     0.000285366     0.000285366     0.000292521     0.000296177     0.000290042
210     0.00457484     0.000339958     0.000339958     0.000339958     0.000349652     0.000354534     0.000346344
214     0.00425933     0.000341016     0.000341016     0.000341016     0.000351836     0.00035723     0.000348184
218     0.00532416     0.000456385     0.000456385     0.000456385     0.000470999     0.000478282     0.000466068
222     0.00447624     0.000409239     0.000409239     0.000409239     0.000422557     0.000429186     0.000418068
226     0.00469315     0.000456642     0.000456642     0.000456642     0.000471712     0.000479206     0.000466638
230     0.00526501     0.000544718     0.000544718     0.000544718     0.000562932     0.00057198     0.000556806
234     0.00544248     0.000596947     0.000596947     0.000596947     0.000617151     0.000627177     0.000610361
238     0.00561995     0.000651843     0.000651843     0.000651843     0.000674316     0.000685452     0.000666775
242     0.00646787     0.000793331     0.000793331     0.000793331     0.000821025     0.000834736     0.000811739
246     0.00589602     0.000761079     0.000761079     0.000761079     0.000788141     0.000801522     0.000779077
250     0.00601433     0.000818833     0.000818833     0.000818833     0.000848458     0.000863082     0.00083855
254     0.00607349     0.000868895     0.000868895     0.000868895     0.000900947     0.000916734     0.000890249
258     0.00666506     0.00100273     0.00100273     0.00100273     0.00104028     0.00105873     0.00102777
262     0.00735523     0.00115829     0.00115829     0.00115829     0.00120268     0.00122443     0.00118792
266     0.0071186     0.00117525     0.00117525     0.00117525     0.00122117     0.00124365     0.00120593
270     0.00757214     0.00130697     0.00130697     0.00130697     0.001359     0.00138444     0.00134175
274     0.00780877     0.0014102     0.0014102     0.0014102     0.00146774     0.00149583     0.00144869
278     0.00788765     0.00148828     0.00148828     0.00148828     0.00155046     0.00158077     0.0015299
282     0.00861726     0.00169716     0.00169716     0.00169716     0.00176976     0.00180507     0.00174579
286     0.00871585     0.00178969     0.00178969     0.00178969     0.00186792     0.00190588     0.00184214
290     0.00903136     0.00192997     0.00192997     0.00192997     0.00201681     0.00205884     0.00198826
294     0.0100568     0.00223429     0.00223429     0.00223429     0.00233799     0.00238811     0.00230394
298     0.00985956     0.00227777     0.00227777     0.00227777     0.00238676     0.00243936     0.00235101
302     0.0106878     0.00256426     0.00256426     0.00256426     0.00269067     0.00275158     0.00264927
306     0.0114963     0.00286454     0.00286454     0.00286454     0.00301127     0.00308176     0.00296333
310     0.0114174     0.00294687     0.00294687     0.00294687     0.00310193     0.00317624     0.00305136
314     0.011161     0.00299013     0.00299013     0.00299013     0.00315402     0.00323232     0.00310071
318     0.0131132     0.00363785     0.00363785     0.00363785     0.00384553     0.00394447     0.00377812
322     0.014671     0.0042099     0.0042099     0.0042099     0.00446108     0.00458041     0.00437974
326     0.0140006     0.00414824     0.00414824     0.00414824     0.00440699     0.00452958     0.00432339
330     0.0164063     0.00501697     0.00501697     0.00501697     0.00534394     0.00549834     0.00523857
334     0.0159725     0.00504233     0.00504233     0.00504233     0.00539126     0.0055552     0.00527925
338     0.0163669     0.00532869     0.00532869     0.00532869     0.00571569     0.00589662     0.00559192
342     0.018812     0.0063237     0.0063237     0.0063237     0.00681143     0.00703826     0.00665606
346     0.0193839     0.00673756     0.00673756     0.00673756     0.00729964     0.00756064     0.00712084
350     0.0214544     0.00776011     0.00776011     0.00776011     0.00845886     0.00878292     0.00823683
354     0.0220657     0.00834469     0.00834469     0.00834469     0.00915491     0.00953068     0.00889756
358     0.0229728     0.00910755     0.00910755     0.00910755     0.010054     0.0104934     0.00975314
362     0.0275279     0.0114318     0.0114318     0.0114318     0.0127077     0.0133001     0.0123021
366     0.0291054     0.0126249     0.0126249     0.0126249     0.0141387     0.0148415     0.0136576
370     0.0293618     0.0132919     0.0132919     0.0132919     0.0149957     0.0157869     0.0144542
374     0.0334436     0.0158039     0.0158039     0.0158039     0.0179635     0.0189672     0.0172767
378     0.0376438     0.0185637     0.0185637     0.0185637     0.0212497     0.0224997     0.0203947
382     0.0426328     0.0219029     0.0219029     0.0219029     0.025265     0.0268317     0.0241939
386     0.0450582     0.0240542     0.0240542     0.0240542     0.0279388     0.0297506     0.0267001
390     0.0502246     0.0278309     0.0278309     0.0278309     0.0325389     0.0347374     0.0310364
394     0.0586052     0.0336492     0.0336492     0.0336492     0.0395657     0.0423312     0.0376758
398     0.0636928     0.0378854     0.0378854     0.0378854     0.0447574     0.0479736     0.0425599
402     0.0719945     0.0443593     0.0443593     0.0443593     0.0525491     0.0563881     0.0499265
406     0.0860346     0.0549252     0.0549252     0.0549252     0.0651771     0.0699918     0.0618893
410     0.0962491     0.0637251     0.0637251     0.0637251     0.0755469     0.0811088     0.0717497
414     0.113247     0.0777688     0.0777688     0.0777688     0.0919559     0.0986403     0.087393
418     0.13129     0.0936825     0.0936825     0.0936825     0.110132     0.117896     0.104833
422     0.154598     0.114899     0.114899     0.114899     0.133973     0.142999     0.127814
426     0.1811     0.140857     0.140857     0.140857     0.162361     0.172571     0.155398
430     0.213124     0.174584     0.174584     0.174584     0.198493     0.209882     0.190729
434     0.247554     0.21532     0.21532     0.21532     0.240827     0.253015     0.232519
438     0.282122     0.262858     0.262858     0.262858     0.288652     0.301034     0.280215
442     0.311109     0.312724     0.312724     0.312724     0.336813     0.348465     0.328879
446     0.328166     0.355796     0.355796     0.355796     0.375528     0.385194     0.368956
450     0.333076     0.386     0.386     0.386     0.399132     0.405713     0.394664
454     0.305528     0.3718     0.3718     0.3718     0.376895     0.379651     0.375033
458     0.278119     0.348437     0.348437     0.348437     0.346276     0.345563     0.346776
462     0.236866     0.300708     0.300708     0.300708     0.293389     0.290189     0.295584
466     0.201352     0.256568     0.256568     0.256568     0.246036     0.241283     0.249291
470     0.168066     0.21404     0.21404     0.21404     0.201859     0.196298     0.205669
474     0.141386     0.179805     0.179805     0.179805     0.167098     0.161257     0.171099
478     0.114667     0.145782     0.145782     0.145782     0.133646     0.128035     0.137487
482     0.0988323     0.125878     0.125878     0.125878     0.113987     0.108458     0.117769
486     0.0827415     0.105808     0.105808     0.105808     0.0947621     0.089598     0.0982908
490     0.0727439     0.0935633     0.0935633     0.0935633     0.0829723     0.0780025     0.0863668
494     0.0605574     0.0784474     0.0784474     0.0784474     0.0689387     0.0644689     0.0719917
498     0.0534191     0.06978     0.06978     0.06978     0.0608228     0.0566094     0.0637019
502     0.0472667     0.0623376     0.0623376     0.0623376     0.0539439     0.0499904     0.0566453
506     0.0395171     0.0526713     0.0526713     0.0526713     0.0452784     0.0417889     0.0476624
510     0.0364607     0.0491609     0.0491609     0.0491609     0.0420104     0.0386244     0.0443222
514     0.0323985     0.044221     0.044221     0.044221     0.0375839     0.0344294     0.0397362
518     0.0284547     0.0393331     0.0393331     0.0393331     0.0332637     0.0303687     0.0352374
522     0.0243334     0.034065     0.034065     0.034065     0.0286775     0.0261008     0.0304333
526     0.0227756     0.0323121     0.0323121     0.0323121     0.0270863     0.024583     0.0287916
530     0.0212178     0.0304892     0.0304892     0.0304892     0.0254512     0.023038     0.0270963
534     0.018536     0.0269823     0.0269823     0.0269823     0.0224407     0.0202665     0.0239234
538     0.0178261     0.0262904     0.0262904     0.0262904     0.021789     0.0196363     0.0232582
542     0.0150851     0.0225469     0.0225469     0.0225469     0.0186206     0.0167438     0.0199021
546     0.0145527     0.0220531     0.0220531     0.0220531     0.0181621     0.0163015     0.0194328
550     0.0136851     0.0210417     0.0210417     0.0210417     0.0172608     0.0154515     0.0184967
554     0.0112991     0.0176209     0.0176209     0.0176209     0.0144201     0.0128869     0.0154674
558     0.0114174     0.0180606     0.0180606     0.0180606     0.0147356     0.0131406     0.0158249
562     0.0110427     0.0176842     0.0176842     0.0176842     0.0143999     0.0128213     0.0154776
566     0.00877501     0.0142182     0.0142182     0.0142182     0.0115509     0.0102657     0.0124279
570     0.00903136     0.0148183     0.0148183     0.0148183     0.0120099     0.0106543     0.0129347
574     0.00816372     0.0135792     0.0135792     0.0135792     0.0109669     0.00970498     0.0118278
578     0.00800597     0.0135071     0.0135071     0.0135071     0.0108913     0.00962754     0.0117537
582     0.00713832     0.012208     0.012208     0.012208     0.00981778     0.00866244     0.0106064
586     0.00662563     0.011476     0.011476     0.011476     0.00920601     0.00810772     0.00995565
590     0.00646787     0.0113566     0.0113566     0.0113566     0.00909163     0.00799433     0.00984044
594     0.00567911     0.0101295     0.0101295     0.0101295     0.00808987     0.00710027     0.00876505
598     0.00524529     0.00950483     0.00950483     0.00950483     0.00757183     0.00663246     0.00821266
602     0.00522557     0.00959806     0.00959806     0.00959806     0.0076237     0.00666211     0.00827938
606     0.00524529     0.00973936     0.00973936     0.00973936     0.00772672     0.0067444     0.00839628
610     0.00439737     0.00826233     0.00826233     0.00826233     0.00653737     0.0056939     0.00711211
614     0.00465371     0.00885727     0.00885727     0.00885727     0.00699529     0.00608402     0.00761621
618     0.00429877     0.00829806     0.00829806     0.00829806     0.00653874     0.00567739     0.00712571
622     0.00347057     0.00679957     0.00679957     0.00679957     0.00534181     0.00462763     0.00582857
626     0.00343113     0.00681012     0.00681012     0.00681012     0.00534384     0.00462471     0.00583386
630     0.00404242     0.00812257     0.00812257     0.00812257     0.00635353     0.00548491     0.0069454
634     0.00333253     0.0067708     0.0067708     0.0067708     0.00529001     0.0045621     0.00578593
638     0.00301703     0.00620707     0.00620707     0.00620707     0.00483683     0.00416233     0.00529631
642     0.00305646     0.00637335     0.00637335     0.00637335     0.00495502     0.00425557     0.00543132
646     0.00293815     0.00621131     0.00621131     0.00621131     0.00481583     0.00412646     0.00528517
650     0.00230714     0.00494974     0.00494974     0.00494974     0.00382759     0.00327259     0.0042054
654     0.00301703     0.00655919     0.00655919     0.00655919     0.00506401     0.00432435     0.00556768
658     0.00274096     0.00603604     0.00603604     0.00603604     0.00464474     0.00395625     0.00511361
662     0.00232686     0.00518873     0.00518873     0.00518873     0.00398218     0.00338444     0.00438921
666     0.00230714     0.00521179     0.00521179     0.00521179     0.00398871     0.00338138     0.00440201
670     0.00199163     0.00455393     0.00455393     0.00455393     0.00348184     0.00294841     0.00384472
674     0.00224798     0.00520014     0.00520014     0.00520014     0.00396637     0.00335167     0.00438438
678     0.00159725     0.00373871     0.00373871     0.00373871     0.002844     0.00239792     0.00314734
682     0.00165641     0.0039185     0.0039185     0.0039185     0.00297865     0.00250994     0.00329748
686     0.00193247     0.00462048     0.00462048     0.00462048     0.0035002     0.00294111     0.00388055
690     0.00149865     0.00362558     0.00362558     0.00362558     0.00273853     0.00229526     0.00304007
694     0.00114371     0.00280059     0.00280059     0.00280059     0.00210975     0.00176371     0.00234497
698     0.00165641     0.00410629     0.00410629     0.00410629     0.00308771     0.00257632     0.00343514
702     0.00147893     0.0037101     0.0037101     0.0037101     0.00278593     0.00232114     0.00310157
706     0.00140006     0.00355267     0.00355267     0.00355267     0.00266141     0.00221269     0.00296614
710     0.0014395     0.0037001     0.0037001     0.0037001     0.00276031     0.00228672     0.00308191
714     0.00126202     0.00328595     0.00328595     0.00328595     0.00244739     0.0020245     0.00273456
718     0.00126202     0.00333003     0.00333003     0.00333003     0.00247366     0.00204122     0.00276728
722     0.00112399     0.00299777     0.00299777     0.00299777     0.00221867     0.00182445     0.00248617
726     0.000867642     0.00233951     0.00233951     0.00233951     0.00172699     0.00141631     0.00193767
730     0.00112399     0.00306175     0.00306175     0.00306175     0.00225853     0.00185028     0.00253526
734     0.00106483     0.00293134     0.00293134     0.00293134     0.00215567     0.00176099     0.00242319
738     0.00120287     0.00335086     0.00335086     0.00335086     0.00245794     0.00200304     0.00276619
742     0.00104511     0.00295233     0.00295233     0.00295233     0.00215738     0.00175171     0.00243218
746     0.00090708     0.00259232     0.00259232     0.00259232     0.00189255     0.00153479     0.00213483
750     0.00104511     0.00302279     0.00302279     0.00302279     0.00219926     0.00177735     0.00248482
754     0.00090708     0.0026524     0.0026524     0.0026524     0.00192429     0.00155082     0.00217701
758     0.000946518     0.00279619     0.00279619     0.00279619     0.00202561     0.00163001     0.00229332
762     0.000926799     0.00276343     0.00276343     0.00276343     0.00199705     0.00160308     0.00226355
766     0.00104511     0.00315062     0.00315062     0.00315062     0.00227514     0.00182427     0.00258004
770     0.000808484     0.00246856     0.00246856     0.00246856     0.00177368     0.00141506     0.00201605
774     0.000729608     0.00225528     0.00225528     0.00225528     0.00161565     0.00128503     0.00183906
778     0.000749327     0.00234437     0.00234437     0.00234437     0.0016759     0.00132971     0.0019097
782     0.000571855     0.00180729     0.00180729     0.00180729     0.00129048     0.00102231     0.0014715
786     0.000867642     0.00277287     0.00277287     0.00277287     0.0019714     0.00155442     0.0022527
790     0.000709889     0.00229113     0.00229113     0.00229113     0.00162387     0.00127598     0.00185844
794     0.000650731     0.00212202     0.00212202     0.00212202     0.00150279     0.00117939     0.00172076
798     0.000354944     0.00117125     0.00117125     0.00117125     0.000826122     0.000645621     0.000947746
802     0.000591574     0.0019736     0.0019736     0.0019736     0.0013898     0.00108405     0.00159577
806     0.000571855     0.00193123     0.00193123     0.00193123     0.00135522     0.00105291     0.00155875
810     0.000611293     0.00208611     0.00208611     0.00208611     0.00146172     0.00113335     0.00168269
814     0.00045354     0.0015671     0.0015671     0.0015671     0.00109348     0.000843683     0.00126142
818     0.000591574     0.00206489     0.00206489     0.00206489     0.00144061     0.0011108     0.00166224
822     0.00045354     0.00159962     0.00159962     0.00159962     0.001113     0.000855902     0.00128581
826     0.000354944     0.00126541     0.00126541     0.00126541     0.000877412     0.000672536     0.00101519
830     0.000492978     0.00177683     0.00177683     0.00177683     0.00122698     0.000936037     0.00142254
834     0.000512697     0.00186776     0.00186776     0.00186776     0.00128639     0.000977019     0.00149391
838     0.000374663     0.0013801     0.0013801     0.0013801     0.000949025     0.000718208     0.00110357
842     0.000433821     0.00161487     0.00161487     0.00161487     0.00110591     0.000832804     0.00128865
846     0.000374663     0.00140928     0.00140928     0.00140928     0.00096318     0.000724133     0.00112323
850     0.000315506     0.00119955     0.00119955     0.00119955     0.000819363     0.000615889     0.000955705
854     0.000394383     0.00151432     0.00151432     0.00151432     0.00102919     0.000768978     0.00120342
858     0.000354944     0.00138126     0.00138126     0.00138126     0.000938668     0.00070007     0.00109818
862     0.000473259     0.00185775     0.00185775     0.00185775     0.00125665     0.000931464     0.00147382
866     0.000512697     0.00203633     0.00203633     0.00203633     0.00137484     0.00101574     0.00161438
870     0.000354944     0.00142437     0.00142437     0.00142437     0.000957686     0.000703706     0.00112698
874     0.00045354     0.00183912     0.00183912     0.00183912     0.00123388     0.000903572     0.0014539
878     0.000157753     0.00064567     0.00064567     0.00064567     0.00043335     0.000317236     0.000510643
882     0.000394383     0.00163034     0.00163034     0.00163034     0.00108734     0.000790084     0.00128516
886     0.000295787     0.00123717     0.00123717     0.00123717     0.00082293     0.000595978     0.00097396
890     0.000354944     0.001497     0.001497     0.001497     0.000994988     0.000719357     0.00117829
894     0.000315506     0.00134798     0.00134798     0.00134798     0.000890437     0.000637718     0.00105817
898     0.000374663     0.00161802     0.00161802     0.00161802     0.00107034     0.000766175     0.00127186
902     0.000335225     0.00146146     0.00146146     0.00146146     0.000963043     0.000685518     0.00114676
906     0.000394383     0.00173896     0.00173896     0.00173896     0.0011449     0.000814231     0.00136388
910     0.000256349     0.00114249     0.00114249     0.00114249     0.000749472     0.000530655     0.000894375
914     0.000177472     0.000799652     0.000799652     0.000799652     0.000522502     0.000367758     0.000624898
918     0.000177472     0.000807341     0.000807341     0.000807341     0.000525274     0.000367151     0.000629766
922     0     0     0     0     0     0     0
926     0     0     0     0     0     0     0
930     0     0     0     0     0     0     0
934     0     0     0     0     0     0     0
938     0     0     0     0     0     0     0
942     0     0     0     0     0     0     0
946     0     0     0     0     0     0     0
950     0     0     0     0     0     0     0
954     0     0     0     0     0     0     0
958     0     0     0     0     0     0     0
962     0     0     0     0     0     0     0
966     0     0     0     0     0     0     0
970     0     0     0     0     0     0     0
974     0     0     0     0     0     0     0
978     0     0     0     0     0     0     0
982     0     0     0     0     0     0     0
986     0     0     0     0     0     0     0
990     0     0     0     0     0     0     0
994     0     0     0     0     0     0     0
998     0     0     0     0     0     0     0
1002     0     0     0     0     0     0     0
1006     0     0     0     0     0     0     0
1010     0     0     0     0     0     0     0
1014     0     0     0     0     0     0     0
1018     0     0     0     0     0     0     0
1022     0     0     0     0     0     0     0
1026     0     0     0     0     0     0     0
1030     0     0     0     0     0     0     0
1034     0     0     0     0     0     0     0
1038     0     0     0     0     0     0     0
1042     0     0     0     0     0     0     0
1046     0     0     0     0     0     0     0
1050     0     0     0     0     0     0     0
1054     0     0     0     0     0     0     0
1058     0     0     0     0     0     0     0
1062     0     0     0     0     0     0     0
1066     0     0     0     0     0     0     0
1070     0     0     0     0     0     0     0
1074     0     0     0     0     0     0     0
1078     0     0     0     0     0     0     0
1082     0     0     0     0     0     0     0
1086     0     0     0     0     0     0     0
1090     0     0     0     0     0     0     0
1094     0     0     0     0     0     0     0
1098     0     0     0     0     0     0     0
1102     0     0     0     0     0     0     0
1106     0     0     0     0     0     0     0
1110     0     0     0     0     0     0     0
1114     0     0     0     0     0     0     0
1118     0     0     0     0     0     0     0
1122     0     0     0     0     0     0     0
1126     0     0     0     0     0     0     0
1130     0     0     0     0     0     0     0
1134     0     0     0     0     0     0     0
1138     0     0     0     0     0     0     0
1142     0     0     0     0     0     0     0
1146     0     0     0     0     0     0     0
1150     0     0     0     0     0     0     0
1154     0     0     0     0     0     0     0
1158     0     0     0     0     0     0     0
1162     0     0     0     0     0     0     0
1166     0     0     0     0     0     0     0
1170     0     0     0     0     0     0     0
1174     0     0     0     0     0     0     0
1178     0     0     0     0     0     0     0
1182     0     0     0     0     0     0     0
1186     0     0     0     0     0     0     0
1190     0     0     0     0     0     0     0
1194     0     0     0     0     0     0     0
1198     0     0     0     0     0     0     0
1202     0     0     0     0     0     0     0
1206     0     0     0     0     0     0     0
1210     0     0     0     0     0     0     0
1214     0     0     0     0     0     0     0
1218     0     0     0     0     0     0     0
1222     0     0     0     0     0     0     0
1226     0     0     0     0     0     0     0
1230     0     0     0     0     0     0     0
1234     0     0     0     0     0     0     0
1238     0     0     0     0     0     0     0
1242     0     0     0     0     0     0     0
1246     0     0     0     0     0     0     0
1250     0     0     0     0     0     0     0
1254     0     0     0     0     0     0     0
1258     0     0     0     0     0     0     0
1262     0     0     0     0     0     0     0
1266     0     0     0     0     0     0     0
1270     0     0     0     0     0     0     0
1274     0     0     0     0     0     0     0
1278     0     0     0     0     0     0     0
1282     0     0     0     0     0     0     0
1286     0     0     0     0     0     0     0
1290     0     0     0     0     0     0     0
1294     0     0     0     0     0     0     0
1298     0     0     0     0     0     0     0
1302     0     0     0     0     0     0     0
1306     0     0     0     0     0     0     0
1310     0     0     0     0     0     0     0
1314     0     0     0     0     0     0     0
1318     0     0     0     0     0     0     0
1322     0     0     0     0     0     0     0
1326     0     0     0     0     0     0     0
1330     0     0     0     0     0     0     0
1334     0     0     0     0     0     0     0
1338     0     0     0     0     0     0     0
1342     0     0     0     0     0     0     0
1346     0     0     0     0     0     0     0
1350     0     0     0     0     0     0     0
1354     0     0     0     0     0     0     0
1358     0     0     0     0     0     0     0
1362     0     0     0     0     0     0     0
1366     0     0     0     0     0     0     0
1370     0     0     0     0     0     0     0
1374     0     0     0     0     0     0     0
1378     0     0     0     0     0     0     0
1382     0     0     0     0     0     0     0
1386     0     0     0     0     0     0     0
1390     0     0     0     0     0     0     0
1394     0     0     0     0     0     0     0
1398     0     0     0     0     0     0     0
1402     0     0     0     0     0     0     0
1406     0     0     0     0     0     0     0
1410     0     0     0     0     0     0     0
1414     0     0     0     0     0     0     0
1418     0     0     0     0     0     0     0
1422     0     0     0     0     0     0     0
1426     0     0     0     0     0     0     0
1430     0     0     0     0     0     0     0
1434     0     0     0     0     0     0     0
1438     0     0     0     0     0     0     0
1442     0     0     0     0     0     0     0
1446     0     0     0     0     0     0     0
1450     0     0     0     0     0     0     0
1454     0     0     0     0     0     0     0
1458     0     0     0     0     0     0     0
1462     0     0     0     0     0     0     0
1466     0     0     0     0     0     0     0
1470     0     0     0     0     0     0     0
1474     0     0     0     0     0     0     0
1478     0     0     0     0     0     0     0
1482     0     0     0     0     0     0     0
1486     0     0     0     0     0     0     0
1490     0     0     0     0     0     0     0
1494     0     0     0     0     0     0     0
1498     0     0     0     0     0     0     0
1502     0     0     0     0     0     0     0
1506     0     0     0     0     0     0     0
1510     0     0     0     0     0     0     0
1514     0     0     0     0     0     0     0
1518     0     0     0     0     0     0     0
1522     0     0     0     0     0     0     0
1526     0     0     0     0     0     0     0
1530     0     0     0     0     0     0     0
1534     0     0     0     0     0     0     0
1538     0     0     0     0     0     0     0
1542     0     0     0     0     0     0     0
1546     0     0     0     0     0     0     0
1550     0     0     0     0     0     0     0
1554     0     0     0     0     0     0     0
1558     0     0     0     0     0     0     0
1562     0     0     0     0     0     0     0
1566     0     0     0     0     0     0     0
1570     0     0     0     0     0     0     0
1574     0     0     0     0     0     0     0
1578     0     0     0     0     0     0     0
1582     0     0     0     0     0     0     0
1586     0     0     0     0     0     0     0
1590     0     0     0     0     0     0     0
1594     0     0     0     0     0     0     0
1598     0     0     0     0     0     0     0
1602     0     0     0     0     0     0     0
1606     0     0     0     0     0     0     0
1610     0     0     0     0     0     0     0
1614     0     0     0     0     0     0     0
1618     0     0     0     0     0     0     0
1622     0     0     0     0     0     0     0
1626     0     0     0     0     0     0     0
1630     0     0     0     0     0     0     0
1634     0     0     0     0     0     0     0
1638     0     0     0     0     0     0     0
1642     0     0     0     0     0     0     0
1646     0     0     0     0     0     0     0
1650     0     0     0     0     0     0     0
1654     0     0     0     0     0     0     0
1658     0     0     0     0     0     0     0
1662     0     0     0     0     0     0     0
1666     0     0     0     0     0     0     0
1670     0     0     0     0     0     0     0
1674     0     0     0     0     0     0     0
1678     0     0     0     0     0     0     0
1682     0     0     0     0     0     0     0
1686     0     0     0     0     0     0     0
1690     0     0     0     0     0     0     0
1694     0     0     0     0     0     0     0
1698     0     0     0     0     0     0     0
1702     0     0     0     0     0     0     0
1706     0     0     0     0     0     0     0
1710     0     0     0     0     0     0     0
1714     0     0     0     0     0     0     0
1718     0     0     0     0     0     0     0
1722     0     0     0     0     0     0     0
1726     0     0     0     0     0     0     0
1730     0     0     0     0     0     0     0
1734     0     0     0     0     0     0     0
1738     0     0     0     0     0     0     0
1742     0     0     0     0     0     0     0
1746     0     0     0     0     0     0     0
1750     0     0     0     0     0     0     0
1754     0     0     0     0     0     0     0
1758     0     0     0     0     0     0     0
1762     0     0     0     0     0     0     0
1766     0     0     0     0     0     0     0
1770     0     0     0     0     0     0     0
1774     0     0     0     0     0     0     0
1778     0     0     0     0     0     0     0
1782     0     0     0     0     0     0     0
1786     0     0     0     0     0     0     0
1790     0     0     0     0     0     0     0
1794     0     0     0     0     0     0     0
1798     0     0     0     0     0     0     0
1802     0     0     0     0     0     0     0
1806     0     0     0     0     0     0     0
1810     0     0     0     0     0     0     0
1814     0     0     0     0     0     0     0
1818     0     0     0     0     0     0     0
1822     0     0     0     0     0     0     0
1826     0     0     0     0     0     0     0
1830     0     0     0     0     0     0     0
1834     0     0     0     0     0     0     0
1838     0     0     0     0     0     0     0
1842     0     0     0     0     0     0     0
1846     0     0     0     0     0     0     0
1850     0     0     0     0     0     0     0
1854     0     0     0     0     0     0     0
1858     0     0     0     0     0     0     0
1862     0     0     0     0     0     0     0
1866     0     0     0     0     0     0     0
1870     0     0     0     0     0     0     0
1874     0     0     0     0     0     0     0
1878     0     0     0     0     0     0     0
1882     0     0     0     0     0     0     0
1886     0     0     0     0     0     0     0
1890     0     0     0     0     0     0     0
1894     0     0     0     0     0     0     0
1898     0     0     0     0     0     0     0
1902     0     0     0     0     0     0     0
1906     0     0     0     0     0     0     0
1910     0     0     0     0     0     0     0
1914     0     0     0     0     0     0     0
1918     0     0     0     0     0     0     0
1922     0     0     0     0     0     0     0
1926     0     0     0     0     0     0     0
1930     0     0     0     0     0     0     0
1934     0     0     0     0     0     0     0
1938     0     0     0     0     0     0     0
1942     0     0     0     0     0     0     0
1946     0     0     0     0     0     0     0
1950     0     0     0     0     0     0     0
1954     0     0     0     0     0     0     0
1958     0     0     0     0     0     0     0
1962     0     0     0     0     0     0     0
1966     0     0     0     0     0     0     0
1970     0     0     0     0     0     0     0
1974     0     0     0     0     0     0     0
1978     0     0     0     0     0     0     0
1982     0     0     0     0     0     0     0
1986     0     0     0     0     0     0     0
1990     0     0     0     0     0     0     0
1994     0     0     0     0     0     0     0
1998     0     0     0     0     0     0     0
2002     0     0     0     0     0     0     0
2006     0     0     0     0     0     0     0
2010     0     0     0     0     0     0     0
2014     0     0     0     0     0     0     0
2018     0     0     0     0     0     0     0
2022     0     0     0     0     0     0     0
2026     0     0     0     0     0     0     0
2030     0     0     0     0     0     0     0
2034     0     0     0     0     0     0     0
2038     0     0     0     0     0     0     0
2042     0     0     0     0     0     0     0
2046     0     0     0     0     0     0     0
2050     0     0     0     0     0     0     0
2054     0     0     0     0     0     0     0
2058     0     0     0     0     0     0     0
2062     0     0     0     0     0     0     0
2066     0     0     0     0     0     0     0
2070     0     0     0     0     0     0     0
2074     0     0     0     0     0     0     0
2078     0     0     0     0     0     0     0
2082     0     0     0     0     0     0     0
2086     0     0     0     0     0     0     0
2090     0     0     0     0     0     0     0
2094     0     0     0     0     0     0     0
2098     0     0     0     0     0     0     0
2102     0     0     0     0     0     0     0
2106     0     0     0     0     0     0     0
2110     0     0     0     0     0     0     0
2114     0     0     0     0     0     0     0
2118     0     0     0     0     0     0     0
2122     0     0     0     0     0     0     0
2126     0     0     0     0     0     0     0
2130     0     0     0     0     0     0     0
2134     0     0     0     0     0     0     0
2138     0     0     0     0     0     0     0
2142     0     0     0     0     0     0     0
2146     0     0     0     0     0     0     0
2150     0     0     0     0     0     0     0
2154     0     0     0     0     0     0     0
2158     0     0     0     0     0     0     0
2162     0     0     0     0     0     0     0
2166     0     0     0     0     0     0     0
2170     0     0     0     0     0     0     0
2174     0     0     0     0     0     0     0
2178     0     0     0     0     0     0     0
2182     0     0     0     0     0     0     0
2186     0     0     0     0     0     0     0
2190     0     0     0     0     0     0     0
2194     0     0     0     0     0     0     0
2198     0     0     0     0     0     0     0
2202     0     0     0     0     0     0     0
2206     0     0     0     0     0     0     0
2210     0     0     0     0     0     0     0
2214     0     0     0     0     0     0     0
2218     0     0     0     0     0     0     0
2222     0     0     0     0     0     0     0
2226     0     0     0     0     0     0     0
2230     0     0     0     0     0     0     0
2234     0     0     0     0     0     0     0
2238     0     0     0     0     0     0     0
2242     0     0     0     0     0     0     0
2246     0     0     0     0     0     0     0
2250     0     0     0     0     0     0     0
2254     0     0     0     0     0     0     0
2258     0     0     0     0     0     0     0
2262     0     0     0     0     0     0     0
2266     0     0     0     0     0     0     0
2270     0     0     0     0     0     0     0
2274     0     0     0     0     0     0     0
2278     0     0     0     0     0     0     0
2282     0     0     0     0     0     0     0
2286     0     0     0     0     0     0     0
2290     0     0     0     0     0     0     0
2294     0     0     0     0     0     0     0
2298     0     0     0     0     0     0     0
2302     0     0     0     0     0     0     0
2306     0     0     0     0     0     0     0
2310     0     0     0     0     0     0     0
2314     0     0     0     0     0     0     0
2318     0     0     0     0     0     0     0
2322     0     0     0     0     0     0     0
2326     0     0     0     0     0     0     0
2330     0     0     0     0     0     0     0
2334     0     0     0     0     0     0     0
2338     0     0     0     0     0     0     0
2342     0     0     0     0     0     0     0
2346     0     0     0     0     0     0     0
2350     0     0     0     0     0     0     0
2354     0     0     0     0     0     0     0
2358     0     0     0     0     0     0     0
2362     0     0     0     0     0     0     0
2366     0     0     0     0     0     0     0
2370     0     0     0     0     0     0     0
2374     0     0     0     0     0     0     0
2378     0     0     0     0     0     0     0
2382     0     0     0     0     0     0     0
2386     0     0     0     0     0     0     0
2390     0     0     0     0     0     0     0
2394     0     0     0     0     0     0     0
2398     0     0     0     0     0     0     0
2402     0     0     0     0     0     0     0
2406     0     0     0     0     0     0     0
2410     0     0     0     0     0     0     0
2414     0     0     0     0     0     0     0
2418     0     0     0     0     0     0     0
2422     0     0     0     0     0     0     0
2426     0     0     0     0     0     0     0
2430     0     0     0     0     0     0     0
2434     0     0     0     0     0     0     0
2438     0     0     0     0     0     0     0
2442     0     0     0     0     0     0     0
2446     0     0     0     0     0     0     0
2450     0     0     0     0     0     0     0
2454     0     0     0     0     0     0     0
2458     0     0     0     0     0     0     0
2462     0     0     0     0     0     0     0
2466     0     0     0     0     0     0     0
2470     0     0     0     0     0     0     0
2474     0     0     0     0     0     0     0
2478     0     0     0     0     0     0     0
2482     0     0     0     0     0     0     0
2486     0     0     0     0     0     0     0
2490     0     0     0     0     0     0     0
2494     0     0     0     0     0     0     0
2498     0     0     0     0     0     0     0
2502     0     0     0     0     0     0     0
2506     0     0     0     0     0     0     0
2510     0     0     0     0     0     0     0
2514     0     0     0     0     0     0     0
2518     0     0     0     0     0     0     0
2522     0     0     0     0     0     0     0
2526     0     0     0     0     0     0     0
2530     0     0     0     0     0     0     0
2534     0     0     0     0     0     0     0
2538     0     0     0     0     0     0     0
2542     0     0     0     0     0     0     0
2546     0     0     0     0     0     0     0
2550     0     0     0     0     0     0     0
2554     0     0     0     0     0     0     0
2558     0     0     0     0     0     0     0
2562     0     0     0     0     0     0     0
2566     0     0     0     0     0     0     0
2570     0     0     0     0     0     0     0
2574     0     0     0     0     0     0     0
2578     0     0     0     0     0     0     0
2582     0     0     0     0     0     0     0
2586     0     0     0     0     0     0     0
2590     0     0     0     0     0     0     0
2594     0     0     0     0     0     0     0
2598     0     0     0     0     0     0     0
2602     0     0     0     0     0     0     0
2606     0     0     0     0     0     0     0
2610     0     0     0     0     0     0     0
2614     0     0     0     0     0     0     0
2618     0     0     0     0     0     0     0
2622     0     0     0     0     0     0     0
2626     0     0     0     0     0     0     0
2630     0     0     0     0     0     0     0
2634     0     0     0     0     0     0     0
2638     0     0     0     0     0     0     0
2642     0     0     0     0     0     0     0
2646     0     0     0     0     0     0     0
2650     0     0     0     0     0     0     0
2654     0     0     0     0     0     0     0
2658     0     0     0     0     0     0     0
2662     0     0     0     0     0     0     0
2666     0     0     0     0     0     0     0
2670     0     0     0     0     0     0     0
2674     0     0     0     0     0     0     0
2678     0     0     0     0     0     0     0
2682     0     0     0     0     0     0     0
2686     0     0     0     0     0     0     0
2690     0     0     0     0     0     0     0
2694     0     0     0     0     0     0     0
2698     0     0     0     0     0     0     0
2702     0     0     0     0     0     0     0
2706     0     0     0     0     0     0     0
2710     0     0     0     0     0     0     0
2714     0     0     0     0     0     0     0
2718     0     0     0     0     0     0     0
2722     0     0     0     0     0     0     0
2726     0     0     0     0     0     0     0
2730     0     0     0     0     0     0     0
2734     0     0     0     0     0     0     0
2738     0     0     0     0     0     0     0
2742     0     0     0     0     0     0     0
2746     0     0     0     0     0     0     0
2750     0     0     0     0     0     0     0
2754     0     0     0     0     0     0     0
2758     0     0     0     0     0     0     0
2762     0     0     0     0     0     0     0
2766     0     0     0     0     0     0     0
2770     0     0     0     0     0     0     0
2774     0     0     0     0     0     0     0
2778     0     0     0     0     0     0     0
2782     0     0     0     0     0     0     0
2786     0     0     0     0     0     0     0
2790     0     0     0     0     0     0     0
2794     0     0     0     0     0     0     0
2798     0     0     0     0     0     0     0
2802     0     0     0     0     0     0     0
2806     0     0     0     0     0     0     0
2810     0     0     0     0     0     0     0
2814     0     0     0     0     0     0     0
2818     0     0     0     0     0     0     0
2822     0     0     0     0     0     0     0
2826     0     0     0     0     0     0     0
2830     0     0     0     0     0     0     0
2834     0     0     0     0     0     0     0
2838     0     0     0     0     0     0     0
2842     0     0     0     0     0     0     0
2846     0     0     0     0     0     0     0
2850     0     0     0     0     0     0     0
2854     0     0     0     0     0     0     0
2858     0     0     0     0     0     0     0
2862     0     0     0     0     0     0     0
2866     0     0     0     0     0     0     0
2870     0     0     0     0     0     0     0
2874     0     0     0     0     0     0     0
2878     0     0     0     0     0     0     0
2882     0     0     0     0     0     0     0
2886     0     0     0     0     0     0     0
2890     0     0     0     0     0     0     0
2894     0     0     0     0     0     0     0
2898     0     0     0     0     0     0     0
2902     0     0     0     0     0     0     0
2906     0     0     0     0     0     0     0
2910     0     0     0     0     0     0     0
2914     0     0     0     0     0     0     0
2918     0     0     0     0     0     0     0
2922     0     0     0     0     0     0     0
2926     0     0     0     0     0     0     0
2930     0     0     0     0     0     0     0
2934     0     0     0     0     0     0     0
2938     0     0     0     0     0     0     0
2942     0     0     0     0     0     0     0
2946     0     0     0     0     0     0     0
2950     0     0     0     0     0     0     0
2954     0     0     0     0     0     0     0
2958     0     0     0     0     0     0     0
2962     0     0     0     0     0     0     0
2966     0     0     0     0     0     0     0
2970     0     0     0     0     0     0     0
2974     0     0     0     0     0     0     0
2978     0     0     0     0     0     0     0
2982     0     0     0     0     0     0     0
2986     0     0     0     0     0     0     0
2990     0     0     0     0     0     0     0
2994     0     0     0     0     0     0     0
2998     0     0     0     0     0     0     0
3002     0     0     0     0     0     0     0
3006     0     0     0     0     0     0     0
3010     0     0     0     0     0     0     0
3014     0     0     0     0     0     0     0
3018     0     0     0     0     0     0     0
3022     0     0     0     0     0     0     0
3026     0     0     0     0     0     0     0
3030     0     0     0     0     0     0     0
3034     0     0     0     0     0     0     0
3038     0     0     0     0     0     0     0
3042     0     0     0     0     0     0     0
3046     0     0     0     0     0     0     0
3050     0     0     0     0     0     0     0
3054     0     0     0     0     0     0     0
3058     0     0     0     0     0     0     0
3062     0     0     0     0     0     0     0
3066     0     0     0     0     0     0     0
3070     0     0     0     0     0     0     0
3074     0     0     0     0     0     0     0
3078     0     0     0     0     0     0     0
3082     0     0     0     0     0     0     0
3086     0     0     0     0     0     0     0
3090     0     0     0     0     0     0     0
3094     0     0     0     0     0     0     0
3098     0     0     0     0     0     0     0
3102     0     0     0     0     0     0     0
3106     0     0     0     0     0     0     0
3110     0     0     0     0     0     0     0
3114     0     0     0     0     0     0     0
3118     0     0     0     0     0     0     0
3122     0     0     0     0     0     0     0
3126     0     0     0     0     0     0     0
3130     0     0     0     0     0     0     0
3134     0     0     0     0     0     0     0
3138     0     0     0     0     0     0     0
3142     0     0     0     0     0     0     0
3146     0     0     0     0     0     0     0
3150     0     0     0     0     0     0     0
3154     0     0     0     0     0     0     0
3158     0     0     0     0     0     0     0
3162     0     0     0     0     0     0     0
3166     0     0     0     0     0     0     0
3170     0     0     0     0     0     0     0
3174     0     0     0     0     0     0     0
3178     0     0     0     0     0     0     0
3182     0     0     0     0     0     0     0
3186     0     0     0     0     0     0     0
3190     0     0     0     0     0     0     0
3194     0     0     0     0     0     0     0
3198     0     0     0     0     0     0     0
3202     0     0     0     0     0     0     0
3206     0     0     0     0     0     0     0
3210     0     0     0     0     0     0     0
3214     0     0     0     0     0     0     0
3218     0     0     0     0     0     0     0
3222     0     0     0     0     0     0     0
3226     0     0     0     0     0     0     0
3230     0     0     0     0     0     0     0
3234     0     0     0     0     0     0     0
3238     0     0     0     0     0     0     0
3242     0     0     0     0     0     0     0
3246     0     0     0     0     0     0     0
3250     0     0     0     0     0     0     0
3254     0     0     0     0     0     0     0
3258     0     0     0     0     0     0     0
3262     0     0     0     0     0     0     0
3266     0     0     0     0     0     0     0
3270     0     0     0     0     0     0     0
3274     0     0     0     0     0     0     0
3278     0     0     0     0     0     0     0
3282     0     0     0     0     0     0     0
3286     0     0     0     0     0     0     0
3290     0     0     0     0     0     0     0
3294     0     0     0     0     0     0     0
3298     0     0     0     0     0     0     0
3302     0     0     0     0     0     0     0
3306     0     0     0     0     0     0     0
3310     0     0     0     0     0     0     0
3314     0     0     0     0     0     0     0
3318     0     0     0     0     0     0     0
3322     0     0     0     0     0     0     0
3326     0     0     0     0     0     0     0
3330     0     0     0     0     0     0     0
3334     0     0     0     0     0     0     0
3338     0     0     0     0     0     0     0
3342     0     0     0     0     0     0     0
3346     0     0     0     0     0     0     0
3350     0     0     0     0     0     0     0
3354     0     0     0     0     0     0     0
3358     0     0     0     0     0     0     0
3362     0     0     0     0     0     0     0
3366     0     0     0     0     0     0     0
3370     0     0     0     0     0     0     0
3374     0     0     0     0     0     0     0
3378     0     0     0     0     0     0     0
3382     0     0     0     0     0     0     0
3386     0     0     0     0     0     0     0
3390     0     0     0     0     0     0     0
3394     0     0     0     0     0     0     0
3398     0     0     0     0     0     0     0
3402     0     0     0     0     0     0     0
3406     0     0     0     0     0     0     0
3410     0     0     0     0     0     0     0
3414     0     0     0     0     0     0     0
3418     0     0     0     0     0     0     0
3422     0     0     0     0     0     0     0
3426     0     0     0     0     0     0     0
3430     0     0     0     0     0     0     0
3434     0     0     0     0     0     0     0
3438     0     0     0     0     0     0     0
3442     0     0     0     0     0     0     0
3446     0     0     0     0     0     0     0
3450     0     0     0     0     0     0     0
3454     0     0     0     0     0     0     0
3458     0     0     0     0     0     0     0
3462     0     0     0     0     0     0     0
3466     0     0     0     0     0     0     0
3470     0     0     0     0     0     0     0
3474     0     0     0     0     0     0     0
3478     0     0     0     0     0     0     0
3482     0     0     0     0     0     0     0
3486     0     0     0     0     0     0     0
3490     0     0     0     0     0     0     0
3494     0     0     0     0     0     0     0
3498     0     0     0     0     0     0     0
3502     0     0     0     0     0     0     0
3506     0     0     0     0     0     0     0
3510     0     0     0     0     0     0     0
3514     0     0     0     0     0     0     0
3518     0     0     0     0     0     0     0
3522     0     0     0     0     0     0     0
3526     0     0     0     0     0     0     0
3530     0     0     0     0     0     0     0
3534     0     0     0     0     0     0     0
3538     0     0     0     0     0     0     0
3542     0     0     0     0     0     0     0
3546     0     0     0     0     0     0     0
3550     0     0     0     0     0     0     0
3554     0     0     0     0     0     0     0
3558     0     0     0     0     0     0     0
3562     0     0     0     0     0     0     0
3566     0     0     0     0     0     0     0
3570     0     0     0     0     0     0     0
3574     0     0     0     0     0     0     0
3578     0     0     0     0     0     0     0
3582     0     0     0     0     0     0     0
3586     0     0     0     0     0     0     0
3590     0     0     0     0     0     0     0
3594     0     0     0     0     0     0     0
3598     0     0     0     0     0     0     0
3602     0     0     0     0     0     0     0
3606     0     0     0     0     0     0     0
3610     0     0     0     0     0     0     0
3614     0     0     0     0     0     0     0
3618     0     0     0     0     0     0     0
3622     0     0     0     0     0     0     0
3626     0     0     0     0     0     0     0
3630     0     0     0     0     0     0     0
3634     0     0     0     0     0     0     0
3638     0     0     0     0     0     0     0
3642     0     0     0     0     0     0     0
3646     0     0     0     0     0     0     0
3650     0     0     0     0     0     0     0
3654     0     0     0     0     0     0     0
3658     0     0     0     0     0     0     0
3662     0     0     0     0     0     0     0
3666     0     0     0     0     0     0     0
3670     0     0     0     0     0     0     0
3674     0     0     0     0     0     0     0
3678     0     0     0     0     0     0     0
3682     0     0     0     0     0     0     0
3686     0     0     0     0     0     0     0
3690     0     0     0     0     0     0     0
3694     0     0     0     0     0     0     0
3698     0     0     0     0     0     0     0
3702     0     0     0     0     0     0     0
3706     0     0     0     0     0     0     0
3710     0     0     0     0     0     0     0
3714     0     0     0     0     0     0     0
3718     0     0     0     0     0     0     0
3722     0     0     0     0     0     0     0
3726     0     0     0     0     0     0     0
3730     0     0     0     0     0     0     0
3734     0     0     0     0     0     0     0
3738     0     0     0     0     0     0     0
3742     0     0     0     0     0     0     0
3746     0     0     0     0     0     0     0
3750     0     0     0     0     0     0     0
3754     0     0     0     0     0     0     0
3758     0     0     0     0     0     0     0
3762     0     0     0     0     0     0     0
3766     0     0     0     0     0     0     0
3770     0     0     0     0     0     0     0
3774     0     0     0     0     0     0     0
3778     0     0     0     0     0     0     0
3782     0     0     0     0     0     0     0
3786     0     0     0     0     0     0     0
3790     0     0     0     0     0     0     0
3794     0     0     0     0     0     0     0
3798     0     0     0     0     0     0     0
3802     0     0     0     0     0     0     0
3806     0     0     0     0     0     0     0
3810     0     0     0     0     0     0     0
3814     0     0     0     0     0     0     0
3818     0     0     0     0     0     0     0
3822     0     0     0     0     0     0     0
3826     0     0     0     0     0     0     0
3830     0     0     0     0     0     0     0
3834     0     0     0     0     0     0     0
3838     0     0     0     0     0     0     0
3842     0     0     0     0     0     0     0
3846     0     0     0     0     0     0     0
3850     0     0     0     0     0     0     0
3854     0     0     0     0     0     0     0
3858     0     0     0     0     0     0     0
3862     0     0     0     0     0     0     0
3866     0     0     0     0     0     0     0
3870     0     0     0     0     0     0     0
3874     0     0     0     0     0     0     0
3878     0     0     0     0     0     0     0
3882     0     0     0     0     0     0     0
3886     0     0     0     0     0     0     0
3890     0     0     0     0     0     0     0
3894     0     0     0     0     0     0     0
3898     0     0     0     0     0     0     0
3902     0     0     0     0     0     0     0
3906     0     0     0     0     0     0     0
3910     0     0     0     0     0     0     0
3914     0     0     0     0     0     0     0
3918     0     0     0     0     0     0     0
3922     0     0     0     0     0     0     0
3926     0     0     0     0     0     0     0
3930     0     0     0     0     0     0     0
3934     0     0     0     0     0     0     0
3938     0     0     0     0     0     0     0
3942     0     0     0     0     0     0     0
3946     0     0     0     0     0     0     0
3950     0     0     0     0     0     0     0
3954     0     0     0     0     0     0     0
3958     0     0     0     0     0     0     0
3962     0     0     0     0     0     0     0
3966     0     0     0     0     0     0     0
3970     0     0     0     0     0     0     0
3974     0     0     0     0     0     0     0
3978     0     0     0     0     0     0     0
3982     0     0     0     0     0     0     0
3986     0     0     0     0     0     0     0
3990     0     0     0     0     0     0     0
3994     0     0     0     0     0     0     0
3998     0     0     0     0     0     0     0
