2     0     0     0     0     0     0     0
6     0     0     0     0     0     0     0
10     5.00452e-06     3.16221e-09     3.16206e-09     3.1623e-09     3.32726e-09     3.53611e-09     3.22729e-09
14     1.0009e-05     4.31668e-09     4.31647e-09     4.3168e-09     4.54198e-09     4.82709e-09     4.40552e-09
18     2.00181e-05     6.45288e-09     6.45257e-09     6.45306e-09     6.78968e-09     7.21588e-09     6.58569e-09
22     3.00271e-05     7.52653e-09     7.52617e-09     7.52675e-09     7.91938e-09     8.41648e-09     7.68144e-09
26     2.00181e-05     4.1907e-09     4.1905e-09     4.19082e-09     4.40943e-09     4.68622e-09     4.27695e-09
30     5.50497e-05     9.84082e-09     9.84035e-09     9.8411e-09     1.03545e-08     1.10044e-08     1.00434e-08
34     5.50497e-05     8.04405e-09     8.04366e-09     8.04428e-09     8.46391e-09     8.99519e-09     8.20961e-09
38     5.00452e-05     6.34302e-09     6.34272e-09     6.3432e-09     6.67409e-09     7.09303e-09     6.47357e-09
42     9.00814e-05     9.57236e-09     9.5719e-09     9.57263e-09     1.0072e-08     1.07042e-08     9.76938e-09
46     0.000105095     1.00634e-08     1.00629e-08     1.00637e-08     1.05887e-08     1.12533e-08     1.02705e-08
50     9.50859e-05     8.09325e-09     8.09286e-09     8.09348e-09     8.51567e-09     9.05021e-09     8.25983e-09
54     0.000115104     8.94781e-09     8.94738e-09     8.94806e-09     9.41483e-09     1.00058e-08     9.13197e-09
58     0.000200181     1.42161e-08     1.42154e-08     1.42165e-08     1.49581e-08     1.58971e-08     1.45087e-08
62     0.000135122     8.99772e-09     8.99729e-09     8.99797e-09     9.46735e-09     1.00616e-08     9.18291e-09
66     0.000240217     1.50294e-08     1.50287e-08     1.50299e-08     1.58139e-08     1.68065e-08     1.53388e-08
70     0.000145131     8.60021e-09     8.5998e-09     8.60046e-09     9.0491e-09     9.61712e-09     8.77722e-09
74     0.000200181     1.13566e-08     1.13561e-08     1.13569e-08     1.19494e-08     1.26994e-08     1.15904e-08
78     0.00021019     1.15242e-08     1.15237e-08     1.15246e-08     1.21257e-08     1.28869e-08     1.17614e-08
82     0.000230208     1.23275e-08     1.23269e-08     1.23278e-08     1.29709e-08     1.37851e-08     1.25812e-08
86     0.000255231     1.34652e-08     1.34645e-08     1.34656e-08     1.4168e-08     1.50573e-08     1.37423e-08
90     0.000195176     1.02101e-08     1.02096e-08     1.02104e-08     1.0743e-08     1.14174e-08     1.04203e-08
94     0.000200181     1.04561e-08     1.04556e-08     1.04564e-08     1.10018e-08     1.16924e-08     1.06713e-08
98     0.000245222     1.28554e-08     1.28548e-08     1.28558e-08     1.35264e-08     1.43754e-08     1.312e-08
102     0.000290262     1.53398e-08     1.53391e-08     1.53402e-08     1.61404e-08     1.71536e-08     1.56555e-08
106     0.000235213     1.26095e-08     1.26089e-08     1.26099e-08     1.32677e-08     1.41005e-08     1.28691e-08
110     0.000320289     1.75535e-08     1.75526e-08     1.7554e-08     1.84697e-08     1.9629e-08     1.79147e-08
114     0.000320289     1.82417e-08     1.82408e-08     1.82422e-08     1.91938e-08     2.03987e-08     1.86172e-08
118     0.000355321     2.12121e-08     2.12111e-08     2.12127e-08     2.23193e-08     2.37203e-08     2.16487e-08
122     0.000350317     2.25428e-08     2.25417e-08     2.25435e-08     2.37194e-08     2.52083e-08     2.30068e-08
126     0.000300271     2.11895e-08     2.11885e-08     2.11901e-08     2.22955e-08     2.3695e-08     2.16257e-08
130     0.000295267     2.36409e-08     2.36397e-08     2.36415e-08     2.48748e-08     2.64362e-08     2.41274e-08
134     0.000450407     4.21687e-08     4.21667e-08     4.21699e-08     4.43697e-08     4.71548e-08     4.30366e-08
138     0.000315285     3.5555e-08     3.55532e-08     3.5556e-08     3.74107e-08     3.9759e-08     3.62867e-08
142     0.000460416     6.43568e-08     6.43537e-08     6.43586e-08     6.77159e-08     7.19665e-08     6.56814e-08
146     0.00047543     8.58458e-08     8.58417e-08     8.58482e-08     9.03265e-08     9.59964e-08     8.76127e-08
150     0.000360326     8.9204e-08     8.91997e-08     8.92065e-08     9.386e-08     9.97517e-08     9.104e-08
154     0.000480434     1.78846e-07     1.78837e-07     1.78851e-07     1.8818e-07     1.99993e-07     1.82527e-07
158     0.000450407     3.21949e-07     3.21934e-07     3.21958e-07     3.38753e-07     3.60017e-07     3.28575e-07
162     0.000445402     8.22906e-07     8.22866e-07     8.22929e-07     8.65857e-07     9.20208e-07     8.39843e-07
166     0.000510461     1.81858e-06     1.81849e-06     1.81863e-06     1.9135e-06     2.03361e-06     1.85601e-06
170     0.000445402     2.11075e-06     2.11065e-06     2.11081e-06     2.22092e-06     2.36033e-06     2.15419e-06
174     0.000430389     2.51199e-06     2.51187e-06     2.51206e-06     2.6431e-06     2.80901e-06     2.56369e-06
178     0.000665601     4.58352e-06     4.5833e-06     4.58365e-06     4.82276e-06     5.12549e-06     4.67786e-06
182     0.00052047     4.30825e-06     4.30804e-06     4.30837e-06     4.53311e-06     4.81766e-06     4.39692e-06
186     0.000555502     5.51576e-06     5.5155e-06     5.51592e-06     5.80365e-06     6.16796e-06     5.62929e-06
190     0.000560506     6.51513e-06     6.51482e-06     6.51532e-06     6.85519e-06     7.2855e-06     6.64923e-06
194     0.000530479     6.99171e-06     6.99137e-06     6.99191e-06     7.35664e-06     7.81842e-06     7.13561e-06
198     0.000515466     7.50785e-06     7.50749e-06     7.50807e-06     7.89972e-06     8.3956e-06     7.66238e-06
202     0.000590534     9.38069e-06     9.38024e-06     9.38096e-06     9.87031e-06     1.04899e-05     9.57376e-06
206     0.000550497     9.48039e-06     9.47996e-06     9.48063e-06     9.97522e-06     1.06014e-05     9.67549e-06
210     0.000585529     1.09382e-05     1.09377e-05     1.09385e-05     1.15202e-05     1.22482e-05     1.11709e-05
214     0.000525475     1.05589e-05     1.05584e-05     1.05592e-05     1.11316e-05     1.18399e-05     1.0791e-05
218     0.000625565     1.34679e-05     1.34673e-05     1.34683e-05     1.41995e-05     1.51036e-05     1.37648e-05
222     0.000590534     1.35319e-05     1.35313e-05     1.35322e-05     1.42684e-05     1.51775e-05     1.38311e-05
226     0.000685619     1.67543e-05     1.67535e-05     1.67547e-05     1.76671e-05     1.87932e-05     1.71254e-05
230     0.000565511     1.46724e-05     1.46718e-05     1.46728e-05     1.54737e-05     1.64608e-05     1.49987e-05
234     0.000500452     1.37495e-05     1.37489e-05     1.37499e-05     1.45018e-05     1.54275e-05     1.40562e-05
238     0.000820742     2.38866e-05     2.38855e-05     2.38871e-05     2.51944e-05     2.68032e-05     2.44201e-05
242     0.000660597     2.02787e-05     2.02779e-05     2.02792e-05     2.13911e-05     2.2758e-05     2.0733e-05
246     0.000775701     2.51036e-05     2.51025e-05     2.51042e-05     2.64835e-05     2.81771e-05     2.56679e-05
250     0.000680615     2.32322e-05     2.32312e-05     2.32328e-05     2.45125e-05     2.60814e-05     2.37567e-05
254     0.000755683     2.70675e-05     2.70663e-05     2.70681e-05     2.85624e-05     3.0392e-05     2.76808e-05
258     0.00063057     2.3789e-05     2.3788e-05     2.37896e-05     2.51061e-05     2.67156e-05     2.43303e-05
262     0.000590534     2.33437e-05     2.33427e-05     2.33442e-05     2.46418e-05     2.6224e-05     2.38787e-05
266     0.000740669     3.05884e-05     3.05871e-05     3.05891e-05     3.22885e-05     3.43614e-05     3.12889e-05
270     0.000705638     3.05104e-05     3.05091e-05     3.05111e-05     3.22101e-05     3.42797e-05     3.12117e-05
274     0.000880796     3.98257e-05     3.9824e-05     3.98266e-05     4.20529e-05     4.47588e-05     4.07469e-05
278     0.000865782     4.09171e-05     4.09154e-05     4.09181e-05     4.32135e-05     4.59979e-05     4.18692e-05
282     0.000720651     3.54775e-05     3.5476e-05     3.54783e-05     3.74708e-05     3.98861e-05     3.63044e-05
286     0.00084076     4.31246e-05     4.31228e-05     4.31256e-05     4.55558e-05     4.84958e-05     4.41354e-05
290     0.000805728     4.30217e-05     4.30199e-05     4.30227e-05     4.54572e-05     4.83954e-05     4.4037e-05
294     0.000770696     4.27915e-05     4.27897e-05     4.27924e-05     4.52256e-05     4.81542e-05     4.38093e-05
298     0.000830751     4.79683e-05     4.79663e-05     4.79693e-05     5.07108e-05     5.40009e-05     4.91185e-05
302     0.000850769     5.09743e-05     5.09722e-05     5.09754e-05     5.38851e-05     5.73796e-05     5.2194e-05
306     0.000910823     5.66354e-05     5.66331e-05     5.66365e-05     5.98871e-05     6.37787e-05     5.80027e-05
310     0.000755683     4.87411e-05     4.87391e-05     4.87421e-05     5.15567e-05     5.49145e-05     4.99295e-05
314     0.000875791     5.85773e-05     5.8575e-05     5.85785e-05     6.19805e-05     6.60256e-05     6.00189e-05
318     0.000775701     5.37238e-05     5.37217e-05     5.37249e-05     5.68593e-05     6.05763e-05     5.50556e-05
322     0.000855773     6.125e-05     6.12476e-05     6.12512e-05     6.48557e-05     6.9109e-05     6.27895e-05
326     0.000880796     6.52055e-05     6.5203e-05     6.52067e-05     6.90729e-05     7.36153e-05     6.68643e-05
330     0.000850769     6.49214e-05     6.49189e-05     6.49226e-05     6.87976e-05     7.33327e-05     6.65907e-05
334     0.000815737     6.42379e-05     6.42355e-05     6.4239e-05     6.80995e-05     7.25991e-05     6.59079e-05
338     0.000910823     7.39413e-05     7.39385e-05     7.39426e-05     7.84113e-05     8.36015e-05     7.58813e-05
342     0.000915827     7.67362e-05     7.67334e-05     7.67374e-05     8.143e-05     8.68406e-05     7.87885e-05
346     0.000895809     7.77052e-05     7.77024e-05     7.77064e-05     8.24865e-05     8.79746e-05     7.9805e-05
350     0.000970877     8.74834e-05     8.74803e-05     8.74846e-05     9.29074e-05     9.91046e-05     8.98763e-05
354     0.000965873     9.09155e-05     9.09125e-05     9.09168e-05     9.66253e-05     0.000103102     9.34524e-05
358     0.00104594     0.000103389     0.000103385     0.00010339     0.000110029     0.000117469     0.000106374
362     0.00101091     0.000104606     0.000104602     0.000104607     0.00011141     0.000118985     0.000107682
366     0.0010009     0.000108311     0.000108307     0.000108312     0.000115432     0.000123316     0.000111547
370     0.00101592     0.000114377     0.000114374     0.000114378     0.000122029     0.000130423     0.000117884
374     0.000985891     0.000115934     0.000115931     0.000115935     0.000123825     0.000132404     0.000119579
378     0.00103594     0.000126958     0.000126955     0.000126959     0.00013558     0.00014497     0.000130934
382     0.00110099     0.000140419     0.000140416     0.00014042     0.000150217     0.000160741     0.000144991
386     0.00109599     0.000145605     0.000145601     0.000145606     0.000155936     0.000166943     0.000150459
390     0.00112602     0.000155056     0.000155052     0.000155057     0.000166215     0.000178022     0.00016033
394     0.00108098     0.000154035     0.000154031     0.000154036     0.000165257     0.000177061     0.000159364
398     0.00118107     0.00017386     0.000173856     0.000173861     0.000186699     0.000200118     0.000179989
402     0.00108098     0.00016454     0.000164536     0.00016454     0.000176918     0.000189743     0.00017049
406     0.00115104     0.000180811     0.000180807     0.000180812     0.000194648     0.000208871     0.000187504
410     0.00114103     0.000185013     0.000185009     0.000185014     0.000199384     0.000214056     0.000192002
414     0.00136123     0.000227456     0.000227451     0.000227457     0.000245379     0.000263559     0.000236214
418     0.00108598     0.000186884     0.00018688     0.000186884     0.000201815     0.000216867     0.000194214
422     0.00118607     0.000209796     0.000209792     0.000209796     0.000226924     0.000244028     0.000218264
426     0.00121109     0.000220176     0.000220172     0.000220176     0.000238474     0.000256607     0.000229273
430     0.00124613     0.00023246     0.000232456     0.00023246     0.000252106     0.000271434     0.000242279
434     0.00129117     0.000247081     0.000247077     0.000247081     0.000268335     0.000289087     0.000257763
438     0.00129117     0.000253771     0.000253767     0.000253771     0.000275983     0.000297509     0.000264993
442     0.00138125     0.000278466     0.000278462     0.000278465     0.00030341     0.00032736     0.000291149
446     0.00138625     0.000286277     0.000286273     0.000286276     0.000312385     0.000337281     0.000299613
450     0.00114103     0.000240979     0.000240976     0.000240978     0.000263344     0.00028453     0.000252454
454     0.00156141     0.000337195     0.00033719     0.000337193     0.000369059     0.000399033     0.000353619
458     0.00135122     0.000298535     0.000298531     0.000298533     0.000327322     0.000354183     0.000313452
462     0.00141628     0.000319581     0.000319576     0.000319578     0.000351044     0.000380153     0.000335976
466     0.00145131     0.000334708     0.000334704     0.000334705     0.000368401     0.000399285     0.000352371
470     0.00134121     0.000315566     0.000315562     0.000315563     0.000347921     0.000377358     0.000332608
474     0.00167651     0.000402921     0.000402917     0.000402917     0.00044515     0.000483242     0.000425284
478     0.00152638     0.000374386     0.000374382     0.000374382     0.000414268     0.000450028     0.000395584
482     0.00138625     0.00034672     0.000346716     0.000346715     0.000384721     0.00041846     0.000367038
486     0.00157142     0.000400607     0.000400603     0.000400602     0.00044546     0.000485     0.00042469
490     0.00157142     0.000408582     0.000408579     0.000408577     0.000455466     0.000496452     0.000433879
494     0.00164649     0.000435981     0.000435978     0.000435975     0.000487013     0.000531323     0.000463624
498     0.00168152     0.000453386     0.000453384     0.000453379     0.000507305     0.000553867     0.000482684
502     0.00173156     0.00047542     0.000475417     0.000475412     0.00053392     0.000583862     0.000507418
506     0.00164148     0.000459076     0.000459075     0.000459068     0.000516931     0.000565952     0.000490851
510     0.00182665     0.000520105     0.000520104     0.000520096     0.000587206     0.000643668     0.000557095
514     0.00184667     0.000534971     0.00053497     0.000534961     0.000605497     0.000664481     0.000573975
518     0.00193675     0.000570904     0.000570904     0.000570893     0.00064786     0.000711826     0.000613601
522     0.00217196     0.000651297     0.000651297     0.000651282     0.000741421     0.000815806     0.000701485
526     0.0017666     0.000538841     0.000538842     0.000538829     0.000615227     0.000677828     0.000581535
530     0.00200181     0.000620442     0.000620444     0.000620427     0.000710492     0.000783772     0.000670959
534     0.00185167     0.000583177     0.000583179     0.000583162     0.00066972     0.00073968     0.000631895
538     0.00196678     0.000628909     0.000628913     0.000628893     0.000723725     0.000800011     0.000682413
542     0.00206186     0.000670088     0.000670093     0.000670069     0.000774535     0.000857756     0.000729316
546     0.00218698     0.000721931     0.000721937     0.00072191     0.000837318     0.000928617     0.00078759
550     0.00219198     0.000735762     0.00073577     0.00073574     0.000856265     0.000951009     0.000804543
554     0.00200181     0.000683028     0.000683036     0.000683007     0.000797072     0.000886326     0.000748264
558     0.002212     0.000766347     0.000766357     0.000766321     0.000896729     0.000998341     0.000841079
562     0.00206186     0.000724802     0.000724813     0.000724777     0.000852917     0.00095189     0.000798541
566     0.00226705     0.000807558     0.000807571     0.000807528     0.000953549     0.00106578     0.00089177
570     0.00255731     0.000923911     0.000923928     0.000923875     0.00109414     0.00122449     0.00102228
574     0.0023271     0.000853514     0.000853532     0.00085348     0.00101369     0.00113586     0.000946233
578     0.00246222     0.000917576     0.000917596     0.000917538     0.00109414     0.00122804     0.00102005
582     0.00267742     0.00101318     0.0010132     0.00101313     0.00121413     0.00136553     0.00113015
586     0.00235213     0.0009027     0.000902725     0.000902659     0.00108525     0.00122226     0.00100913
590     0.00256732     0.0010005     0.00100053     0.00100046     0.00120718     0.00136167     0.00112121
594     0.0026524     0.00105281     0.00105284     0.00105276     0.00127544     0.00144115     0.00118307
598     0.00267241     0.00107972     0.00107976     0.00107967     0.00131201     0.00148441     0.00121579
602     0.00251227     0.00103052     0.00103056     0.00103046     0.00125799     0.00142616     0.00116398
606     0.00269744     0.00112166     0.00112171     0.0011216     0.00137532     0.00156212     0.00127072
610     0.00283256     0.00119386     0.00119392     0.00119379     0.00146778     0.0016691     0.00135495
614     0.0029927     0.00128167     0.00128173     0.00128159     0.00158016     0.00179905     0.00145735
618     0.00304775     0.00132795     0.00132802     0.00132787     0.00164437     0.00187547     0.0015145
622     0.00278251     0.00123275     0.00123282     0.00123267     0.00153256     0.00175085     0.00140972
626     0.00311782     0.00140382     0.0014039     0.00140372     0.00175064     0.0020026     0.00160871
630     0.00327796     0.00149994     0.00150003     0.00149983     0.0018761     0.00214888     0.00172232
634     0.00328297     0.00152572     0.00152582     0.0015256     0.00191345     0.00219418     0.00175506
638     0.00333301     0.00157529     0.00157539     0.00157516     0.00198157     0.00227522     0.00181574
642     0.00322792     0.00155292     0.00155303     0.00155278     0.00195936     0.00225283     0.00179352
646     0.0034331     0.00168317     0.00168329     0.00168302     0.0021292     0.00245091     0.00194727
650     0.00347314     0.00173626     0.0017364     0.0017361     0.00220204     0.0025376     0.00201217
654     0.00352819     0.00179814     0.0017983     0.00179797     0.00228538     0.00263603     0.00208684
658     0.00371335     0.00192912     0.00192929     0.00192893     0.00245463     0.0028327     0.0022405
662     0.0037634     0.00199376     0.00199395     0.00199355     0.00254248     0.00293715     0.00231887
666     0.00374839     0.00202486     0.00202506     0.00202464     0.00258489     0.00298799     0.00235651
670     0.0038735     0.00213494     0.00213516     0.0021347     0.0027285     0.00315592     0.00248631
674     0.00378342     0.00212899     0.00212922     0.00212874     0.00272282     0.00315066     0.00248036
678     0.0040987     0.00235458     0.00235486     0.0023543     0.00301047     0.00348353     0.00274244
682     0.00403865     0.00236896     0.00236926     0.00236867     0.003035     0.00351512     0.00276287
686     0.0038685     0.00231829     0.00231859     0.00231799     0.00296833     0.00343754     0.00270242
690     0.00450407     0.00276178     0.00276215     0.00276141     0.00353455     0.00409332     0.00321801
694     0.00405867     0.00254998     0.00255033     0.00254962     0.00326189     0.00377766     0.00296985
698     0.00439397     0.00283005     0.00283046     0.00282965     0.00361739     0.00418909     0.00329383
702     0.00412373     0.0027268     0.00272722     0.0027264     0.00347866     0.00402656     0.00316888
706     0.00466421     0.00316642     0.00316693     0.00316594     0.00403024     0.00466159     0.00367356
710     0.00455411     0.0031788     0.00317933     0.00317831     0.00403658     0.00466536     0.00368164
714     0.00465921     0.00334775     0.00334832     0.00334722     0.00424135     0.00489826     0.00387083
718     0.00456412     0.00337894     0.00337954     0.00337839     0.00426873     0.00492509     0.00389887
722     0.00470425     0.00358931     0.00358998     0.00358871     0.00451791     0.00520638     0.00413055
726     0.0047543     0.00373508     0.00373579     0.00373444     0.00468473     0.00539212     0.00428729
730     0.00468924     0.00379495     0.00379568     0.00379429     0.00474052     0.00544845     0.0043434
734     0.00444402     0.0037113     0.00371203     0.00371064     0.00461588     0.00529671     0.00423461
738     0.00469424     0.00405186     0.00405268     0.00405115     0.00501704     0.00574734     0.00460877
742     0.00461917     0.00412888     0.00412974     0.00412813     0.00508093     0.00580709     0.00467602
746     0.00446904     0.00413654     0.00413742     0.00413579     0.00506456     0.00577725     0.004668
750     0.00456412     0.00437748     0.00437841     0.00437668     0.00533007     0.0060671     0.00492096
754     0.00473428     0.00470105     0.00470206     0.00470019     0.00568829     0.00645864     0.00526187
758     0.00463419     0.00476296     0.00476399     0.0047621     0.00572784     0.00648713     0.0053087
762     0.00454911     0.00483836     0.00483942     0.00483749     0.0057752     0.00652067     0.00536514
766     0.00455912     0.00502419     0.00502528     0.00502329     0.00595766     0.00670826     0.00554619
770     0.00459415     0.00525277     0.0052539     0.00525184     0.00618521     0.00694381     0.00577094
774     0.00424884     0.00503741     0.00503848     0.00503654     0.00589252     0.00659636     0.0055096
778     0.00450407     0.00553962     0.00554078     0.00553868     0.00643357     0.00717938     0.00602961
782     0.00429888     0.00547382     0.00547495     0.00547291     0.00629757     0.00699827     0.00592043
786     0.00416877     0.00548944     0.00549054     0.00548856     0.00626652     0.00693919     0.0059065
790     0.00413874     0.00563113     0.00563222     0.00563026     0.00637833     0.00703757     0.00602763
794     0.00383847     0.00539691     0.00539792     0.0053961     0.00606621     0.00666898     0.00574763
798     0.00362327     0.00525588     0.00525682     0.00525512     0.00586307     0.00642225     0.00556959
802     0.00379343     0.00568327     0.00568206     0.00568468     0.00627245     0.00655281     0.00623793
806     0.00384848     0.0059462     0.00594497     0.00594761     0.00651056     0.0068205     0.00644909
810     0.00363829     0.00578719     0.00578603     0.00578851     0.00628918     0.00660596     0.00620624
814     0.00363829     0.0059535     0.00595235     0.0059548     0.00641641     0.00675948     0.00630481
818     0.00362828     0.00609628     0.00609515     0.00609756     0.00651649     0.00688515     0.00637563
822     0.00352819     0.00607207     0.00607099     0.00607327     0.00642124     0.00681095     0.00624639
826     0.00336304     0.00592645     0.00592544     0.00592756     0.00621583     0.00658597     0.00604409
830     0.00316286     0.00569891     0.00569798     0.00569992     0.00592728     0.00625843     0.00577456
834     0.00313283     0.00576681     0.0057659     0.00576777     0.00594792     0.00625054     0.00581266
838     0.00292765     0.0054938     0.00549297     0.00549466     0.0056217     0.00588068     0.0055102
842     0.00314284     0.00600922     0.00600837     0.0060101     0.0060838     0.00632418     0.00598724
846     0.00289261     0.00562445     0.00562369     0.00562523     0.00564624     0.00584004     0.00557442
850     0.00267742     0.00528894     0.00528825     0.00528962     0.00526609     0.00541993     0.0052154
854     0.00274748     0.00550767     0.00550698     0.00550833     0.00544146     0.0055735     0.00540531
858     0.0024322     0.00494473     0.00494414     0.00494529     0.00484473     0.00493586     0.00482836
862     0.00246222     0.00507125     0.00507068     0.00507178     0.00491881     0.00497815     0.00492198
866     0.00223202     0.00464923     0.00464873     0.00464968     0.00447312     0.00450276     0.00449053
870     0.00208689     0.0043924     0.00439195     0.00439281     0.00419417     0.00420037     0.00422337
874     0.00201182     0.00427399     0.00427357     0.00427436     0.00405129     0.00403685     0.00409166
878     0.00174658     0.00374248     0.00374213     0.00374279     0.00351934     0.00348738     0.003566
882     0.00191673     0.00414109     0.00414072     0.0041414     0.00385487     0.00379251     0.00392226
886     0.00178661     0.00389021     0.00388988     0.00389049     0.00359382     0.00351625     0.00366822
890     0.00169653     0.00372126     0.00372095     0.0037215     0.00341187     0.00331924     0.00349368
894     0.00175659     0.00388151     0.0038812     0.00388175     0.00353343     0.00341819     0.00362941
898     0.00158643     0.00352836     0.00352809     0.00352857     0.00319093     0.00307035     0.00328715
902     0.00182165     0.00407712     0.00407682     0.00407734     0.00365016     0.00348423     0.00377667
906     0.00150636     0.00338958     0.00338934     0.00338976     0.00301483     0.00286321     0.00312799
910     0.00161146     0.00364532     0.00364507     0.0036455     0.00321965     0.00304062     0.00335061
914     0.00137124     0.00311854     0.00311834     0.00311869     0.00273485     0.00256752     0.00285504
918     0.00136123     0.00311215     0.00311195     0.00311229     0.00271104     0.00253015     0.00283884
922     0.00125613     0.00288581     0.00288563     0.00288593     0.00249205     0.00230747     0.00262001
926     0.00134622     0.00310611     0.00310592     0.00310623     0.0026649     0.00245301     0.0028101
930     0.0013312     0.00308444     0.00308426     0.00308457     0.00262892     0.0024053     0.00278058
934     0.00111601     0.00259753     0.00259738     0.00259763     0.00219992     0.00200095     0.00233366
938     0.00120609     0.00281966     0.0028195     0.00281976     0.00237236     0.00214447     0.0025243
942     0.001111     0.00260838     0.00260824     0.00260848     0.00217612     0.00195145     0.00232456
946     0.000935846     0.00220569     0.00220557     0.00220577     0.00182955     0.00163149     0.00195963
950     0.00109099     0.00258113     0.00258099     0.00258121     0.00212833     0.00188663     0.0022861
954     0.00109599     0.00260389     0.00260375     0.00260398     0.00213364     0.00187875     0.00229888
958     0.00104594     0.00249492     0.00249479     0.002495     0.00203315     0.00177929     0.00219669
962     0.000915827     0.00219463     0.00219452     0.0021947     0.00177442     0.00153906     0.00192478
966     0.000925837     0.00222838     0.00222826     0.00222844     0.00179264     0.00154601     0.00194952
970     0.000955864     0.00231106     0.00231095     0.00231113     0.00184846     0.00158359     0.00201611
974     0.000870787     0.002114     0.00211389     0.00211406     0.00168185     0.00143191     0.00183934
978     0.000865782     0.00211087     0.00211076     0.00211093     0.00166925     0.00141108     0.00183118
982     0.000775701     0.00189963     0.00189953     0.00189968     0.00149143     0.00125004     0.00164211
986     0.000715647     0.00176039     0.0017603     0.00176044     0.00137525     0.0011457     0.00151806
990     0.000760687     0.00187967     0.00187958     0.00187972     0.00146093     0.0012095     0.00161688
994     0.000695629     0.00172727     0.00172719     0.00172732     0.00133553     0.00109859     0.00148206
998     0.000695629     0.00173597     0.00173589     0.00173602     0.00133514     0.00109079     0.00148574
1002     0.000740669     0.00185801     0.00185792     0.00185806     0.00141972     0.00114997     0.00158533
1006     0.000625565     0.00157734     0.00157726     0.00157739     0.00119946     0.000965142     0.00134285
1010     0.000610552     0.0015475     0.00154742     0.00154754     0.00117111     0.000936148     0.0013145
1014     0.000580525     0.00147925     0.00147917     0.00147929     0.00111435     0.000885097     0.00125389
1018     0.000530479     0.00135947     0.0013594     0.00135951     0.00101963     0.000804602     0.00115012
1022     0.000535484     0.00138018     0.00138011     0.00138022     0.00102879     0.000804455     0.00116442
1026     0.000560506     0.00145286     0.00145279     0.00145291     0.00107677     0.00083495     0.00122255
1030     0.00052047     0.00135714     0.00135707     0.00135718     0.0010018     0.000771849     0.00114005
1034     0.000430389     0.00112879     0.00112873     0.00112882     0.0008301     0.000635602     0.000946734
1038     0.000440398     0.00116151     0.00116146     0.00116155     0.000849867     0.000645592     0.000972027
1042     0.000470425     0.00124876     0.00124869     0.0012488     0.000907643     0.000682072     0.00104205
1046     0.000445402     0.00118963     0.00118957     0.00118967     0.000861612     0.000643354     0.000991332
1050     0.000320289     0.000860877     0.000860834     0.000860903     0.00062149     0.000461292     0.000716477
1054     0.000460416     0.0012453     0.00124524     0.00124534     0.000895961     0.000660868     0.00103503
1058     0.000405366     0.00110381     0.00110376     0.00110385     0.000790554     0.000578369     0.000915734
1062     0.000355321     0.00097351     0.000973461     0.00097354     0.000692468     0.000500459     0.000805346
1066     0.000445402     0.00122867     0.00122861     0.00122871     0.000871414     0.000625876     0.0010154
1070     0.000385348     0.00106987     0.00106981     0.0010699     0.000755742     0.000538533     0.000882792
1074     0.000375339     0.00104906     0.00104901     0.0010491     0.000737861     0.000521348     0.000864176
1078     0.000385348     0.00108427     0.00108421     0.0010843     0.000759726     0.000532631     0.00089189
1082     0.00031028     0.00087879     0.000878745     0.000878817     0.0006129     0.000425398     0.000721671
1086     0.000360326     0.00102813     0.00102808     0.00102817     0.00071365     0.00049045     0.000842789
1090     0.000280253     0.000804999     0.000804959     0.000805024     0.000556782     0.000379617     0.000659045
1094     0.000300271     0.000868165     0.000868121     0.000868192     0.000598705     0.000405391     0.000710046
1098     0.000370335     0.00107885     0.00107879     0.00107888     0.000741342     0.000497655     0.000881296
1102     0.000315285     0.000924896     0.00092485     0.000924925     0.00063293     0.000420509     0.00075453
1106     0.000285258     0.000842468     0.000842426     0.000842494     0.000574315     0.000378125     0.000686372
1110     0.000270244     0.000803883     0.000803843     0.000803908     0.000545479     0.000355251     0.000653851
1114     0.000320289     0.000960113     0.000960065     0.000960143     0.000648503     0.000417536     0.000779695
1118     0.000255231     0.000770363     0.000770324     0.000770386     0.00051907     0.000331951     0.00062514
1122     0.000185167     0.000562678     0.000562649     0.000562695     0.000378062     0.000239614     0.000456311
1126     0.00026524     0.000812324     0.000812283     0.000812348     0.000543614     0.000340814     0.000657916
1130     0.000190172     0.000586275     0.000586246     0.000586293     0.00039067     0.000242268     0.000474131
1134     0.000285258     0.000885913     0.000885868     0.00088594     0.000588107     0.000360952     0.000715575
1138     0.00026524     0.000829347     0.000829306     0.000829373     0.000549864     0.000335499     0.00066986
1142     0.000250226     0.00078826     0.00078822     0.000788284     0.000520897     0.000314343     0.000636158
1146     0.000300271     0.000953324     0.000953276     0.000953353     0.000628023     0.000375277     0.000768704
1150     0.000170154     0.000544273     0.000544246     0.000544289     0.000357307     0.000211137     0.000438444
1154     0.000225203     0.000725384     0.000725348     0.000725406     0.000474961     0.000278276     0.000583922
1158     0.00026524     0.000860894     0.000860851     0.00086092     0.000561914     0.000325772     0.000692422
1162     0.000175158     0.000572762     0.000572734     0.00057278     0.000372026     0.000212301     0.000460018
1166     0.000260235     0.000856699     0.000856656     0.000856725     0.000555221     0.000314155     0.000687737
1170     0.000200181     0.000664131     0.000664098     0.000664151     0.000429141     0.000240083     0.000532788
1174     0.000225203     0.000752943     0.000752905     0.000752966     0.000485128     0.000268482     0.000603617
1178     0.000140127     0.000471842     0.000471819     0.000471857     0.000303168     0.000166051     0.000378001
1182     0.000135122     0.000458023     0.000458     0.000458037     0.000293347     0.000158535     0.000366692
1186     0.000165149     0.000564109     0.000564081     0.000564126     0.000359716     0.000191505     0.000451013
1190     0.000145131     0.000499858     0.000499833     0.000499873     0.000317863     0.000167161     0.000399437
1194     0.000190172     0.000659736     0.000659704     0.000659756     0.000418552     0.000217724     0.000526993
1198     0.000145131     0.000506695     0.00050667     0.00050671     0.000320612     0.000165002     0.000404477
1202     0.000195176     0.000687033     0.000686999     0.000687054     0.000433289     0.000219614     0.000548086
1206     0.000145131     0.000514756     0.00051473     0.000514771     0.000323897     0.000162265     0.000410517
1210     0.000135122     0.000482381     0.000482357     0.000482395     0.000302994     0.000150393     0.000384607
1214     0.000140127     0.000504071     0.000504045     0.000504086     0.000315867     0.000154993     0.000401714
1218     0.00015514     0.000562415     0.000562387     0.000562432     0.000350804     0.000168882     0.000447639
1222     0.000140127     0.000511387     0.000511362     0.000511402     0.000318819     0.000152166     0.000407253
1226     9.50859e-05     0.000349667     0.00034965     0.000349677     0.000217388     0.000102373     0.000278294
1230     0.000145131     0.000537529     0.000537502     0.000537545     0.000333064     0.000154301     0.000427492
1234     0.000115104     0.000429476     0.000429454     0.000429489     0.000265361     0.000121187     0.00034135
1238     0.000135122     0.000507959     0.000507934     0.000507974     0.000312934     0.00014063     0.00040351
1242     0.000130118     0.000492921     0.000492896     0.000492936     0.000302948     0.000134004     0.000391501
1246     0.000145131     0.000553409     0.000553381     0.000553425     0.000339543     0.000148318     0.000439518
1250     0.00010009     0.000384415     0.000384396     0.000384427     0.000235293     0.000101362     0.000305173
1254     5.50497e-05     0.000213216     0.000213205     0.000213222     0.000130075     5.48984e-05     0.000169178
1258     0.000110099     0.000429137     0.000429116     0.00042915     0.000261512     0.000109392     0.000340501
1262     9.50859e-05     0.000373417     0.000373399     0.000373428     0.000226481     9.22158e-05     0.000295976
1266     0.000105095     0.00041566     0.000415639     0.000415672     0.000251605     0.000100816     0.000329449
1270     8.00723e-05     0.000318858     0.000318842     0.000318868     0.000192592     7.60641e-05     0.000252635
1274     0.000125113     0.000501721     0.000501696     0.000501736     0.000302346     0.000117472     0.000397393
1278     0.000125113     0.000504909     0.000504884     0.000504924     0.000303853     0.00011642     0.000399973
1282     8.50769e-05     0.000346303     0.000346286     0.000346313     0.000208036     7.82775e-05     0.000274367
1286     9.00814e-05     0.000369133     0.000369115     0.000369144     0.000220995     8.12378e-05     0.000292265
1290     7.00633e-05     0.000289237     0.000289223     0.000289246     0.00017289     6.26078e-05     0.000229008
1294     0.00010009     0.000415831     0.00041581     0.000415843     0.000248302     8.8887e-05     0.000329276
1298     9.00814e-05     0.00037742     0.000377401     0.000377431     0.000224469     7.80215e-05     0.000298635
1302     8.00723e-05     0.000337417     0.0003374     0.000337427     0.000200201     6.79372e-05     0.000266968
1306     8.00723e-05     0.000339867     0.00033985     0.000339877     0.000201518     6.7597e-05     0.000268983
1310     8.50769e-05     0.000363671     0.000363653     0.000363681     0.000215137     7.05398e-05     0.000287787
1314     6.50588e-05     0.000280401     0.000280387     0.000280409     0.000165237     5.24331e-05     0.000221747
1318     7.00633e-05     0.000303546     0.000303531     0.000303555     0.00017838     5.52619e-05     0.00023993
1322     9.00814e-05     0.000393284     0.000393264     0.000393295     0.00023101     7.03398e-05     0.000311081
1326     9.50859e-05     0.000418053     0.000418032     0.000418065     0.000245163     7.30749e-05     0.000330705
1330     7.00633e-05     0.000309956     0.000309941     0.000309965     0.00018136     5.28063e-05     0.000245128
1334     7.00633e-05     0.000312111     0.000312096     0.000312121     0.000182161     5.16293e-05     0.00024676
1338     6.00543e-05     0.000269402     0.000269389     0.00026941     0.000157164     4.37756e-05     0.00021312
1342     4.00362e-05     0.000181008     0.000180999     0.000181014     0.000105199     2.81001e-05     0.000143126
1346     6.00543e-05     0.000273276     0.000273263     0.000273284     0.000158654     4.13671e-05     0.000216177
1350     8.50769e-05     0.000389823     0.000389803     0.000389834     0.000225924     5.74544e-05     0.000308366
1354     9.00814e-05     0.000415482     0.000415461     0.000415494     0.000240442     5.98198e-05     0.00032866
1358     5.00452e-05     0.000232202     0.00023219     0.000232208     0.000134157     3.24209e-05     0.000183708
1362     7.00633e-05     0.000327315     0.000327299     0.000327325     0.000188477     4.34427e-05     0.000258888
1366     4.50407e-05     0.000212019     0.000212008     0.000212025     0.000122122     2.76539e-05     0.000167845
1370     3.50317e-05     0.000165886     0.000165878     0.000165891     9.5506e-05     2.12836e-05     0.000131368
1374     5.50497e-05     0.000262699     0.000262686     0.000262707     0.000150834     3.21223e-05     0.000208016
1378     8.50769e-05     0.000408412     0.000408392     0.000408424     0.000233652     4.73918e-05     0.000323177
1382     7.00633e-05     0.000338703     0.000338686     0.000338713     0.000193449     3.75995e-05     0.000268106
1386     6.50588e-05     0.000316472     0.000316457     0.000316481     0.000180786     3.43112e-05     0.000250738
1390     5.50497e-05     0.000269516     0.000269503     0.000269524     0.000153602     2.80203e-05     0.000213467
1394     7.50678e-05     0.000369789     0.000369771     0.0003698     0.000210166     3.63669e-05     0.000292809
1398     5.00452e-05     0.000248315     0.000248303     0.000248322     0.000141161     2.38747e-05     0.000196784
1402     5.00452e-05     0.000249824     0.000249811     0.000249831     0.00014162     2.2393e-05     0.000197975
1406     7.00633e-05     0.000352026     0.000352009     0.000352037     0.00019949     3.06006e-05     0.000279118
1410     5.00452e-05     0.000253153     0.00025314     0.00025316     0.000143246     2.08344e-05     0.000200787
1414     4.00362e-05     0.000203724     0.000203714     0.00020373     0.00011513     1.61111e-05     0.000161592
1418     3.00271e-05     0.000153796     0.000153788     0.0001538     8.66882e-05     1.12397e-05     0.000121983
1422     2.50226e-05     0.000129108     0.000129102     0.000129112     7.25648e-05     8.57541e-06     0.000102401
1426     3.00271e-05     0.000155923     0.000155916     0.000155928     8.75302e-05     9.61424e-06     0.000123733
1430     3.00271e-05     0.000156655     0.000156647     0.000156659     8.7937e-05     9.56293e-06     0.000124332
1434     6.50588e-05     0.000342114     0.000342097     0.000342124     0.000191866     1.91941e-05     0.000271736
1438     3.50317e-05     0.00018521     0.000185201     0.000185215     0.000103708     9.612e-06     0.00014713
1442     2.50226e-05     0.00013317     0.000133163     0.000133174     7.45743e-05     6.47656e-06     0.000105892
1446     2.00181e-05     0.000107164     0.000107159     0.000107167     5.98288e-05     4.53701e-06     8.51896e-05
1450     2.50226e-05     0.000134673     0.000134666     0.000134677     7.50971e-05     5.29855e-06     0.000107062
1454     2.50226e-05     0.000135744     0.000135738     0.000135748     7.56377e-05     4.65531e-06     0.000108009
1458     4.50407e-05     0.000245771     0.000245759     0.000245779     0.000136937     7.89106e-06     0.000195663
1462     3.50317e-05     0.000192377     0.000192368     0.000192383     0.00010688     4.82874e-06     0.000153157
1466     4.00362e-05     0.000221048     0.000221037     0.000221054     0.000122613     4.52847e-06     0.000176021
1470     3.00271e-05     0.000166973     0.000166965     0.000166978     9.25239e-05     2.66699e-06     0.000133035
1474     1.50136e-05     8.39422e-05     8.39381e-05     8.39446e-05     4.64863e-05     1.0771e-06     6.691e-05
1478     2.00181e-05     0.000112733     0.000112727     0.000112736     6.23856e-05     1.07473e-06     8.98953e-05
1482     3.50317e-05     0.000198358     0.000198349     0.000198364     0.000109663     9.31028e-07     0.000158278
1486     3.50317e-05     0.000199319     0.000199309     0.000199325     0.000110117     2.44396e-07     0.000159119
1490     3.50317e-05     0.000200261     0.000200252     0.000200267     0.000110584     -1.90276e-07     0.000159913
1494     4.00362e-05     0.000230722     0.000230711     0.000230729     0.00012703     -2.22656e-06     0.000184309
1498     1.50136e-05     8.70415e-05     8.70373e-05     8.7044e-05     4.78429e-05     -1.18295e-06     6.95293e-05
1502     2.50226e-05     0.000145834     0.000145827     0.000145838     8.02606e-05     -2.30144e-06     0.000116649
1506     3.00271e-05     0.000176278     0.00017627     0.000176284     9.68604e-05     -3.79885e-06     0.000141069
1510     3.50317e-05     0.000206574     0.000206564     0.00020658     0.000113488     -4.72152e-06     0.00016535
1514     3.00271e-05     0.000178152     0.000178144     0.000178157     9.77888e-05     -4.86953e-06     0.000142683
1518     5.00452e-06     2.98049e-05     2.98034e-05     2.98058e-05     1.63225e-05     -9.96358e-07     2.38733e-05
1522     2.00181e-05     0.000120353     0.000120347     0.000120357     6.59898e-05     -4.31443e-06     9.65276e-05
1526     2.00181e-05     0.000120778     0.000120772     0.000120782     6.61422e-05     -4.75273e-06     9.68803e-05
1530     5.50497e-05     0.000334379     0.000334363     0.000334389     0.000182663     -1.54591e-05     0.000268266
1534     4.00362e-05     0.000244666     0.000244654     0.000244673     0.000133439     -1.26998e-05     0.000196371
1538     3.00271e-05     0.000184328     0.000184319     0.000184334     0.000100514     -1.00633e-05     0.000148025
1542     2.50226e-05     0.000154574     0.000154567     0.000154579     8.423e-05     -9.20046e-06     0.000124224
1546     2.50226e-05     0.000155523     0.000155515     0.000155527     8.45863e-05     -1.02607e-05     0.000125038
1550     2.50226e-05     0.00015638     0.000156373     0.000156385     8.50744e-05     -1.06492e-05     0.000125809
1554     4.00362e-05     0.000251629     0.000251617     0.000251636     0.00013686     -1.7879e-05     0.000202549
1558     2.50226e-05     0.000158083     0.000158075     0.000158087     8.5876e-05     -1.19617e-05     0.000127296
1562     2.00181e-05     0.000127191     0.000127184     0.000127194     6.91185e-05     -1.00965e-05     0.000102528
1566     1.0009e-05     6.3933e-05     6.39299e-05     6.39348e-05     3.46372e-05     -5.58961e-06     5.15412e-05
1570     2.50226e-05     0.000160725     0.000160717     0.000160729     8.70984e-05     -1.41347e-05     0.000129606
1574     5.50497e-05     0.000355556     0.000355539     0.000355567     0.000192873     -3.19989e-05     0.000287015
1578     2.00181e-05     0.000129958     0.000129952     0.000129962     7.03749e-05     -1.25379e-05     0.000104954
1582     1.0009e-05     6.54236e-05     6.54204e-05     6.54254e-05     3.54417e-05     -6.55467e-06     5.28925e-05
1586     2.00181e-05     0.000131505     0.000131498     0.000131509     7.11351e-05     -1.39902e-05     0.000106373
1590     1.50136e-05     9.92031e-05     9.91983e-05     9.92059e-05     5.36721e-05     -1.08133e-05     8.02995e-05
1594     2.00181e-05     0.00013303     0.000133023     0.000133033     7.19401e-05     -1.49149e-05     0.000107726
1598     3.00271e-05     0.000200472     0.000200462     0.000200478     0.000108232     -2.35635e-05     0.00016238
1602     2.00181e-05     0.000134451     0.000134444     0.000134455     7.26418e-05     -1.6257e-05     0.000109028
1606     2.00181e-05     0.000135035     0.000135028     0.000135039     7.29377e-05     -1.66691e-05     0.000109546
1610     2.50226e-05     0.00016983     0.000169822     0.000169835     9.17614e-05     -2.15603e-05     0.000137902
1614     2.00181e-05     0.000136542     0.000136535     0.000136546     7.37929e-05     -1.78038e-05     0.000110968
1618     1.0009e-05     6.8597e-05     6.85937e-05     6.8599e-05     3.7001e-05     -9.34683e-06     5.57586e-05
1622     1.50136e-05     0.000103408     0.000103403     0.000103411     5.5657e-05     -1.48531e-05     8.40836e-05
1626     0     0     0     0     0     0     0
1630     5.00452e-06     3.48863e-05     3.48846e-05     3.48873e-05     1.8803e-05     -5.25761e-06     2.84306e-05
1634     1.0009e-05     7.00533e-05     7.00499e-05     7.00553e-05     3.77572e-05     -1.05575e-05     5.70899e-05
1638     1.50136e-05     0.000105764     0.000105759     0.000105767     5.68533e-05     -1.68012e-05     8.62116e-05
1642     1.50136e-05     0.000106331     0.000106325     0.000106334     5.71897e-05     -1.72932e-05     8.67667e-05
1646     5.00452e-06     3.56327e-05     3.56309e-05     3.56337e-05     1.91486e-05     -6.00169e-06     2.90969e-05
1650     2.00181e-05     0.000143152     0.000143145     0.000143156     7.70045e-05     -2.42499e-05     0.000116979
1654     3.00271e-05     0.000215813     0.000215802     0.000215819     0.000116165     -3.70362e-05     0.000176493
1658     1.0009e-05     7.23519e-05     7.23484e-05     7.2354e-05     3.88773e-05     -1.28665e-05     5.91891e-05
1662     4.00362e-05     0.000290887     0.000290873     0.000290895     0.000156749     -5.19753e-05     0.000238359
1666     1.0009e-05     7.31209e-05     7.31173e-05     7.3123e-05     3.93236e-05     -1.36032e-05     5.99413e-05
1670     5.00452e-06     3.67127e-05     3.67109e-05     3.67138e-05     1.97437e-05     -6.82995e-06     3.00955e-05
1674     1.50136e-05     0.000110733     0.000110728     0.000110736     5.95006e-05     -2.12628e-05     9.08373e-05
1678     1.0009e-05     7.42402e-05     7.42366e-05     7.42423e-05     3.99067e-05     -1.45727e-05     6.09629e-05
1682     1.0009e-05     7.46611e-05     7.46575e-05     7.46632e-05     4.00932e-05     -1.51184e-05     6.1349e-05
1686     2.00181e-05     0.00014981     0.000149803     0.000149815     8.04516e-05     -3.06939e-05     0.000123156
1690     1.0009e-05     7.5196e-05     7.51924e-05     7.51982e-05     4.03835e-05     -1.55859e-05     6.1846e-05
1694     1.0009e-05     7.56532e-05     7.56496e-05     7.56554e-05     4.06481e-05     -1.61816e-05     6.23147e-05
1698     1.50136e-05     0.000114099     0.000114094     0.000114103     6.1336e-05     -2.4605e-05     9.40371e-05
1702     5.00452e-06     3.81468e-05     3.81449e-05     3.81479e-05     2.04626e-05     -8.52691e-06     3.14512e-05
1706     1.0009e-05     7.67803e-05     7.67766e-05     7.67825e-05     4.11926e-05     -1.73392e-05     6.33346e-05
1710     5.00452e-06     3.86528e-05     3.86509e-05     3.86539e-05     2.07517e-05     -8.98214e-06     3.19329e-05
1714     5.00452e-06     3.88106e-05     3.88087e-05     3.88117e-05     2.08364e-05     -9.0188e-06     3.20632e-05
1718     1.50136e-05     0.000116945     0.00011694     0.000116949     6.28792e-05     -2.7512e-05     9.67357e-05
1722     1.50136e-05     0.000117501     0.000117495     0.000117504     6.32424e-05     -2.80693e-05     9.73059e-05
1726     1.0009e-05     7.86541e-05     7.86503e-05     7.86564e-05     4.23114e-05     -1.90497e-05     6.51569e-05
1730     1.50136e-05     0.000118605     0.000118599     0.000118608     6.3782e-05     -2.94883e-05     9.83468e-05
1734     2.00181e-05     0.000159084     0.000159077     0.000159089     8.55732e-05     -4.01715e-05     0.000132019
1738     5.00452e-06     3.99315e-05     3.99295e-05     3.99326e-05     2.14829e-05     -1.01763e-05     3.31539e-05
1742     5.00452e-06     4.01073e-05     4.01053e-05     4.01084e-05     2.16461e-05     -1.02478e-05     3.33547e-05
1746     5.00452e-06     4.02985e-05     4.02966e-05     4.02997e-05     2.16806e-05     -1.06916e-05     3.3518e-05
1750     1.0009e-05     8.09643e-05     8.09604e-05     8.09666e-05     4.36054e-05     -2.15656e-05     6.73885e-05
1754     1.0009e-05     8.14957e-05     8.14917e-05     8.1498e-05     4.3928e-05     -2.20348e-05     6.79038e-05
1758     0     0     0     0     0     0     0
1762     0     0     0     0     0     0     0
1766     5.00452e-06     4.1354e-05     4.1352e-05     4.13552e-05     2.22541e-05     -1.18297e-05     3.45193e-05
1770     0     0     0     0     0     0     0
1774     1.50136e-05     0.000125009     0.000125003     0.000125013     6.73915e-05     -3.65527e-05     0.000104543
1778     1.0009e-05     8.36794e-05     8.36753e-05     8.36818e-05     4.51141e-05     -2.46106e-05     7.00006e-05
1782     1.0009e-05     8.40309e-05     8.40268e-05     8.40333e-05     4.54229e-05     -2.48315e-05     7.03982e-05
1786     2.00181e-05     0.000168859     0.000168851     0.000168864     9.11147e-05     -5.10379e-05     0.000141498
1790     1.0009e-05     8.49021e-05     8.4898e-05     8.49046e-05     4.59164e-05     -2.59544e-05     7.12581e-05
1794     1.0009e-05     8.5327e-05     8.53229e-05     8.53294e-05     4.61734e-05     -2.6243e-05     7.1655e-05
1798     1.0009e-05     8.5495e-05     8.54909e-05     8.54975e-05     4.62917e-05     -2.64536e-05     7.18365e-05
1802     5.00452e-06     4.30852e-05     4.30831e-05     4.30864e-05     2.32868e-05     -1.36854e-05     3.62177e-05
1806     1.0009e-05     8.63588e-05     8.63546e-05     8.63613e-05     4.67443e-05     -2.77243e-05     7.26796e-05
1810     1.0009e-05     8.6801e-05     8.67968e-05     8.68035e-05     4.6976e-05     -2.81274e-05     7.30798e-05
1814     0     0     0     0     0     0     0
1818     1.0009e-05     8.7607e-05     8.76028e-05     8.76095e-05     4.73877e-05     -2.91971e-05     7.3843e-05
1822     5.00452e-06     4.39024e-05     4.39003e-05     4.39037e-05     2.37773e-05     -1.47905e-05     3.70459e-05
1826     5.00452e-06     4.42548e-05     4.42527e-05     4.42561e-05     2.40113e-05     -1.50348e-05     3.73893e-05
1830     1.50136e-05     0.000133112     0.000133105     0.000133115     7.22416e-05     -4.56727e-05     0.00011253
1834     0     0     0     0     0     0     0
1838     1.0009e-05     8.96331e-05     8.96287e-05     8.96356e-05     4.87247e-05     -3.11998e-05     7.58854e-05
1842     2.00181e-05     0.000179771     0.000179763     0.000179776     9.76078e-05     -6.39299e-05     0.000152283
1846     5.00452e-06     4.50895e-05     4.50873e-05     4.50908e-05     2.44816e-05     -1.60346e-05     3.8195e-05
1850     5.00452e-06     4.53031e-05     4.53009e-05     4.53044e-05     2.47173e-05     -1.60265e-05     3.84479e-05
1854     5.00452e-06     4.55172e-05     4.5515e-05     4.55185e-05     2.47502e-05     -1.66028e-05     3.86326e-05
1858     5.00452e-06     4.58105e-05     4.58083e-05     4.58118e-05     2.49743e-05     -1.67904e-05     3.89345e-05
1862     1.0009e-05     9.20154e-05     9.2011e-05     9.20181e-05     5.02181e-05     -3.40991e-05     7.82854e-05
1866     0     0     0     0     0     0     0
1870     1.0009e-05     9.25136e-05     9.25091e-05     9.25162e-05     5.04503e-05     -3.49373e-05     7.87587e-05
1874     5.00452e-06     4.66171e-05     4.66148e-05     4.66184e-05     2.55169e-05     -1.78618e-05     3.97804e-05
1878     5.00452e-06     4.67141e-05     4.67119e-05     4.67154e-05     2.557e-05     -1.78989e-05     3.98632e-05
1882     0     0     0     0     0     0     0
1886     0     0     0     0     0     0     0
1890     2.00181e-05     0.000189158     0.000189149     0.000189164     0.000103481     -7.51692e-05     0.000161681
1894     5.00452e-06     4.7479e-05     4.74767e-05     4.74803e-05     2.60043e-05     -1.89868e-05     4.06159e-05
1898     0     0     0     0     0     0     0
1902     5.00452e-06     4.78694e-05     4.78671e-05     4.78708e-05     2.62892e-05     -1.94944e-05     4.10357e-05
1906     0     0     0     0     0     0     0
1910     0     0     0     0     0     0     0
1914     5.00452e-06     4.8446e-05     4.84436e-05     4.84473e-05     2.66688e-05     -2.01134e-05     4.16133e-05
1918     1.0009e-05     9.74432e-05     9.74385e-05     9.7446e-05     5.37015e-05     -4.08492e-05     8.37825e-05
1922     5.00452e-06     4.88457e-05     4.88433e-05     4.88471e-05     2.69507e-05     -2.06721e-05     4.20394e-05
1926     5.00452e-06     4.90593e-05     4.90569e-05     4.90607e-05     2.70686e-05     -2.07625e-05     4.22232e-05
1930     5.00452e-06     4.9323e-05     4.93206e-05     4.93244e-05     2.72776e-05     -2.12691e-05     4.25329e-05
1934     0     0     0     0     0     0     0
1938     5.00452e-06     4.96265e-05     4.96241e-05     4.96279e-05     2.74855e-05     -2.15741e-05     4.28385e-05
1942     0     0     0     0     0     0     0
1946     5.00452e-06     5.00462e-05     5.00438e-05     5.00476e-05     2.7735e-05     -2.20061e-05     4.32373e-05
1950     0     0     0     0     0     0     0
1954     0     0     0     0     0     0     0
1958     5.00452e-06     5.06241e-05     5.06216e-05     5.06255e-05     2.81604e-05     -2.28493e-05     4.38632e-05
1962     0     0     0     0     0     0     0
1966     0     0     0     0     0     0     0
1970     5.00452e-06     5.13039e-05     5.13014e-05     5.13053e-05     2.85538e-05     -2.37293e-05     4.45195e-05
1974     0     0     0     0     0     0     0
1978     5.00452e-06     5.172e-05     5.17175e-05     5.17214e-05     2.88743e-05     -2.4268e-05     4.49701e-05
1982     1.50136e-05     0.000155734     0.000155727     0.000155739     8.7162e-05     -7.33242e-05     0.000135569
1986     0     0     0     0     0     0     0
1990     0     0     0     0     0     0     0
1994     0     0     0     0     0     0     0
1998     5.00452e-06     5.27866e-05     5.27841e-05     5.27881e-05     2.95197e-05     -2.55778e-05     4.60064e-05
2002     0     0     0     0     0     0     0
2006     5.00452e-06     5.31651e-05     5.31625e-05     5.31666e-05     5.594e-05     5.94514e-05     5.42593e-05
2010     0     0     0     0     0     0     0
2014     1.0009e-05     0.000106965     0.00010696     0.000106968     0.000112548     0.000119613     0.000109167
2018     1.0009e-05     0.000107543     0.000107537     0.000107546     0.000113156     0.000120259     0.000109756
2022     0     0     0     0     0     0     0
2026     5.00452e-06     5.42451e-05     5.42424e-05     5.42466e-05     5.70763e-05     6.06591e-05     5.53615e-05
2030     5.00452e-06     5.44179e-05     5.44153e-05     5.44194e-05     5.72582e-05     6.08524e-05     5.55379e-05
2034     5.00452e-06     5.46434e-05     5.46408e-05     5.4645e-05     5.74955e-05     6.11046e-05     5.57681e-05
2038     0     0     0     0     0     0     0
2042     0     0     0     0     0     0     0
2046     0     0     0     0     0     0     0
2050     5.00452e-06     5.54615e-05     5.54588e-05     5.54631e-05     5.83563e-05     6.20194e-05     5.6603e-05
2054     1.0009e-05     0.000111248     0.000111243     0.000111251     0.000117055     0.000124403     0.000113538
2058     0     0     0     0     0     0     0
2062     0     0     0     0     0     0     0
2066     0     0     0     0     0     0     0
2070     1.0009e-05     0.000112798     0.000112793     0.000112801     0.000118685     0.000126135     0.00011512
2074     1.50136e-05     0.000169929     0.000169921     0.000169934     0.000178798     0.000190022     0.000173426
2078     0     0     0     0     0     0     0
2082     0     0     0     0     0     0     0
2086     5.00452e-06     5.71663e-05     5.71636e-05     5.71679e-05     6.01501e-05     6.39258e-05     5.83429e-05
2090     0     0     0     0     0     0     0
2094     0     0     0     0     0     0     0
2098     0     0     0     0     0     0     0
2102     0     0     0     0     0     0     0
2106     0     0     0     0     0     0     0
2110     0     0     0     0     0     0     0
2114     5.00452e-06     5.86735e-05     5.86707e-05     5.86751e-05     6.17359e-05     6.56112e-05     5.98811e-05
2118     0     0     0     0     0     0     0
2122     0     0     0     0     0     0     0
2126     5.00452e-06     5.93373e-05     5.93345e-05     5.9339e-05     6.24344e-05     6.63535e-05     6.05586e-05
2130     0     0     0     0     0     0     0
2134     0     0     0     0     0     0     0
2138     0     0     0     0     0     0     0
2142     1.0009e-05     0.000120329     0.000120323     0.000120332     0.000126609     0.000134557     0.000122806
2146     5.00452e-06     6.03858e-05     6.03829e-05     6.03875e-05     6.35376e-05     6.7526e-05     6.16287e-05
2150     1.0009e-05     0.000121239     0.000121233     0.000121243     0.000127567     0.000135575     0.000123734
2154     0     0     0     0     0     0     0
2158     5.00452e-06     6.09008e-05     6.08978e-05     6.09025e-05     6.40795e-05     6.81018e-05     6.21542e-05
2162     0     0     0     0     0     0     0
2166     0     0     0     0     0     0     0
2170     0     0     0     0     0     0     0
2174     0     0     0     0     0     0     0
2178     1.0009e-05     0.000124162     0.000124156     0.000124165     0.000130642     0.000138843     0.000126717
2182     0     0     0     0     0     0     0
2186     0     0     0     0     0     0     0
2190     0     0     0     0     0     0     0
2194     0     0     0     0     0     0     0
2198     0     0     0     0     0     0     0
2202     0     0     0     0     0     0     0
2206     0     0     0     0     0     0     0
2210     0     0     0     0     0     0     0
2214     0     0     0     0     0     0     0
2218     0     0     0     0     0     0     0
2222     5.00452e-06     6.43064e-05     6.43033e-05     6.43082e-05     6.76628e-05     7.19101e-05     6.56299e-05
2226     5.00452e-06     6.44526e-05     6.44495e-05     6.44545e-05     6.78167e-05     7.20737e-05     6.57792e-05
2230     0     0     0     0     0     0     0
2234     0     0     0     0     0     0     0
2238     1.0009e-05     0.00013027     0.000130264     0.000130274     0.00013707     0.000145674     0.000132951
2242     0     0     0     0     0     0     0
2246     5.00452e-06     6.5584e-05     6.55809e-05     6.55859e-05     6.90071e-05     7.33388e-05     6.69339e-05
2250     0     0     0     0     0     0     0
2254     5.00452e-06     6.59399e-05     6.59367e-05     6.59417e-05     6.93816e-05     7.37367e-05     6.7297e-05
2258     0     0     0     0     0     0     0
2262     1.0009e-05     0.000132829     0.000132822     0.000132832     0.000139761     0.000148534     0.000135562
2266     0     0     0     0     0     0     0
2270     0     0     0     0     0     0     0
2274     0     0     0     0     0     0     0
2278     0     0     0     0     0     0     0
2282     0     0     0     0     0     0     0
2286     0     0     0     0     0     0     0
2290     5.00452e-06     6.7911e-05     6.79078e-05     6.79129e-05     7.14556e-05     7.59409e-05     6.93087e-05
2294     0     0     0     0     0     0     0
2298     0     0     0     0     0     0     0
2302     0     0     0     0     0     0     0
2306     0     0     0     0     0     0     0
2310     0     0     0     0     0     0     0
2314     0     0     0     0     0     0     0
2318     0     0     0     0     0     0     0
2322     0     0     0     0     0     0     0
2326     0     0     0     0     0     0     0
2330     0     0     0     0     0     0     0
2334     0     0     0     0     0     0     0
2338     5.00452e-06     7.04281e-05     7.04247e-05     7.04301e-05     7.41041e-05     7.87557e-05     7.18777e-05
2342     0     0     0     0     0     0     0
2346     0     0     0     0     0     0     0
2350     0     0     0     0     0     0     0
2354     0     0     0     0     0     0     0
2358     0     0     0     0     0     0     0
2362     0     0     0     0     0     0     0
2366     0     0     0     0     0     0     0
2370     0     0     0     0     0     0     0
2374     0     0     0     0     0     0     0
2378     5.00452e-06     7.26674e-05     7.26639e-05     7.26694e-05     7.64602e-05     8.12597e-05     7.4163e-05
2382     0     0     0     0     0     0     0
2386     0     0     0     0     0     0     0
2390     5.00452e-06     7.33339e-05     7.33304e-05     7.3336e-05     7.71615e-05     8.2005e-05     7.48432e-05
2394     0     0     0     0     0     0     0
2398     0     0     0     0     0     0     0
2402     0     0     0     0     0     0     0
2406     0     0     0     0     0     0     0
2410     5.00452e-06     7.43598e-05     7.43562e-05     7.43619e-05     7.8241e-05     8.31522e-05     7.58902e-05
2414     0     0     0     0     0     0     0
2418     0     0     0     0     0     0     0
2422     5.00452e-06     7.4978e-05     7.49744e-05     7.49801e-05     7.88914e-05     8.38435e-05     7.65212e-05
2426     0     0     0     0     0     0     0
2430     5.00452e-06     7.53347e-05     7.53311e-05     7.53369e-05     7.92668e-05     8.42424e-05     7.68852e-05
2434     0     0     0     0     0     0     0
2438     0     0     0     0     0     0     0
2442     0     0     0     0     0     0     0
2446     0     0     0     0     0     0     0
2450     0     0     0     0     0     0     0
2454     0     0     0     0     0     0     0
2458     0     0     0     0     0     0     0
2462     1.0009e-05     0.000154213     0.000154205     0.000154217     0.000162262     0.000172447     0.000157387
2466     0     0     0     0     0     0     0
2470     0     0     0     0     0     0     0
2474     0     0     0     0     0     0     0
2478     0     0     0     0     0     0     0
2482     0     0     0     0     0     0     0
2486     0     0     0     0     0     0     0
2490     0     0     0     0     0     0     0
2494     0     0     0     0     0     0     0
2498     0     0     0     0     0     0     0
2502     0     0     0     0     0     0     0
2506     0     0     0     0     0     0     0
2510     0     0     0     0     0     0     0
2514     0     0     0     0     0     0     0
2518     0     0     0     0     0     0     0
2522     0     0     0     0     0     0     0
2526     5.00452e-06     8.0575e-05     8.05711e-05     8.05773e-05     8.47806e-05     9.01023e-05     8.22334e-05
2530     0     0     0     0     0     0     0
2534     0     0     0     0     0     0     0
2538     0     0     0     0     0     0     0
2542     0     0     0     0     0     0     0
2546     0     0     0     0     0     0     0
2550     0     0     0     0     0     0     0
2554     0     0     0     0     0     0     0
2558     0     0     0     0     0     0     0
2562     0     0     0     0     0     0     0
2566     0     0     0     0     0     0     0
2570     0     0     0     0     0     0     0
2574     0     0     0     0     0     0     0
2578     0     0     0     0     0     0     0
2582     5.00452e-06     8.36141e-05     8.36101e-05     8.36165e-05     8.79783e-05     9.35008e-05     8.53351e-05
2586     0     0     0     0     0     0     0
2590     0     0     0     0     0     0     0
2594     0     0     0     0     0     0     0
2598     0     0     0     0     0     0     0
2602     0     0     0     0     0     0     0
2606     0     0     0     0     0     0     0
2610     0     0     0     0     0     0     0
2614     0     0     0     0     0     0     0
2618     0     0     0     0     0     0     0
2622     0     0     0     0     0     0     0
2626     0     0     0     0     0     0     0
2630     0     0     0     0     0     0     0
2634     0     0     0     0     0     0     0
2638     0     0     0     0     0     0     0
2642     0     0     0     0     0     0     0
2646     0     0     0     0     0     0     0
2650     0     0     0     0     0     0     0
2654     0     0     0     0     0     0     0
2658     0     0     0     0     0     0     0
2662     0     0     0     0     0     0     0
2666     5.00452e-06     8.83386e-05     8.83344e-05     8.83411e-05     9.29494e-05     9.87839e-05     9.01568e-05
2670     0     0     0     0     0     0     0
2674     5.00452e-06     8.87738e-05     8.87695e-05     8.87763e-05     9.34073e-05     9.92706e-05     9.06009e-05
2678     0     0     0     0     0     0     0
2682     0     0     0     0     0     0     0
2686     0     0     0     0     0     0     0
2690     0     0     0     0     0     0     0
2694     0     0     0     0     0     0     0
2698     0     0     0     0     0     0     0
2702     0     0     0     0     0     0     0
2706     0     0     0     0     0     0     0
2710     0     0     0     0     0     0     0
2714     0     0     0     0     0     0     0
2718     0     0     0     0     0     0     0
2722     0     0     0     0     0     0     0
2726     0     0     0     0     0     0     0
2730     0     0     0     0     0     0     0
2734     0     0     0     0     0     0     0
2738     0     0     0     0     0     0     0
2742     0     0     0     0     0     0     0
2746     0     0     0     0     0     0     0
2750     0     0     0     0     0     0     0
2754     0     0     0     0     0     0     0
2758     0     0     0     0     0     0     0
2762     0     0     0     0     0     0     0
2766     0     0     0     0     0     0     0
2770     0     0     0     0     0     0     0
2774     0     0     0     0     0     0     0
2778     0     0     0     0     0     0     0
2782     0     0     0     0     0     0     0
2786     0     0     0     0     0     0     0
2790     0     0     0     0     0     0     0
2794     0     0     0     0     0     0     0
2798     0     0     0     0     0     0     0
2802     0     0     0     0     0     0     0
2806     0     0     0     0     0     0     0
2810     0     0     0     0     0     0     0
2814     0     0     0     0     0     0     0
2818     0     0     0     0     0     0     0
2822     0     0     0     0     0     0     0
2826     0     0     0     0     0     0     0
2830     0     0     0     0     0     0     0
2834     0     0     0     0     0     0     0
2838     0     0     0     0     0     0     0
2842     0     0     0     0     0     0     0
2846     0     0     0     0     0     0     0
2850     0     0     0     0     0     0     0
2854     0     0     0     0     0     0     0
2858     0     0     0     0     0     0     0
2862     0     0     0     0     0     0     0
2866     0     0     0     0     0     0     0
2870     0     0     0     0     0     0     0
2874     0     0     0     0     0     0     0
2878     0     0     0     0     0     0     0
2882     0     0     0     0     0     0     0
2886     0     0     0     0     0     0     0
2890     5.00452e-06     0.000100701     0.000100696     0.000100704     0.000105957     0.000112608     0.000102774
2894     0     0     0     0     0     0     0
2898     0     0     0     0     0     0     0
2902     0     0     0     0     0     0     0
2906     0     0     0     0     0     0     0
2910     0     0     0     0     0     0     0
2914     0     0     0     0     0     0     0
2918     0     0     0     0     0     0     0
2922     0     0     0     0     0     0     0
2926     0     0     0     0     0     0     0
2930     0     0     0     0     0     0     0
2934     0     0     0     0     0     0     0
2938     0     0     0     0     0     0     0
2942     0     0     0     0     0     0     0
2946     0     0     0     0     0     0     0
2950     0     0     0     0     0     0     0
2954     0     0     0     0     0     0     0
2958     0     0     0     0     0     0     0
2962     0     0     0     0     0     0     0
2966     0     0     0     0     0     0     0
2970     0     0     0     0     0     0     0
2974     0     0     0     0     0     0     0
2978     0     0     0     0     0     0     0
2982     0     0     0     0     0     0     0
2986     0     0     0     0     0     0     0
2990     0     0     0     0     0     0     0
2994     0     0     0     0     0     0     0
2998     0     0     0     0     0     0     0
3002     0     0     0     0     0     0     0
3006     0     0     0     0     0     0     0
3010     0     0     0     0     0     0     0
3014     0     0     0     0     0     0     0
3018     0     0     0     0     0     0     0
3022     0     0     0     0     0     0     0
3026     0     0     0     0     0     0     0
3030     0     0     0     0     0     0     0
3034     0     0     0     0     0     0     0
3038     0     0     0     0     0     0     0
3042     0     0     0     0     0     0     0
3046     0     0     0     0     0     0     0
3050     0     0     0     0     0     0     0
3054     0     0     0     0     0     0     0
3058     0     0     0     0     0     0     0
3062     5.00452e-06     0.000110394     0.000110389     0.000110397     0.000116156     0.000123447     0.000112666
3066     0     0     0     0     0     0     0
3070     0     0     0     0     0     0     0
3074     0     0     0     0     0     0     0
3078     0     0     0     0     0     0     0
3082     0     0     0     0     0     0     0
3086     0     0     0     0     0     0     0
3090     0     0     0     0     0     0     0
3094     0     0     0     0     0     0     0
3098     0     0     0     0     0     0     0
3102     0     0     0     0     0     0     0
3106     0     0     0     0     0     0     0
3110     0     0     0     0     0     0     0
3114     0     0     0     0     0     0     0
3118     0     0     0     0     0     0     0
3122     0     0     0     0     0     0     0
3126     0     0     0     0     0     0     0
3130     0     0     0     0     0     0     0
3134     0     0     0     0     0     0     0
3138     0     0     0     0     0     0     0
3142     0     0     0     0     0     0     0
3146     0     0     0     0     0     0     0
3150     0     0     0     0     0     0     0
3154     0     0     0     0     0     0     0
3158     0     0     0     0     0     0     0
3162     0     0     0     0     0     0     0
3166     0     0     0     0     0     0     0
3170     0     0     0     0     0     0     0
3174     0     0     0     0     0     0     0
3178     0     0     0     0     0     0     0
3182     0     0     0     0     0     0     0
3186     0     0     0     0     0     0     0
3190     0     0     0     0     0     0     0
3194     0     0     0     0     0     0     0
3198     0     0     0     0     0     0     0
3202     0     0     0     0     0     0     0
3206     0     0     0     0     0     0     0
3210     0     0     0     0     0     0     0
3214     0     0     0     0     0     0     0
3218     0     0     0     0     0     0     0
3222     0     0     0     0     0     0     0
3226     0     0     0     0     0     0     0
3230     0     0     0     0     0     0     0
3234     0     0     0     0     0     0     0
3238     0     0     0     0     0     0     0
3242     0     0     0     0     0     0     0
3246     0     0     0     0     0     0     0
3250     0     0     0     0     0     0     0
3254     0     0     0     0     0     0     0
3258     0     0     0     0     0     0     0
3262     0     0     0     0     0     0     0
3266     0     0     0     0     0     0     0
3270     0     0     0     0     0     0     0
3274     0     0     0     0     0     0     0
3278     0     0     0     0     0     0     0
3282     0     0     0     0     0     0     0
3286     0     0     0     0     0     0     0
3290     0     0     0     0     0     0     0
3294     0     0     0     0     0     0     0
3298     0     0     0     0     0     0     0
3302     0     0     0     0     0     0     0
3306     0     0     0     0     0     0     0
3310     0     0     0     0     0     0     0
3314     0     0     0     0     0     0     0
3318     0     0     0     0     0     0     0
3322     0     0     0     0     0     0     0
3326     0     0     0     0     0     0     0
3330     0     0     0     0     0     0     0
3334     0     0     0     0     0     0     0
3338     0     0     0     0     0     0     0
3342     0     0     0     0     0     0     0
3346     0     0     0     0     0     0     0
3350     0     0     0     0     0     0     0
3354     0     0     0     0     0     0     0
3358     0     0     0     0     0     0     0
3362     0     0     0     0     0     0     0
3366     0     0     0     0     0     0     0
3370     0     0     0     0     0     0     0
3374     0     0     0     0     0     0     0
3378     0     0     0     0     0     0     0
3382     0     0     0     0     0     0     0
3386     0     0     0     0     0     0     0
3390     0     0     0     0     0     0     0
3394     0     0     0     0     0     0     0
3398     0     0     0     0     0     0     0
3402     0     0     0     0     0     0     0
3406     0     0     0     0     0     0     0
3410     0     0     0     0     0     0     0
3414     0     0     0     0     0     0     0
3418     0     0     0     0     0     0     0
3422     0     0     0     0     0     0     0
3426     0     0     0     0     0     0     0
3430     0     0     0     0     0     0     0
3434     0     0     0     0     0     0     0
3438     0     0     0     0     0     0     0
3442     0     0     0     0     0     0     0
3446     0     0     0     0     0     0     0
3450     0     0     0     0     0     0     0
3454     5.00452e-06     0.000132544     0.000132537     0.000132547     0.000139462     0.000148216     0.000135272
3458     0     0     0     0     0     0     0
3462     0     0     0     0     0     0     0
3466     0     0     0     0     0     0     0
3470     0     0     0     0     0     0     0
3474     0     0     0     0     0     0     0
3478     0     0     0     0     0     0     0
3482     0     0     0     0     0     0     0
3486     0     0     0     0     0     0     0
3490     0     0     0     0     0     0     0
3494     0     0     0     0     0     0     0
3498     0     0     0     0     0     0     0
3502     0     0     0     0     0     0     0
3506     0     0     0     0     0     0     0
3510     0     0     0     0     0     0     0
3514     0     0     0     0     0     0     0
3518     0     0     0     0     0     0     0
3522     0     0     0     0     0     0     0
3526     0     0     0     0     0     0     0
3530     0     0     0     0     0     0     0
3534     0     0     0     0     0     0     0
3538     0     0     0     0     0     0     0
3542     0     0     0     0     0     0     0
3546     0     0     0     0     0     0     0
3550     0     0     0     0     0     0     0
3554     0     0     0     0     0     0     0
3558     0     0     0     0     0     0     0
3562     0     0     0     0     0     0     0
3566     0     0     0     0     0     0     0
3570     0     0     0     0     0     0     0
3574     0     0     0     0     0     0     0
3578     0     0     0     0     0     0     0
3582     0     0     0     0     0     0     0
3586     0     0     0     0     0     0     0
3590     0     0     0     0     0     0     0
3594     0     0     0     0     0     0     0
3598     0     0     0     0     0     0     0
3602     0     0     0     0     0     0     0
3606     0     0     0     0     0     0     0
3610     0     0     0     0     0     0     0
3614     0     0     0     0     0     0     0
3618     0     0     0     0     0     0     0
3622     0     0     0     0     0     0     0
3626     0     0     0     0     0     0     0
3630     0     0     0     0     0     0     0
3634     0     0     0     0     0     0     0
3638     0     0     0     0     0     0     0
3642     0     0     0     0     0     0     0
3646     0     0     0     0     0     0     0
3650     0     0     0     0     0     0     0
3654     0     0     0     0     0     0     0
3658     0     0     0     0     0     0     0
3662     0     0     0     0     0     0     0
3666     5.00452e-06     0.000144728     0.000144721     0.000144732     0.000152282     0.000161841     0.000147706
3670     0     0     0     0     0     0     0
3674     0     0     0     0     0     0     0
3678     0     0     0     0     0     0     0
3682     0     0     0     0     0     0     0
3686     0     0     0     0     0     0     0
3690     0     0     0     0     0     0     0
3694     0     0     0     0     0     0     0
3698     0     0     0     0     0     0     0
3702     0     0     0     0     0     0     0
3706     0     0     0     0     0     0     0
3710     0     0     0     0     0     0     0
3714     0     0     0     0     0     0     0
3718     0     0     0     0     0     0     0
3722     0     0     0     0     0     0     0
3726     0     0     0     0     0     0     0
3730     0     0     0     0     0     0     0
3734     0     0     0     0     0     0     0
3738     0     0     0     0     0     0     0
3742     0     0     0     0     0     0     0
3746     0     0     0     0     0     0     0
3750     0     0     0     0     0     0     0
3754     0     0     0     0     0     0     0
3758     0     0     0     0     0     0     0
3762     0     0     0     0     0     0     0
3766     0     0     0     0     0     0     0
3770     0     0     0     0     0     0     0
3774     0     0     0     0     0     0     0
3778     0     0     0     0     0     0     0
3782     0     0     0     0     0     0     0
3786     0     0     0     0     0     0     0
3790     0     0     0     0     0     0     0
3794     0     0     0     0     0     0     0
3798     0     0     0     0     0     0     0
3802     0     0     0     0     0     0     0
3806     0     0     0     0     0     0     0
3810     0     0     0     0     0     0     0
3814     0     0     0     0     0     0     0
3818     0     0     0     0     0     0     0
3822     0     0     0     0     0     0     0
3826     0     0     0     0     0     0     0
3830     0     0     0     0     0     0     0
3834     0     0     0     0     0     0     0
3838     0     0     0     0     0     0     0
3842     0     0     0     0     0     0     0
3846     0     0     0     0     0     0     0
3850     0     0     0     0     0     0     0
3854     0     0     0     0     0     0     0
3858     0     0     0     0     0     0     0
3862     0     0     0     0     0     0     0
3866     0     0     0     0     0     0     0
3870     0     0     0     0     0     0     0
3874     0     0     0     0     0     0     0
3878     0     0     0     0     0     0     0
3882     0     0     0     0     0     0     0
3886     0     0     0     0     0     0     0
3890     0     0     0     0     0     0     0
3894     0     0     0     0     0     0     0
3898     0     0     0     0     0     0     0
3902     0     0     0     0     0     0     0
3906     0     0     0     0     0     0     0
3910     0     0     0     0     0     0     0
3914     0     0     0     0     0     0     0
3918     0     0     0     0     0     0     0
3922     0     0     0     0     0     0     0
3926     0     0     0     0     0     0     0
3930     0     0     0     0     0     0     0
3934     0     0     0     0     0     0     0
3938     0     0     0     0     0     0     0
3942     0     0     0     0     0     0     0
3946     0     0     0     0     0     0     0
3950     0     0     0     0     0     0     0
3954     0     0     0     0     0     0     0
3958     0     0     0     0     0     0     0
3962     0     0     0     0     0     0     0
3966     0     0     0     0     0     0     0
3970     0     0     0     0     0     0     0
3974     0     0     0     0     0     0     0
3978     0     0     0     0     0     0     0
3982     0     0     0     0     0     0     0
3986     0     0     0     0     0     0     0
3990     0     0     0     0     0     0     0
3994     0     0     0     0     0     0     0
3998     0     0     0     0     0     0     0
