2     0     0     0     0     0     0     0
6     0     0     0     0     0     0     0
10     0     0     0     0     0     0     0
14     0     0     0     0     0     0     0
18     0     0     0     0     0     0     0
22     0     0     0     0     0     0     0
26     1.68665e-05     1.93463e-09     1.9346e-09     1.93466e-09     1.9494e-09     2.01273e-09     1.92169e-09
30     2.5516e-05     2.43246e-09     2.43242e-09     2.4325e-09     2.45103e-09     2.53065e-09     2.41619e-09
34     2.72459e-05     2.16992e-09     2.16987e-09     2.16994e-09     2.18648e-09     2.25751e-09     2.1554e-09
38     3.2868e-05     2.26354e-09     2.2635e-09     2.26357e-09     2.28082e-09     2.35491e-09     2.24839e-09
42     3.02732e-05     1.82016e-09     1.82013e-09     1.82019e-09     1.83406e-09     1.89364e-09     1.80798e-09
46     4.195e-05     2.22395e-09     2.22391e-09     2.22398e-09     2.24093e-09     2.31373e-09     2.20907e-09
50     4.28149e-05     2.03307e-09     2.03303e-09     2.03309e-09     2.04859e-09     2.11513e-09     2.01946e-09
54     5.14644e-05     2.22132e-09     2.22128e-09     2.22135e-09     2.23828e-09     2.31099e-09     2.20646e-09
58     6.78984e-05     2.69111e-09     2.69105e-09     2.69114e-09     2.71165e-09     2.79974e-09     2.6731e-09
62     5.27618e-05     1.94559e-09     1.94555e-09     1.94562e-09     1.96044e-09     2.02413e-09     1.93257e-09
66     7.61154e-05     2.62978e-09     2.62973e-09     2.62982e-09     2.64986e-09     2.73594e-09     2.61219e-09
70     7.82778e-05     2.57343e-09     2.57337e-09     2.57346e-09     2.59307e-09     2.6773e-09     2.55621e-09
74     7.82778e-05     2.46475e-09     2.4647e-09     2.46478e-09     2.48356e-09     2.56424e-09     2.44825e-09
78     7.13582e-05     2.17934e-09     2.1793e-09     2.17937e-09     2.19598e-09     2.26732e-09     2.16476e-09
82     9.38468e-05     2.79893e-09     2.79887e-09     2.79896e-09     2.82029e-09     2.91191e-09     2.7802e-09
86     0.000109848     3.22467e-09     3.22461e-09     3.22471e-09     3.24929e-09     3.35484e-09     3.20309e-09
90     9.38468e-05     2.73282e-09     2.73277e-09     2.73286e-09     2.75368e-09     2.84313e-09     2.71453e-09
94     0.000103794     3.0178e-09     3.01774e-09     3.01784e-09     3.04084e-09     3.13962e-09     2.99761e-09
98     0.000116335     3.39573e-09     3.39566e-09     3.39577e-09     3.42165e-09     3.5328e-09     3.37301e-09
102     0.000109416     3.22093e-09     3.22087e-09     3.22097e-09     3.24552e-09     3.35095e-09     3.19938e-09
106     0.000105956     3.16198e-09     3.16192e-09     3.16202e-09     3.18612e-09     3.28962e-09     3.14082e-09
110     0.000123688     3.78061e-09     3.78053e-09     3.78066e-09     3.80947e-09     3.93322e-09     3.75531e-09
114     0.000116768     3.69557e-09     3.6955e-09     3.69562e-09     3.72378e-09     3.84475e-09     3.67084e-09
118     0.000124985     4.16364e-09     4.16356e-09     4.16369e-09     4.19543e-09     4.33171e-09     4.13578e-09
122     0.000128877     4.62296e-09     4.62286e-09     4.62302e-09     4.65825e-09     4.80957e-09     4.59202e-09
126     0.000150501     5.93365e-09     5.93354e-09     5.93373e-09     5.97895e-09     6.17317e-09     5.89395e-09
130     0.000135797     6.1016e-09     6.10148e-09     6.10168e-09     6.14818e-09     6.3479e-09     6.06077e-09
134     0.000153096     7.94095e-09     7.94079e-09     7.94105e-09     8.00157e-09     8.26149e-09     7.88781e-09
138     0.000151798     9.43669e-09     9.4365e-09     9.43681e-09     9.50873e-09     9.81761e-09     9.37354e-09
142     0.00016261     1.26358e-08     1.26355e-08     1.26359e-08     1.27322e-08     1.31458e-08     1.25512e-08
146     0.00017126     1.71791e-08     1.71788e-08     1.71793e-08     1.73103e-08     1.78726e-08     1.70642e-08
150     0.000143149     1.97727e-08     1.97723e-08     1.9773e-08     1.99237e-08     2.05709e-08     1.96404e-08
154     0.000165637     3.50058e-08     3.50051e-08     3.50063e-08     3.5273e-08     3.64188e-08     3.47716e-08
158     0.000163908     6.4717e-08     6.47157e-08     6.47178e-08     6.52111e-08     6.73294e-08     6.42839e-08
162     0.000186829     1.98149e-07     1.98145e-07     1.98152e-07     1.99662e-07     2.06148e-07     1.96823e-07
166     0.000173854     3.40996e-07     3.40989e-07     3.41e-07     3.43599e-07     3.54761e-07     3.38714e-07
170     0.000186396     4.96178e-07     4.96168e-07     4.96184e-07     4.99965e-07     5.16206e-07     4.92857e-07
174     0.000189856     6.17603e-07     6.17591e-07     6.17611e-07     6.22318e-07     6.42533e-07     6.1347e-07
178     0.000187261     7.14363e-07     7.14349e-07     7.14373e-07     7.19817e-07     7.43199e-07     7.09583e-07
182     0.000212345     9.78024e-07     9.78004e-07     9.78036e-07     9.8549e-07     1.0175e-06     9.71479e-07
186     0.000223157     1.24314e-06     1.24311e-06     1.24315e-06     1.25263e-06     1.29332e-06     1.23482e-06
190     0.000226184     1.46533e-06     1.4653e-06     1.46535e-06     1.47651e-06     1.52448e-06     1.45552e-06
194     0.000208452     1.53171e-06     1.53168e-06     1.53173e-06     1.5434e-06     1.59354e-06     1.52146e-06
198     0.00021148     1.71341e-06     1.71337e-06     1.71343e-06     1.72649e-06     1.78257e-06     1.70194e-06
202     0.000226616     2.00732e-06     2.00728e-06     2.00735e-06     2.02265e-06     2.08835e-06     1.99389e-06
206     0.000210615     2.03226e-06     2.03223e-06     2.03228e-06     2.04778e-06     2.1143e-06     2.01866e-06
210     0.000222292     2.32328e-06     2.32324e-06     2.3233e-06     2.34295e-06     2.4199e-06     2.30908e-06
214     0.000217534     2.44405e-06     2.44401e-06     2.44407e-06     2.46651e-06     2.54828e-06     2.43035e-06
218     0.000216669     2.60733e-06     2.60729e-06     2.60735e-06     2.63149e-06     2.71881e-06     2.59285e-06
222     0.000230076     2.95391e-06     2.95387e-06     2.95394e-06     2.98173e-06     3.08087e-06     2.93781e-06
226     0.00024478     3.34508e-06     3.34503e-06     3.34511e-06     3.3768e-06     3.48918e-06     3.327e-06
230     0.000246078     3.57716e-06     3.57711e-06     3.57719e-06     3.61119e-06     3.73142e-06     3.5579e-06
234     0.000230509     3.55212e-06     3.55207e-06     3.55215e-06     3.5858e-06     3.70514e-06     3.53292e-06
238     0.000254295     4.14586e-06     4.1458e-06     4.14589e-06     4.18477e-06     4.32386e-06     4.12316e-06
242     0.000265539     4.57233e-06     4.57226e-06     4.57236e-06     4.6164e-06     4.77034e-06     4.5481e-06
246     0.00024305     4.41411e-06     4.41404e-06     4.41414e-06     4.45706e-06     4.60587e-06     4.39099e-06
250     0.00025343     4.84336e-06     4.84329e-06     4.8434e-06     4.89096e-06     5.05447e-06     4.81833e-06
254     0.000252132     5.06515e-06     5.06508e-06     5.06519e-06     5.11515e-06     5.28623e-06     5.03913e-06
258     0.000285433     6.03193e-06     6.03185e-06     6.03197e-06     6.09109e-06     6.29463e-06     6.00068e-06
262     0.000288028     6.37952e-06     6.37943e-06     6.37956e-06     6.44464e-06     6.6611e-06     6.34825e-06
266     0.000295812     6.86718e-06     6.86709e-06     6.86722e-06     6.93686e-06     7.16967e-06     6.83322e-06
270     0.000252997     6.14143e-06     6.14135e-06     6.14147e-06     6.20428e-06     6.41274e-06     6.11142e-06
274     0.000247375     6.28888e-06     6.28879e-06     6.28891e-06     6.35425e-06     6.5682e-06     6.25884e-06
278     0.000281108     7.45971e-06     7.45961e-06     7.45975e-06     7.53832e-06     7.79262e-06     7.42482e-06
282     0.000278946     7.73482e-06     7.73472e-06     7.73486e-06     7.81611e-06     8.07969e-06     7.69849e-06
286     0.000304894     8.81015e-06     8.81004e-06     8.8102e-06     8.90403e-06     9.20482e-06     8.76966e-06
290     0.000276783     8.32352e-06     8.32341e-06     8.32356e-06     8.4151e-06     8.70063e-06     8.28727e-06
294     0.000251267     7.86451e-06     7.86441e-06     7.86454e-06     7.95329e-06     8.22414e-06     7.83181e-06
298     0.000275053     8.94791e-06     8.9478e-06     8.94795e-06     9.04837e-06     9.35631e-06     8.9103e-06
302     0.000300137     1.01277e-05     1.01276e-05     1.01277e-05     1.02398e-05     1.05877e-05     1.0084e-05
306     0.000296245     1.03881e-05     1.0388e-05     1.03881e-05     1.05054e-05     1.08632e-05     1.03449e-05
310     0.000301434     1.09662e-05     1.09661e-05     1.09663e-05     1.10957e-05     1.14761e-05     1.09245e-05
314     0.000309219     1.16638e-05     1.16636e-05     1.16638e-05     1.18056e-05     1.2212e-05     1.16223e-05
318     0.000312679     1.22299e-05     1.22298e-05     1.223e-05     1.23763e-05     1.28013e-05     1.21848e-05
322     0.000313976     1.26919e-05     1.26918e-05     1.26919e-05     1.28483e-05     1.32915e-05     1.26482e-05
326     0.000319166     1.33395e-05     1.33394e-05     1.33395e-05     1.3508e-05     1.39757e-05     1.32965e-05
330     0.000287595     1.24149e-05     1.24148e-05     1.24149e-05     1.25754e-05     1.30123e-05     1.23774e-05
334     0.000317436     1.41436e-05     1.41435e-05     1.41436e-05     1.43304e-05     1.48298e-05     1.41036e-05
338     0.000321761     1.47989e-05     1.47988e-05     1.47989e-05     1.49981e-05     1.55221e-05     1.47598e-05
342     0.000314841     1.49535e-05     1.49534e-05     1.49535e-05     1.51624e-05     1.5695e-05     1.49195e-05
346     0.000331275     1.62757e-05     1.62756e-05     1.62756e-05     1.65073e-05     1.70883e-05     1.6242e-05
350     0.000313976     1.60439e-05     1.60439e-05     1.60439e-05     1.62781e-05     1.68532e-05     1.60149e-05
354     0.00033733     1.80499e-05     1.80498e-05     1.80498e-05     1.83252e-05     1.89776e-05     1.80255e-05
358     0.000353331     1.98178e-05     1.98177e-05     1.98177e-05     2.0144e-05     2.08714e-05     1.98076e-05
362     0.000365873     2.15255e-05     2.15255e-05     2.15254e-05     2.18693e-05     2.26554e-05     2.15066e-05
366     0.000355061     2.18206e-05     2.18206e-05     2.18204e-05     2.21787e-05     2.29802e-05     2.18079e-05
370     0.000339492     2.17733e-05     2.17733e-05     2.17731e-05     2.21535e-05     2.2964e-05     2.17764e-05
374     0.000356791     2.38813e-05     2.38813e-05     2.38811e-05     2.43255e-05     2.52274e-05     2.39035e-05
378     0.00033733     2.36142e-05     2.36142e-05     2.3614e-05     2.40697e-05     2.49695e-05     2.3647e-05
382     0.000364143     2.6514e-05     2.65141e-05     2.65137e-05     2.70396e-05     2.80576e-05     2.65602e-05
386     0.000381874     2.89193e-05     2.89194e-05     2.8919e-05     2.95127e-05     3.06331e-05     2.89832e-05
390     0.000369765     2.90497e-05     2.90498e-05     2.90494e-05     2.96655e-05     3.08009e-05     2.91271e-05
394     0.000375387     3.05482e-05     3.05483e-05     3.05478e-05     3.12168e-05     3.24213e-05     3.06438e-05
398     0.000359818     3.03293e-05     3.03295e-05     3.0329e-05     3.10137e-05     3.22199e-05     3.0438e-05
402     0.000376685     3.28337e-05     3.28339e-05     3.28333e-05     3.36054e-05     3.4927e-05     3.29719e-05
406     0.000386632     3.48453e-05     3.48455e-05     3.48448e-05     3.56959e-05     3.71146e-05     3.50132e-05
410     0.000384902     3.58126e-05     3.58128e-05     3.58121e-05     3.67117e-05     3.81826e-05     3.60016e-05
414     0.000405228     3.88854e-05     3.88856e-05     3.88848e-05     3.98882e-05     4.1499e-05     3.91083e-05
418     0.000389659     3.85309e-05     3.85311e-05     3.85303e-05     3.95574e-05     4.11703e-05     3.87737e-05
422     0.000403931     4.10875e-05     4.10878e-05     4.10868e-05     4.22193e-05     4.39591e-05     4.13708e-05
426     0.000415607     4.34726e-05     4.34729e-05     4.34719e-05     4.47165e-05     4.65813e-05     4.38032e-05
430     0.000406093     4.36627e-05     4.36631e-05     4.3662e-05     4.49537e-05     4.68482e-05     4.40225e-05
434     0.000404796     4.47299e-05     4.47303e-05     4.47291e-05     4.60972e-05     4.8061e-05     4.51283e-05
438     0.00040566     4.60384e-05     4.60388e-05     4.60376e-05     4.74966e-05     4.95437e-05     4.64824e-05
442     0.000406093     4.7289e-05     4.72894e-05     4.72881e-05     4.88412e-05     5.09733e-05     4.77807e-05
446     0.00040739     4.86367e-05     4.86372e-05     4.86359e-05     5.02795e-05     5.2498e-05     4.91724e-05
450     0.000450638     5.51122e-05     5.51127e-05     5.51112e-05     5.70377e-05     5.95862e-05     5.5761e-05
454     0.000430311     5.38989e-05     5.38995e-05     5.38979e-05     5.58504e-05     5.83791e-05     5.45785e-05
458     0.000425122     5.45192e-05     5.45198e-05     5.45182e-05     5.65579e-05     5.91493e-05     5.52495e-05
462     0.000421662     5.53246e-05     5.53253e-05     5.53236e-05     5.74772e-05     6.01489e-05     5.61219e-05
466     0.000439826     5.90355e-05     5.90362e-05     5.90343e-05     6.14021e-05     6.42873e-05     5.99332e-05
470     0.000450205     6.18289e-05     6.18296e-05     6.18276e-05     6.44033e-05     6.74728e-05     6.28335e-05
474     0.000464044     6.50832e-05     6.5084e-05     6.50819e-05     6.78791e-05     7.11539e-05     6.61982e-05
478     0.000464044     6.64701e-05     6.64709e-05     6.64687e-05     6.93982e-05     7.27808e-05     6.76568e-05
482     0.000454962     6.65835e-05     6.65844e-05     6.65821e-05     6.9666e-05     7.31341e-05     6.78703e-05
486     0.000471396     7.0453e-05     7.04539e-05     7.04514e-05     7.38129e-05     7.7537e-05     7.18782e-05
490     0.000464477     7.08788e-05     7.08798e-05     7.08773e-05     7.43805e-05     7.8192e-05     7.23923e-05
494     0.000472694     7.35794e-05     7.35804e-05     7.35778e-05     7.73334e-05     8.13527e-05     7.52288e-05
498     0.000472694     7.50649e-05     7.50659e-05     7.50632e-05     7.89918e-05     8.31432e-05     7.68116e-05
502     0.000490425     7.94184e-05     7.94196e-05     7.94166e-05     8.37715e-05     8.82681e-05     8.13976e-05
506     0.000467937     7.73032e-05     7.73044e-05     7.73014e-05     8.17092e-05     8.61766e-05     7.934e-05
510     0.00049475     8.33122e-05     8.33136e-05     8.33103e-05     8.8212e-05     9.311e-05     8.56054e-05
514     0.000482641     8.28209e-05     8.28222e-05     8.28189e-05     8.78394e-05     9.27909e-05     8.51956e-05
518     0.000484803     8.47882e-05     8.47896e-05     8.47862e-05     9.0089e-05     9.52493e-05     8.73242e-05
522     0.000505562     9.01265e-05     9.0128e-05     9.01243e-05     9.60199e-05     0.000101648     9.299e-05
526     0.000509887     9.25592e-05     9.25608e-05     9.25569e-05     9.87515e-05     0.000104607     9.55905e-05
530     0.000523293     9.67735e-05     9.67752e-05     9.67711e-05     0.000103498     0.000109753     0.000100108
534     0.0005367     0.000101001     0.000101003     0.000100998     0.000108242     0.000114886     0.000104628
538     0.000541025     0.000103641     0.000103642     0.000103638     0.000111169     0.000118038     0.000107427
542     0.000535835     0.00010445     0.000104452     0.000104448     0.000112436     0.000119566     0.000108529
546     0.000538862     0.000106907     0.000106909     0.000106904     0.000115335     0.000122769     0.000111249
550     0.000553566     0.000111896     0.000111898     0.000111893     0.000121051     0.000129009     0.000116659
554     0.000545782     0.000112325     0.000112327     0.000112322     0.000121804     0.000129951     0.000117294
558     0.000544917     0.000114148     0.00011415     0.000114145     0.000124015     0.000132426     0.000119349
562     0.000546647     0.000116362     0.000116365     0.000116359     0.000126818     0.000135614     0.000121919
566     0.000588597     0.000127266     0.000127269     0.000127263     0.000138994     0.000148779     0.00013353
570     0.00057173     0.000125615     0.000125617     0.000125611     0.000137562     0.000147425     0.000132038
574     0.000604166     0.000135092     0.000135095     0.000135088     0.000148374     0.000159218     0.000142281
578     0.00061887     0.000140858     0.000140861     0.000140854     0.000155136     0.000166676     0.000148634
582     0.000577353     0.00013369     0.000133693     0.000133686     0.000147798     0.000159054     0.000141431
586     0.000619303     0.000145765     0.000145769     0.000145761     0.000161576     0.000174087     0.000154481
590     0.000618438     0.000148151     0.000148155     0.000148146     0.000164713     0.000177702     0.000157326
594     0.000630979     0.000154199     0.000154203     0.000154194     0.000171973     0.000185791     0.000164093
598     0.000631844     0.000157456     0.00015746     0.000157451     0.000176058     0.000190427     0.000167847
602     0.000651738     0.000165342     0.000165347     0.000165337     0.000185604     0.000201111     0.000176718
606     0.000640494     0.000165044     0.000165049     0.000165039     0.000185978     0.000201858     0.000176852
610     0.00066947     0.000175238     0.000175243     0.000175232     0.000197966     0.000215117     0.000188093
614     0.000670767     0.000178667     0.000178672     0.000178661     0.000202363     0.000220147     0.000192107
618     0.000660388     0.000179299     0.000179304     0.000179292     0.00020391     0.000222216     0.000193322
622     0.000642224     0.000177683     0.000177688     0.000177677     0.000202827     0.000221394     0.000192063
626     0.000699743     0.000197215     0.000197221     0.000197208     0.000225903     0.000246953     0.000213674
630     0.000695418     0.000199535     0.000199541     0.000199527     0.000229274     0.000250982     0.000216642
634     0.000672929     0.000196427     0.000196433     0.00019642     0.000226379     0.000248138     0.000213696
638     0.000727854     0.000216292     0.000216298     0.000216284     0.000250172     0.000274645     0.000235878
642     0.000712284     0.000215762     0.000215769     0.000215754     0.000250522     0.000275506     0.000235905
646     0.000720069     0.000222625     0.000222633     0.000222617     0.000259351     0.000285632     0.00024395
650     0.000732611     0.000231241     0.000231249     0.000231232     0.000270383     0.000298253     0.000254022
654     0.000768939     0.000247778     0.000247787     0.000247769     0.000290726     0.000321166     0.000272829
658     0.000718772     0.000236301     0.000236309     0.000236292     0.000277947     0.000307372     0.000260627
662     0.000756829     0.000253834     0.000253843     0.000253823     0.000299796     0.000332129     0.000280734
666     0.000716609     0.000245283     0.000245292     0.000245273     0.00029054     0.000322303     0.000271797
670     0.000726124     0.000253703     0.000253713     0.000253693     0.000301545     0.000335015     0.000281769
674     0.000780615     0.00027842     0.00027843     0.000278408     0.000331929     0.000369259     0.000309849
678     0.000793157     0.000288731     0.000288742     0.000288719     0.000344955     0.000384108     0.000321781
682     0.000781913     0.000290558     0.00029057     0.000290546     0.000349107     0.000389641     0.000325068
686     0.000836837     0.000317549     0.000317561     0.000317535     0.000382519     0.000427404     0.000355872
690     0.000834242     0.00032351     0.000323523     0.000323496     0.000390776     0.000437171     0.000363215
694     0.000821268     0.00032595     0.000325964     0.000325936     0.000394883     0.000442357     0.000366663
698     0.000844189     0.000343174     0.000343188     0.000343158     0.000417036     0.00046783     0.000386819
702     0.000804401     0.000334802     0.000334817     0.000334787     0.000408263     0.000458718     0.00037823
706     0.000833377     0.000355485     0.000355501     0.000355469     0.000434187     0.000488223     0.000402012
710     0.000844189     0.00036904     0.000369057     0.000369023     0.000451762     0.000508494     0.000417963
714     0.000884841     0.000397386     0.000397405     0.000397368     0.000487608     0.00054941     0.000450766
718     0.000867543     0.000400387     0.000400405     0.000400368     0.00049211     0.000554916     0.000454655
722     0.000847649     0.000401806     0.000401825     0.000401787     0.000495851     0.00056015     0.000457481
726     0.000887436     0.000431792     0.000431813     0.000431771     0.000533717     0.000603437     0.00049211
730     0.000880517     0.000440015     0.000440037     0.000439994     0.000544486     0.000616     0.000501812
734     0.000890896     0.000457886     0.000457909     0.000457864     0.00056718     0.000642039     0.000522511
738     0.000906898     0.000479977     0.000480001     0.000479954     0.000595308     0.000674307     0.000548165
742     0.000893058     0.000487639     0.000487664     0.000487616     0.000606354     0.00068767     0.000557816
746     0.000902573     0.000508774     0.0005088     0.000508749     0.000633034     0.000718274     0.000582166
750     0.000944955     0.000550562     0.00055059     0.000550535     0.000685196     0.000777711     0.000630008
754     0.000937171     0.000563514     0.000563543     0.000563486     0.000701315     0.00079615     0.000644762
758     0.000957497     0.000594131     0.000594162     0.000594102     0.000739361     0.000839437     0.000679697
762     0.000915547     0.000587311     0.000587342     0.000587282     0.000731585     0.000831107     0.00067225
766     0.000928089     0.000616316     0.000616349     0.000616286     0.000767232     0.000871594     0.000705052
770     0.000903005     0.000621467     0.0006215     0.000621437     0.000773227     0.000878407     0.000710595
774     0.000928521     0.000663828     0.000663864     0.000663796     0.000825435     0.000937695     0.000758624
778     0.000979553     0.000727833     0.000727872     0.000727798     0.00090435     0.00102725     0.00083125
782     0.000910357     0.000702522     0.00070256     0.000702488     0.000871694     0.000989933     0.000801444
786     0.000931116     0.000745777     0.000745817     0.000745741     0.000923492     0.00104819     0.000849487
790     0.000920304     0.000766467     0.000766508     0.000766431     0.000947351     0.00107473     0.000871824
794     0.00091252     0.00079087     0.000790912     0.000790834     0.000975775     0.00110642     0.000898378
798     0.000920304     0.000831457     0.0008315     0.000831419     0.00102378     0.00116013     0.000943081
802     0.000935873     0.000882275     0.000882322     0.000882235     0.00108249     0.00122521     0.000998144
806     0.000901275     0.000887349     0.000887396     0.00088731     0.00108574     0.00122778     0.0010019
810     0.000905168     0.00093099     0.000931038     0.000930949     0.00113602     0.0012835     0.00104908
814     0.00091079     0.000979278     0.000979328     0.000979236     0.00119134     0.00134465     0.0011011
818     0.000888734     0.000999065     0.000999115     0.000999023     0.00121112     0.00136529     0.00112053
822     0.000886571     0.00104255     0.0010426     0.00104251     0.00125769     0.00141507     0.00116536
826     0.000867975     0.00106732     0.00106738     0.00106728     0.00128244     0.0014406     0.00118978
830     0.000870137     0.00112005     0.00112011     0.00112001     0.0013402     0.00150321     0.0012449
834     0.000826025     0.00111403     0.00111408     0.00111399     0.00132738     0.00148673     0.00123446
838     0.000846351     0.00119506     0.00119512     0.00119502     0.0014178     0.0015858     0.00132012
842     0.000851541     0.00125898     0.00125903     0.00125893     0.00148439     0.00165624     0.00138479
846     0.000824295     0.00127653     0.00127658     0.00127649     0.00149659     0.00166564     0.00139882
850     0.000826458     0.00133822     0.00133828     0.00133818     0.0015612     0.00173385     0.00146156
854     0.00083035     0.00140724     0.0014073     0.00140719     0.00163322     0.00180994     0.00153151
858     0.000769803     0.00136447     0.00136453     0.00136443     0.00157506     0.00174176     0.00147946
862     0.000767209     0.00142105     0.00142111     0.00142101     0.0016277     0.00179424     0.00153267
866     0.000769803     0.00148804     0.0014881     0.001488     0.00169455     0.00186322     0.00159866
870     0.000745152     0.00150182     0.00150188     0.00150179     0.00169959     0.0018636     0.00160676
874     0.000714014     0.00149786     0.00149791     0.00149782     0.00168442     0.0018417     0.0015958
878     0.000705797     0.00153857     0.00153862     0.00153854     0.00171977     0.00187512     0.00163263
882     0.000733043     0.00165945     0.0016595     0.00165941     0.00183833     0.0019959     0.0017506
886     0.000690661     0.00162005     0.00162009     0.00162001     0.00178328     0.0019302     0.00170194
890     0.000687633     0.00166975     0.00166979     0.00166971     0.00182624     0.00197063     0.00174681
894     0.000686336     0.00172228     0.00172233     0.00172225     0.00187086     0.00201217     0.00179373
898     0.000633574     0.00163932     0.00163936     0.00163929     0.00176876     0.00189614     0.00169983
902     0.000611086     0.00162684     0.00162676     0.00162693     0.00173916     0.00175636     0.0017717
906     0.000633142     0.00172999     0.00172991     0.00173008     0.00183584     0.00185902     0.00186289
910     0.000641791     0.00179648     0.0017964     0.00179658     0.00189298     0.00192186     0.00191364
914     0.000599409     0.00171597     0.00171589     0.00171605     0.00179557     0.00182765     0.00180837
918     0.000586435     0.00171132     0.00171125     0.00171141     0.00177899     0.00181516     0.00178531
922     0.000556594     0.00165397     0.0016539     0.00165405     0.00170217     0.00174331     0.00169869
926     0.000540592     0.00163036     0.00163029     0.00163044     0.0016668     0.00171137     0.00165713
930     0.000543187     0.00166018     0.00166011     0.00166025     0.00168477     0.00173472     0.00166783
934     0.000515941     0.00159508     0.00159501     0.00159515     0.00160709     0.00165641     0.00158697
938     0.000542322     0.00169321     0.00169314     0.00169328     0.00169356     0.00174079     0.00167433
942     0.00050167     0.00157838     0.00157832     0.00157845     0.00156361     0.00159782     0.00155168
946     0.000470532     0.00148887     0.00148881     0.00148892     0.00146422     0.00148947     0.00145723
950     0.000462747     0.0014703     0.00147024     0.00147035     0.00143593     0.00145424     0.00143304
954     0.000460585     0.00146775     0.0014677     0.00146781     0.00142293     0.00143421     0.00142428
958     0.000454098     0.00144968     0.00144962     0.00144973     0.00139544     0.00139986     0.00140081
962     0.000454098     0.00145082     0.00145077     0.00145087     0.00138331     0.00137872     0.00139409
966     0.000416472     0.00133037     0.00133032     0.00133041     0.0012597     0.00124949     0.00127318
970     0.000386632     0.00123341     0.00123337     0.00123345     0.00115937     0.00114404     0.00117537
974     0.000396146     0.00126076     0.00126071     0.00126079     0.00117671     0.00115525     0.00119652
978     0.000381442     0.00121001     0.00120997     0.00121005     0.00112156     0.00109555     0.00114379
982     0.00036717     0.00116036     0.00116032     0.00116039     0.00106547     0.0010335     0.00109097
986     0.00036544     0.00115014     0.0011501     0.00115017     0.00104925     0.00101278     0.00107737
990     0.000357656     0.00112056     0.00112052     0.00112059     0.00101527     0.000974814     0.00104559
994     0.000324788     0.00101271     0.00101267     0.00101273     0.000911265     0.00087025     0.0009413
998     0.000323058     0.00100225     0.00100222     0.00100228     0.000895555     0.000850458     0.000927932
1002     0.000333005     0.00102763     0.0010276     0.00102765     0.000910047     0.000857903     0.000946716
1006     0.000311381     0.000955743     0.000955716     0.000955765     0.000840725     0.000788087     0.000877245
1010     0.000307921     0.000940098     0.000940071     0.000940119     0.000821677     0.000766021     0.000859867
1014     0.000308786     0.000937606     0.00093758     0.000937626     0.000814159     0.000754704     0.000854548
1018     0.000288028     0.00086995     0.000869926     0.000869968     0.000750647     0.000691918     0.000790186
1022     0.000267701     0.000804097     0.000804076     0.000804113     0.000688002     0.000629324     0.000727088
1026     0.000262079     0.000783153     0.000783133     0.000783168     0.000665559     0.000604985     0.000705604
1030     0.00025516     0.000758536     0.000758517     0.00075855     0.000640593     0.0005788     0.000681166
1034     0.000240888     0.000712527     0.000712509     0.00071254     0.000598247     0.000537477     0.000637912
1038     0.000261214     0.000768763     0.000768745     0.000768777     0.000641305     0.000572498     0.000685949
1042     0.000240023     0.000703176     0.000703159     0.000703188     0.000581668     0.000514843     0.000624711
1046     0.000220994     0.000644493     0.000644478     0.000644504     0.000530131     0.000466467     0.000570945
1050     0.000222724     0.000646764     0.000646749     0.000646774     0.00052904     0.000462738     0.000571353
1054     0.000211047     0.000610313     0.000610299     0.000610322     0.000496371     0.00043146     0.00053761
1058     0.000203695     0.000586729     0.000586715     0.000586738     0.000474448     0.000409784     0.000515356
1062     0.000195911     0.000562306     0.000562293     0.000562314     0.000450936     0.000385852     0.000491879
1066     0.000195046     0.000557879     0.000557867     0.000557888     0.000445049     0.000378475     0.000486771
1070     0.000200235     0.000570869     0.000570857     0.000570878     0.00045278     0.000382403     0.000496713
1074     0.000172125     0.000489281     0.00048927     0.000489288     0.000385866     0.000323645     0.000424562
1078     0.000186396     0.000528431     0.00052842     0.000528438     0.000414519     0.000345373     0.000457372
1082     0.000155691     0.000440223     0.000440214     0.000440229     0.00034292     0.000283174     0.000379781
1086     0.00017126     0.000483151     0.000483141     0.000483157     0.000374194     0.000306692     0.000415697
1090     0.000156988     0.000441994     0.000441985     0.000442     0.000340549     0.000277205     0.000379377
1094     0.000155691     0.000437554     0.000437545     0.00043756     0.000335454     0.000271213     0.000374712
1098     0.000143581     0.000402846     0.000402838     0.000402851     0.000307269     0.000246621     0.000344202
1102     0.000155691     0.000436213     0.000436205     0.000436219     0.000330492     0.000262714     0.000371597
1106     0.000141419     0.000395758     0.00039575     0.000395763     0.000298318     0.000235384     0.000336378
1110     0.000143581     0.000401422     0.000401414     0.000401428     0.00030094     0.000235536     0.000340373
1114     0.000138392     0.00038662     0.000386612     0.000386625     0.000288414     0.000224037     0.000327117
1118     0.000116335     0.00032482     0.000324814     0.000324825     0.000241179     0.000185955     0.000274281
1122     0.000133202     0.000371777     0.00037177     0.000371782     0.000274539     0.00020977     0.000313227
1126     0.000123688     0.000345161     0.000345154     0.000345165     0.000253591     0.000192165     0.000290177
1130     0.000125417     0.000349993     0.000349986     0.000349998     0.000255683     0.000191954     0.000293532
1134     0.000107254     0.000299361     0.000299354     0.000299365     0.000217697     0.000162171     0.000250594
1138     0.000118065     0.000329661     0.000329654     0.000329665     0.000238923     0.000176828     0.000275612
1142     0.000105956     0.000296011     0.000296005     0.000296015     0.000213301     0.000156212     0.000246912
1146     0.000105524     0.000295013     0.000295007     0.000295017     0.000211662     0.000153756     0.000245662
1150     0.000114173     0.000319467     0.000319461     0.000319472     0.000228274     0.000164536     0.000265603
1154     9.47118e-05     0.000265287     0.000265281     0.000265291     0.000188728     0.000134875     0.000220185
1158     0.000101631     0.000285008     0.000285002     0.000285012     0.000201865     0.000143009     0.000236157
1162     7.91427e-05     0.000222246     0.000222242     0.00022225     0.000156436     0.000109457     0.000183713
1166     9.81716e-05     0.000276084     0.000276078     0.000276088     0.00019358     0.000134315     0.0002279
1170     9.9469e-05     0.000280171     0.000280164     0.000280174     0.000195752     0.00013478     0.000230979
1174     9.38468e-05     0.000264797     0.000264792     0.000264801     0.000184286     0.000125795     0.000217997
1178     7.52504e-05     0.000212735     0.000212731     0.000212738     0.000147426     9.96866e-05     0.00017487
1182     7.52504e-05     0.000213159     0.000213154     0.000213162     0.000147005     9.82768e-05     0.000174927
1186     7.26556e-05     0.000206244     0.000206239     0.000206247     0.000141507     9.35217e-05     0.000168929
1190     8.51973e-05     0.000242371     0.000242366     0.000242374     0.000165711     0.00010857     0.000198288
1194     7.91427e-05     0.000225685     0.000225681     0.000225689     0.000153791     9.99011e-05     0.000184442
1198     8.73597e-05     0.000249714     0.000249708     0.000249717     0.000169478     0.000108998     0.000203795
1202     6.91958e-05     0.000198305     0.000198301     0.000198308     0.000133948     8.50742e-05     0.00016159
1206     8.00077e-05     0.000229902     0.000229897     0.000229905     0.000154766     9.73782e-05     0.000187143
1210     6.96283e-05     0.000200626     0.000200622     0.000200629     0.000134625     8.39382e-05     0.000163153
1214     7.09257e-05     0.000204956     0.000204952     0.000204959     0.000137039     8.46012e-05     0.000166483
1218     6.78984e-05     0.000196789     0.000196785     0.000196792     0.000130989     7.99054e-05     0.000159606
1222     5.31943e-05     0.000154641     0.000154638     0.000154643     0.000102643     6.19933e-05     0.000125343
1226     7.13582e-05     0.000208084     0.000208079     0.000208087     0.000137593     8.21829e-05     0.000168464
1230     6.31412e-05     0.000184705     0.000184701     0.000184707     0.0001217     7.19206e-05     0.000149372
1234     6.35737e-05     0.000186576     0.000186572     0.000186579     0.000122451     7.14925e-05     0.000150705
1238     5.14644e-05     0.000151543     0.00015154     0.000151545     9.91169e-05     5.7234e-05     0.000122284
1242     5.40592e-05     0.000159719     0.000159716     0.000159721     0.00010405     5.92697e-05     0.000128746
1246     5.36268e-05     0.000158986     0.000158983     0.000158989     0.000103319     5.83144e-05     0.000128082
1250     5.40592e-05     0.000160864     0.00016086     0.000160866     0.000104113     5.79435e-05     0.000129447
1254     5.05994e-05     0.000151091     0.000151088     0.000151093     9.75169e-05     5.37445e-05     0.000121489
1258     5.05994e-05     0.000151643     0.00015164     0.000151645     9.7613e-05     5.32315e-05     0.000121859
1262     4.88695e-05     0.000147     0.000146997     0.000147002     9.41395e-05     5.04079e-05     0.000117954
1266     4.88695e-05     0.000147557     0.000147554     0.000147559     9.42532e-05     4.99356e-05     0.000118334
1270     4.49773e-05     0.000136316     0.000136313     0.000136318     8.6815e-05     4.54615e-05     0.000109237
1274     3.67603e-05     0.000111869     0.000111867     0.000111871     7.09875e-05     3.66261e-05     8.95665e-05
1278     4.62747e-05     0.000141364     0.000141361     0.000141366     8.95206e-05     4.57403e-05     0.000113141
1282     4.71396e-05     0.000144581     0.000144578     0.000144583     9.12771e-05     4.5957e-05     0.00011565
1286     4.06525e-05     0.000125149     0.000125146     0.000125151     7.87909e-05     3.9215e-05     0.000100036
1290     3.80577e-05     0.000117668     0.000117665     0.00011767     7.38309e-05     3.61771e-05     9.39887e-05
1294     3.97876e-05     0.000123517     0.000123515     0.000123519     7.73137e-05     3.74364e-05     9.86153e-05
1298     3.93551e-05     0.000122699     0.000122697     0.000122701     7.65245e-05     3.64521e-05     9.78751e-05
1302     3.67603e-05     0.000115091     0.000115088     0.000115092     7.1539e-05     3.34856e-05     9.17487e-05
1306     4.28149e-05     0.000134605     0.000134602     0.000134607     8.3521e-05     3.86652e-05     0.000107288
1310     3.41654e-05     0.000107838     0.000107836     0.00010784     6.67604e-05     3.0533e-05     8.59165e-05
1314     3.45979e-05     0.000109688     0.000109686     0.000109689     6.7637e-05     3.03292e-05     8.73101e-05
1318     4.06525e-05     0.000129446     0.000129443     0.000129447     7.952e-05     3.49889e-05     0.000102942
1322     3.50304e-05     0.000112063     0.000112061     0.000112065     6.87273e-05     2.98197e-05     8.91282e-05
1326     3.67603e-05     0.000118091     0.000118089     0.000118093     7.2262e-05     3.09152e-05     9.38916e-05
1330     3.33005e-05     0.00010745     0.000107448     0.000107452     6.55068e-05     2.74302e-05     8.53672e-05
1334     3.67603e-05     0.00011911     0.000119107     0.000119112     7.24552e-05     2.99188e-05     9.45959e-05
1338     3.80577e-05     0.000123889     0.000123887     0.000123891     7.52568e-05     3.06978e-05     9.83944e-05
1342     3.41654e-05     0.000111699     0.000111697     0.000111701     6.758e-05     2.68816e-05     8.86463e-05
1346     3.02732e-05     9.94474e-05     9.94453e-05     9.94488e-05     6.00531e-05     2.3515e-05     7.89159e-05
1350     2.94082e-05     9.70117e-05     9.70096e-05     9.7013e-05     5.84716e-05     2.25772e-05     7.69647e-05
1354     2.98407e-05     9.89054e-05     9.89034e-05     9.89068e-05     5.94448e-05     2.2474e-05     7.84372e-05
1358     3.3733e-05     0.000112329     0.000112326     0.00011233     6.7379e-05     2.50688e-05     8.90645e-05
1362     2.59484e-05     8.68007e-05     8.67989e-05     8.68019e-05     5.18934e-05     1.88138e-05     6.87933e-05
1366     2.24886e-05     7.55136e-05     7.5512e-05     7.55146e-05     4.51092e-05     1.61862e-05     5.98569e-05
1370     2.29211e-05     7.73635e-05     7.73618e-05     7.73645e-05     4.61343e-05     1.62363e-05     6.13313e-05
1374     2.68134e-05     9.09296e-05     9.09277e-05     9.09309e-05     5.40936e-05     1.86512e-05     7.20652e-05
1378     2.37861e-05     8.10281e-05     8.10264e-05     8.10292e-05     4.80305e-05     1.61249e-05     6.41697e-05
1382     2.29211e-05     7.84562e-05     7.84545e-05     7.84573e-05     4.63769e-05     1.51504e-05     6.21201e-05
1386     2.85433e-05     9.81216e-05     9.81195e-05     9.81229e-05     5.79841e-05     1.87332e-05     7.77273e-05
1390     2.20562e-05     7.61812e-05     7.61796e-05     7.61822e-05     4.48999e-05     1.41561e-05     6.03256e-05
1394     2.5516e-05     8.85791e-05     8.85772e-05     8.85803e-05     5.20393e-05     1.59236e-05     7.01096e-05
1398     2.29211e-05     7.99232e-05     7.99215e-05     7.99243e-05     4.69367e-05     1.41832e-05     6.3287e-05
1402     2.33536e-05     8.17992e-05     8.17975e-05     8.18003e-05     4.78772e-05     1.39676e-05     6.47483e-05
1406     1.85964e-05     6.54571e-05     6.54557e-05     6.5458e-05     3.82741e-05     1.09657e-05     5.18258e-05
1410     2.07587e-05     7.33973e-05     7.33958e-05     7.33983e-05     4.28508e-05     1.20215e-05     5.81141e-05
1414     1.90288e-05     6.75985e-05     6.75971e-05     6.75995e-05     3.93819e-05     1.07666e-05     5.35149e-05
1418     1.85964e-05     6.63771e-05     6.63758e-05     6.63781e-05     3.85528e-05     1.01732e-05     5.25285e-05
1422     1.60015e-05     5.73879e-05     5.73867e-05     5.73887e-05     3.32446e-05     8.45761e-06     4.54113e-05
1426     1.68665e-05     6.07698e-05     6.07686e-05     6.07707e-05     3.51507e-05     8.72728e-06     4.80898e-05
1430     1.42716e-05     5.1671e-05     5.16699e-05     5.16717e-05     2.98491e-05     7.22386e-06     4.08984e-05
1434     1.85964e-05     6.76551e-05     6.76536e-05     6.7656e-05     3.90286e-05     9.18294e-06     5.35627e-05
1438     1.34067e-05     4.90144e-05     4.90133e-05     4.9015e-05     2.82329e-05     6.46988e-06     3.88068e-05
1442     1.51366e-05     5.5588e-05     5.55869e-05     5.55888e-05     3.19887e-05     7.1135e-06     4.40342e-05
1446     1.6434e-05     6.06271e-05     6.06259e-05     6.0628e-05     3.4766e-05     7.35812e-06     4.80008e-05
1450     1.47041e-05     5.44937e-05     5.44925e-05     5.44944e-05     3.12019e-05     6.40585e-06     4.31476e-05
1454     1.6434e-05     6.12154e-05     6.12141e-05     6.12162e-05     3.50203e-05     6.99347e-06     4.84871e-05
1458     1.7299e-05     6.47474e-05     6.47461e-05     6.47483e-05     3.70129e-05     7.18904e-06     5.13052e-05
1462     1.16768e-05     4.38992e-05     4.38983e-05     4.38998e-05     2.50185e-05     4.57942e-06     3.4779e-05
1466     1.51366e-05     5.71748e-05     5.71736e-05     5.71756e-05     3.25339e-05     5.74673e-06     4.52979e-05
1470     1.47041e-05     5.58038e-05     5.58026e-05     5.58045e-05     3.17039e-05     5.35371e-06     4.42219e-05
1474     1.38392e-05     5.27569e-05     5.27558e-05     5.27576e-05     2.99443e-05     4.89391e-06     4.18179e-05
1478     1.08118e-05     4.14319e-05     4.14311e-05     4.14325e-05     2.3479e-05     3.65366e-06     3.28478e-05
1482     1.34067e-05     5.16158e-05     5.16147e-05     5.16165e-05     2.92137e-05     4.31174e-06     4.09404e-05
1486     1.29742e-05     5.01872e-05     5.01862e-05     5.01879e-05     2.83708e-05     3.99223e-06     3.98194e-05
1490     1.6434e-05     6.38555e-05     6.38542e-05     6.38564e-05     3.60552e-05     4.85062e-06     5.06745e-05
1494     1.38392e-05     5.40347e-05     5.40336e-05     5.40354e-05     3.04573e-05     3.86084e-06     4.28847e-05
1498     8.64948e-06     3.39246e-05     3.39239e-05     3.3925e-05     1.90703e-05     2.22543e-06     2.69191e-05
1502     1.47041e-05     5.79539e-05     5.79527e-05     5.79547e-05     3.25918e-05     3.64342e-06     4.60324e-05
1506     1.25417e-05     4.96688e-05     4.96678e-05     4.96695e-05     2.78898e-05     2.90612e-06     3.94587e-05
1510     9.08195e-06     3.61442e-05     3.61435e-05     3.61447e-05     2.02718e-05     1.95984e-06     2.87252e-05
1514     8.64948e-06     3.45655e-05     3.45648e-05     3.4566e-05     1.93644e-05     1.75323e-06     2.74758e-05
1518     9.51442e-06     3.82008e-05     3.82e-05     3.82013e-05     2.13555e-05     1.7413e-06     3.0365e-05
1522     7.35206e-06     2.96631e-05     2.96625e-05     2.96635e-05     1.65871e-05     1.2614e-06     2.3601e-05
1526     9.9469e-06     4.03426e-05     4.03418e-05     4.03432e-05     2.25065e-05     1.47341e-06     3.21007e-05
1530     7.78453e-06     3.16977e-05     3.1697e-05     3.16981e-05     1.76636e-05     1.06757e-06     2.52224e-05
1534     1.34067e-05     5.48572e-05     5.48561e-05     5.4858e-05     3.05084e-05     1.55001e-06     4.36569e-05
1538     9.9469e-06     4.08945e-05     4.08937e-05     4.08951e-05     2.27261e-05     1.00383e-06     3.25606e-05
1542     9.9469e-06     4.10765e-05     4.10757e-05     4.10771e-05     2.28012e-05     8.06203e-07     3.27227e-05
1546     9.51442e-06     3.94834e-05     3.94826e-05     3.94839e-05     2.18813e-05     5.87307e-07     3.14596e-05
1550     1.08118e-05     4.50836e-05     4.50827e-05     4.50842e-05     2.4971e-05     5.07569e-07     3.59417e-05
1554     1.25417e-05     5.2543e-05     5.25419e-05     5.25437e-05     2.9084e-05     4.1686e-07     4.19066e-05
1558     9.9469e-06     4.18421e-05     4.18413e-05     4.18427e-05     2.31305e-05     1.60646e-07     3.33791e-05
1562     1.21093e-05     5.11693e-05     5.11683e-05     5.117e-05     2.82763e-05     -1.21177e-08     4.0851e-05
1566     9.9469e-06     4.22245e-05     4.22236e-05     4.22251e-05     2.32833e-05     -2.37371e-07     3.37104e-05
1570     7.35206e-06     3.13775e-05     3.13768e-05     3.13779e-05     1.72955e-05     -3.01418e-07     2.50689e-05
1574     9.9469e-06     4.26113e-05     4.26104e-05     4.26119e-05     2.34795e-05     -5.14765e-07     3.40572e-05
1578     1.47041e-05     6.3331e-05     6.33298e-05     6.33319e-05     3.48471e-05     -1.05253e-06     5.0629e-05
1582     8.64948e-06     3.74033e-05     3.74026e-05     3.74038e-05     2.05748e-05     -7.72138e-07     2.99254e-05
1586     4.75721e-06     2.0661e-05     2.06606e-05     2.06613e-05     1.13538e-05     -5.02127e-07     1.65347e-05
1590     6.48711e-06     2.83057e-05     2.83051e-05     2.83061e-05     1.55448e-05     -7.92066e-07     2.26634e-05
1594     6.05463e-06     2.65449e-05     2.65443e-05     2.65452e-05     1.45688e-05     -8.44818e-07     2.12648e-05
1598     6.48711e-06     2.85775e-05     2.85769e-05     2.85778e-05     1.56555e-05     -1.06207e-06     2.28966e-05
1602     6.05463e-06     2.67713e-05     2.67707e-05     2.67716e-05     1.46671e-05     -1.09379e-06     2.14686e-05
1606     6.05463e-06     2.69094e-05     2.69089e-05     2.69098e-05     1.47331e-05     -1.19526e-06     2.15889e-05
1610     7.78453e-06     3.47646e-05     3.47639e-05     3.4765e-05     1.90368e-05     -1.63398e-06     2.79098e-05
1614     3.89226e-06     1.74599e-05     1.74595e-05     1.74601e-05     9.56318e-06     -8.60104e-07     1.40262e-05
1618     7.78453e-06     3.50626e-05     3.50619e-05     3.5063e-05     1.91596e-05     -1.9541e-06     2.81702e-05
1622     4.32474e-06     1.95746e-05     1.95742e-05     1.95748e-05     1.06741e-05     -1.22118e-06     1.5731e-05
1626     6.48711e-06     2.9489e-05     2.94884e-05     2.94894e-05     1.60873e-05     -1.92268e-06     2.37194e-05
1630     4.75721e-06     2.17304e-05     2.173e-05     2.17307e-05     1.18532e-05     -1.48591e-06     1.74898e-05
1634     5.62216e-06     2.57889e-05     2.57884e-05     2.57892e-05     1.4049e-05     -1.89133e-06     2.07638e-05
1638     5.18969e-06     2.39044e-05     2.3904e-05     2.39048e-05     1.30047e-05     -1.84748e-06     1.92482e-05
1642     5.62216e-06     2.60221e-05     2.60216e-05     2.60225e-05     1.41585e-05     -2.11018e-06     2.09721e-05
1646     4.75721e-06     2.21057e-05     2.21053e-05     2.2106e-05     1.20199e-05     -1.86043e-06     1.7821e-05
1650     6.48711e-06     3.02823e-05     3.02817e-05     3.02827e-05     1.64662e-05     -2.66087e-06     2.44321e-05
1654     6.48711e-06     3.04299e-05     3.04292e-05     3.04303e-05     1.65483e-05     -2.76787e-06     2.45687e-05
1658     5.62216e-06     2.6481e-05     2.64804e-05     2.64813e-05     1.43805e-05     -2.53744e-06     2.13858e-05
1662     6.91958e-06     3.27446e-05     3.2744e-05     3.27451e-05     1.78181e-05     -3.18403e-06     2.64813e-05
1666     9.9469e-06     4.72648e-05     4.72638e-05     4.72654e-05     2.56796e-05     -4.83577e-06     3.82324e-05
1670     5.18969e-06     2.47827e-05     2.47822e-05     2.4783e-05     1.34467e-05     -2.68531e-06     2.00568e-05
1674     3.89226e-06     1.86531e-05     1.86527e-05     1.86533e-05     1.0118e-05     -2.06524e-06     1.5101e-05
1678     8.217e-06     3.95527e-05     3.95519e-05     3.95532e-05     2.14538e-05     -4.51035e-06     3.20416e-05
1682     6.91958e-06     3.34518e-05     3.34512e-05     3.34523e-05     1.81291e-05     -3.99537e-06     2.71162e-05
1686     4.32474e-06     2.09936e-05     2.09932e-05     2.09939e-05     1.13739e-05     -2.58819e-06     1.70277e-05
1690     5.18969e-06     2.53027e-05     2.53022e-05     2.5303e-05     1.37048e-05     -3.19491e-06     2.05321e-05
1694     4.75721e-06     2.33064e-05     2.3306e-05     2.33067e-05     1.2622e-05     -3.03181e-06     1.89254e-05
1698     4.32474e-06     2.12886e-05     2.12882e-05     2.12889e-05     1.15335e-05     -2.82547e-06     1.72992e-05
1702     2.59484e-06     1.28207e-05     1.28204e-05     1.28209e-05     6.9333e-06     -1.78849e-06     1.04221e-05
1706     4.75721e-06     2.36086e-05     2.36082e-05     2.3609e-05     1.27662e-05     -3.38146e-06     1.92046e-05
1710     3.02732e-06     1.50871e-05     1.50868e-05     1.50873e-05     8.15877e-06     -2.20985e-06     1.22807e-05
1714     4.75721e-06     2.38078e-05     2.38074e-05     2.38082e-05     1.28781e-05     -3.54281e-06     1.93906e-05
1718     1.29742e-06     6.51761e-06     6.51748e-06     6.5177e-06     3.52863e-06     -9.85293e-07     5.31316e-06
1722     4.32474e-06     2.18132e-05     2.18128e-05     2.18135e-05     1.18145e-05     -3.3828e-06     1.77989e-05
1726     3.02732e-06     1.53412e-05     1.53409e-05     1.53414e-05     8.30227e-06     -2.4459e-06     1.25229e-05
1730     5.18969e-06     2.64269e-05     2.64264e-05     2.64273e-05     1.42995e-05     -4.34233e-06     2.15898e-05
1734     4.75721e-06     2.43203e-05     2.43198e-05     2.43207e-05     1.31592e-05     -4.06475e-06     1.98788e-05
1738     2.16237e-06     1.11067e-05     1.11065e-05     1.11069e-05     6.00858e-06     -1.89071e-06     9.08285e-06
1742     3.45979e-06     1.78306e-05     1.78303e-05     1.78309e-05     9.66931e-06     -3.05739e-06     1.46023e-05
1746     3.89226e-06     2.01473e-05     2.01469e-05     2.01476e-05     1.09013e-05     -3.59023e-06     1.65011e-05
1750     1.7299e-06     8.9902e-06     8.99002e-06     8.99032e-06     4.86558e-06     -1.62882e-06     7.368e-06
1754     4.75721e-06     2.48201e-05     2.48196e-05     2.48204e-05     1.3443e-05     -4.54826e-06     2.03568e-05
1758     1.7299e-06     9.06625e-06     9.06607e-06     9.06637e-06     4.90779e-06     -1.70266e-06     7.43988e-06
1762     3.45979e-06     1.82052e-05     1.82049e-05     1.82055e-05     9.85469e-06     -3.505e-06     1.49517e-05
1766     4.32474e-06     2.28492e-05     2.28487e-05     2.28495e-05     1.23531e-05     -4.51538e-06     1.87708e-05
1770     3.45979e-06     1.8358e-05     1.83576e-05     1.83582e-05     9.92507e-06     -3.69647e-06     1.50912e-05
1774     3.02732e-06     1.61206e-05     1.61203e-05     1.61208e-05     8.7196e-06     -3.29505e-06     1.32619e-05
1778     2.59484e-06     1.38856e-05     1.38853e-05     1.38858e-05     7.50932e-06     -2.88961e-06     1.14294e-05
1782     2.59484e-06     1.39395e-05     1.39392e-05     1.39396e-05     7.55573e-06     -2.92e-06     1.14893e-05
1786     8.64948e-07     4.66728e-06     4.66718e-06     4.66734e-06     2.52401e-06     -1.01586e-06     3.84791e-06
1790     4.32474e-06     2.34122e-05     2.34118e-05     2.34125e-05     1.26727e-05     -5.11002e-06     1.93125e-05
1794     1.7299e-06     9.40216e-06     9.40197e-06     9.40229e-06     5.09736e-06     -2.0691e-06     7.76399e-06
1798     1.29742e-06     7.0928e-06     7.09265e-06     7.09289e-06     3.84789e-06     -1.57988e-06     5.86145e-06
1802     3.89226e-06     2.13263e-05     2.13259e-05     2.13266e-05     1.1549e-05     -4.91039e-06     1.76305e-05
1806     3.02732e-06     1.66673e-05     1.66669e-05     1.66675e-05     9.0318e-06     -3.88103e-06     1.37888e-05
1810     2.16237e-06     1.19421e-05     1.19418e-05     1.19422e-05     6.47241e-06     -2.8063e-06     9.88389e-06
1814     4.75721e-06     2.63992e-05     2.63986e-05     2.63995e-05     1.43032e-05     -6.34386e-06     2.18647e-05
1818     2.59484e-06     1.44493e-05     1.4449e-05     1.44495e-05     7.82869e-06     -3.53176e-06     1.19752e-05
1822     2.16237e-06     1.20925e-05     1.20922e-05     1.20926e-05     6.55336e-06     -3.0108e-06     1.00303e-05
1826     2.16237e-06     1.21345e-05     1.21342e-05     1.21346e-05     6.58057e-06     -3.03313e-06     1.00698e-05
1830     1.7299e-06     9.75356e-06     9.75336e-06     9.75369e-06     5.29615e-06     -2.48528e-06     8.10498e-06
1834     2.16237e-06     1.22442e-05     1.2244e-05     1.22444e-05     6.65103e-06     -3.15291e-06     1.01807e-05
1838     3.89226e-06     2.21207e-05     2.21203e-05     2.2121e-05     1.2021e-05     -5.74812e-06     1.84031e-05
1842     2.59484e-06     1.4799e-05     1.47987e-05     1.47992e-05     8.03546e-06     -3.93882e-06     1.23191e-05
1846     2.59484e-06     1.48536e-05     1.48533e-05     1.48538e-05     8.08404e-06     -3.95089e-06     1.23774e-05
1850     1.7299e-06     9.94396e-06     9.94376e-06     9.94409e-06     5.41178e-06     -2.68758e-06     8.29147e-06
1854     1.29742e-06     7.49403e-06     7.49388e-06     7.49413e-06     4.07586e-06     -2.06451e-06     6.25174e-06
1858     1.7299e-06     1.00152e-05     1.0015e-05     1.00153e-05     5.45328e-06     -2.77626e-06     8.3613e-06
1862     2.59484e-06     1.50888e-05     1.50885e-05     1.5089e-05     8.22432e-06     -4.23626e-06     1.26096e-05
1866     3.02732e-06     1.76764e-05     1.76761e-05     1.76767e-05     9.62718e-06     -5.04941e-06     1.47774e-05
1870     8.64948e-07     5.06724e-06     5.06714e-06     5.06731e-06     2.76152e-06     -1.46295e-06     4.23926e-06
1874     8.64948e-07     5.09128e-06     5.09118e-06     5.09135e-06     2.77912e-06     -1.48308e-06     4.26407e-06
1878     1.7299e-06     1.02112e-05     1.0211e-05     1.02114e-05     5.5777e-06     -2.98978e-06     8.55663e-06
1882     2.16237e-06     1.28308e-05     1.28305e-05     1.28309e-05     6.99579e-06     -3.8614e-06     1.07554e-05
1886     3.89226e-06     2.3172e-05     2.31716e-05     2.31724e-05     1.26405e-05     -7.06285e-06     1.94388e-05
1890     1.7299e-06     1.03266e-05     1.03264e-05     1.03267e-05     5.63532e-06     -3.16107e-06     8.66584e-06
1894     3.89226e-06     2.3345e-05     2.33445e-05     2.33453e-05     1.27587e-05     -7.20951e-06     1.9611e-05
1898     2.16237e-06     1.30167e-05     1.30165e-05     1.30169e-05     7.12852e-06     -4.0304e-06     1.09457e-05
1902     2.16237e-06     1.30678e-05     1.30676e-05     1.3068e-05     7.15296e-06     -4.12559e-06     1.09954e-05
1906     8.64948e-07     5.24837e-06     5.24826e-06     5.24843e-06     2.87409e-06     -1.66694e-06     4.41805e-06
1910     1.7299e-06     1.05438e-05     1.05436e-05     1.05439e-05     5.78034e-06     -3.3996e-06     8.88578e-06
1914     0     0     0     0     0     0     0
1918     4.32474e-07     2.65647e-06     2.65642e-06     2.65651e-06     1.45796e-06     -8.69254e-07     2.24127e-06
1922     2.16237e-06     1.33113e-05     1.3311e-05     1.33114e-05     7.31186e-06     -4.40816e-06     1.12407e-05
1926     1.29742e-06     8.01766e-06     8.01749e-06     8.01776e-06     4.41055e-06     -2.66431e-06     6.77575e-06
1930     4.32474e-07     2.68023e-06     2.68017e-06     2.68026e-06     1.47548e-06     -8.92189e-07     2.26595e-06
1934     4.32474e-07     2.69144e-06     2.69138e-06     2.69147e-06     1.48107e-06     -9.12006e-07     2.27682e-06
1938     1.7299e-06     1.0809e-05     1.08087e-05     1.08091e-05     5.95543e-06     -3.69829e-06     9.15253e-06
1942     4.32474e-07     2.7104e-06     2.71035e-06     2.71044e-06     1.49399e-06     -9.40041e-07     2.29682e-06
1946     4.32474e-07     2.7194e-06     2.71934e-06     2.71943e-06     1.49895e-06     -9.43161e-07     2.30444e-06
1950     1.29742e-06     8.18994e-06     8.18978e-06     8.19005e-06     4.5221e-06     -2.86094e-06     6.94744e-06
1954     8.64948e-07     5.48595e-06     5.48584e-06     5.48603e-06     3.02695e-06     -1.95234e-06     4.65618e-06
1958     3.45979e-06     2.20206e-05     2.20201e-05     2.20209e-05     1.2173e-05     -7.88638e-06     1.87096e-05
1962     1.7299e-06     1.10465e-05     1.10463e-05     1.10466e-05     6.11675e-06     -3.98408e-06     9.39507e-06
1966     8.64948e-07     5.55406e-06     5.55395e-06     5.55413e-06     3.07111e-06     -2.04653e-06     4.72554e-06
1970     4.32474e-07     2.78627e-06     2.78622e-06     2.78631e-06     1.54371e-06     -1.03236e-06     2.37316e-06
1974     2.59484e-06     1.67556e-05     1.67553e-05     1.67558e-05     9.284e-06     -6.22131e-06     1.42731e-05
1978     1.7299e-06     1.1208e-05     1.12078e-05     1.12082e-05     6.21243e-06     -4.20526e-06     9.55332e-06
1982     4.32474e-07     2.81678e-06     2.81672e-06     2.81682e-06     1.56463e-06     -1.06183e-06     2.40351e-06
1986     1.29742e-06     8.46597e-06     8.4658e-06     8.46608e-06     4.70345e-06     -3.21929e-06     7.22727e-06
1990     0     0     0     0     0     0     0
1994     8.64948e-07     5.68373e-06     5.68362e-06     5.6838e-06     3.15826e-06     -2.201e-06     4.85644e-06
1998     8.64948e-07     5.70756e-06     5.70744e-06     5.70763e-06     3.16676e-06     -2.2252e-06     4.87534e-06
2002     0     0     0     0     0     0     0
2006     1.29742e-06     8.61216e-06     8.61199e-06     8.61227e-06     8.6779e-06     8.9598e-06     8.55453e-06
2010     4.32474e-07     2.8853e-06     2.88524e-06     2.88533e-06     2.90732e-06     3.00176e-06     2.86599e-06
2014     1.29742e-06     8.67626e-06     8.67608e-06     8.67637e-06     8.74249e-06     9.02648e-06     8.6182e-06
2018     1.29742e-06     8.71276e-06     8.71259e-06     8.71288e-06     8.77928e-06     9.06446e-06     8.65446e-06
2022     2.16237e-06     1.45752e-05     1.45749e-05     1.45754e-05     1.46865e-05     1.51636e-05     1.44777e-05
2026     8.64948e-07     5.8505e-06     5.85039e-06     5.85058e-06     5.89517e-06     6.08667e-06     5.81136e-06
2030     8.64948e-07     5.86997e-06     5.86985e-06     5.87005e-06     5.91478e-06     6.10692e-06     5.83069e-06
2034     8.64948e-07     5.88581e-06     5.8857e-06     5.88589e-06     5.93075e-06     6.1234e-06     5.84643e-06
2038     1.29742e-06     8.86817e-06     8.86799e-06     8.86828e-06     8.93587e-06     9.22614e-06     8.80883e-06
2042     4.32474e-07     2.96371e-06     2.96365e-06     2.96375e-06     2.98633e-06     3.08334e-06     2.94388e-06
2046     4.32474e-07     2.97276e-06     2.9727e-06     2.9728e-06     2.99545e-06     3.09276e-06     2.95287e-06
2050     8.64948e-07     5.97543e-06     5.97531e-06     5.97551e-06     6.02105e-06     6.21663e-06     5.93545e-06
2054     8.64948e-07     5.98116e-06     5.98104e-06     5.98123e-06     6.02682e-06     6.22259e-06     5.94113e-06
2058     1.7299e-06     1.20084e-05     1.20082e-05     1.20086e-05     1.21001e-05     1.24931e-05     1.19281e-05
2062     1.29742e-06     9.05752e-06     9.05734e-06     9.05764e-06     9.12667e-06     9.42314e-06     8.99691e-06
2066     8.64948e-07     6.05728e-06     6.05716e-06     6.05736e-06     6.10352e-06     6.30178e-06     6.01674e-06
2070     8.64948e-07     6.07464e-06     6.07452e-06     6.07472e-06     6.12102e-06     6.31985e-06     6.034e-06
2074     8.64948e-07     6.09019e-06     6.09006e-06     6.09026e-06     6.13668e-06     6.33602e-06     6.04943e-06
2078     4.32474e-07     3.05586e-06     3.0558e-06     3.0559e-06     3.07919e-06     3.17921e-06     3.03541e-06
2082     8.64948e-07     6.13321e-06     6.13309e-06     6.13329e-06     6.18003e-06     6.38078e-06     6.09217e-06
2086     4.32474e-07     3.07511e-06     3.07505e-06     3.07515e-06     3.09859e-06     3.19924e-06     3.05453e-06
2090     4.32474e-07     3.08874e-06     3.08868e-06     3.08878e-06     3.11232e-06     3.21342e-06     3.06807e-06
2094     8.64948e-07     6.19916e-06     6.19904e-06     6.19924e-06     6.24649e-06     6.4494e-06     6.15768e-06
2098     1.7299e-06     1.24358e-05     1.24356e-05     1.2436e-05     1.25307e-05     1.29378e-05     1.23526e-05
2102     0     0     0     0     0     0     0
2106     0     0     0     0     0     0     0
2110     4.32474e-07     3.14166e-06     3.1416e-06     3.1417e-06     3.16565e-06     3.26848e-06     3.12064e-06
2114     8.64948e-07     6.29974e-06     6.29961e-06     6.29982e-06     6.34783e-06     6.55403e-06     6.25758e-06
2118     4.32474e-07     3.15521e-06     3.15515e-06     3.15525e-06     3.1793e-06     3.28258e-06     3.1341e-06
2122     0     0     0     0     0     0     0
2126     0     0     0     0     0     0     0
2130     4.32474e-07     3.19025e-06     3.19018e-06     3.19029e-06     3.2146e-06     3.31903e-06     3.1689e-06
2134     0     0     0     0     0     0     0
2138     1.29742e-06     9.6349e-06     9.6347e-06     9.63502e-06     9.70845e-06     1.00238e-05     9.57042e-06
2142     4.32474e-07     3.22247e-06     3.22241e-06     3.22252e-06     3.24707e-06     3.35255e-06     3.20091e-06
2146     1.29742e-06     9.69019e-06     9.69e-06     9.69031e-06     9.76416e-06     1.00813e-05     9.62535e-06
2150     1.7299e-06     1.29804e-05     1.29802e-05     1.29806e-05     1.30795e-05     1.35044e-05     1.28936e-05
2154     1.29742e-06     9.76077e-06     9.76058e-06     9.7609e-06     9.83529e-06     1.01548e-05     9.69546e-06
2158     0     0     0     0     0     0     0
2162     4.32474e-07     3.2755e-06     3.27544e-06     3.27555e-06     3.30051e-06     3.40772e-06     3.25358e-06
2166     4.32474e-07     3.2872e-06     3.28713e-06     3.28724e-06     3.31229e-06     3.41989e-06     3.2652e-06
2170     1.29742e-06     9.88927e-06     9.88907e-06     9.8894e-06     9.96477e-06     1.02885e-05     9.8231e-06
2174     1.29742e-06     9.91465e-06     9.91446e-06     9.91478e-06     9.99034e-06     1.03149e-05     9.84831e-06
2178     1.29742e-06     9.95531e-06     9.95511e-06     9.95543e-06     1.00313e-05     1.03572e-05     9.88869e-06
2182     0     0     0     0     0     0     0
2186     4.32474e-07     3.33663e-06     3.33656e-06     3.33667e-06     3.3621e-06     3.47132e-06     3.3143e-06
2190     8.64948e-07     6.68785e-06     6.68771e-06     6.68793e-06     6.7389e-06     6.95781e-06     6.64309e-06
2194     8.64948e-07     6.72681e-06     6.72667e-06     6.72689e-06     6.77816e-06     6.99834e-06     6.68179e-06
2198     0     0     0     0     0     0     0
2202     4.32474e-07     3.38093e-06     3.38087e-06     3.38098e-06     3.40674e-06     3.51741e-06     3.35831e-06
2206     8.64948e-07     6.78267e-06     6.78254e-06     6.78276e-06     6.83445e-06     7.05646e-06     6.73728e-06
2210     0     0     0     0     0     0     0
2214     4.32474e-07     3.41624e-06     3.41617e-06     3.41629e-06     3.44232e-06     3.55414e-06     3.39338e-06
2218     4.32474e-07     3.41736e-06     3.41729e-06     3.4174e-06     3.44345e-06     3.5553e-06     3.39449e-06
2222     4.32474e-07     3.43355e-06     3.43349e-06     3.4336e-06     3.45977e-06     3.57215e-06     3.41058e-06
2226     1.7299e-06     1.37748e-05     1.37745e-05     1.3775e-05     1.38799e-05     1.43308e-05     1.36826e-05
2230     8.64948e-07     6.90544e-06     6.9053e-06     6.90553e-06     6.95816e-06     7.18419e-06     6.85923e-06
2234     8.64948e-07     6.92447e-06     6.92433e-06     6.92456e-06     6.97733e-06     7.20398e-06     6.87814e-06
2238     0     0     0     0     0     0     0
2242     8.64948e-07     6.97022e-06     6.97008e-06     6.97031e-06     7.02343e-06     7.25158e-06     6.92358e-06
2246     4.32474e-07     3.50038e-06     3.50031e-06     3.50042e-06     3.5271e-06     3.64167e-06     3.47696e-06
2250     0     0     0     0     0     0     0
2254     0     0     0     0     0     0     0
2258     8.64948e-07     7.05215e-06     7.05201e-06     7.05224e-06     7.10599e-06     7.33682e-06     7.00496e-06
2262     0     0     0     0     0     0     0
2266     1.7299e-06     1.41919e-05     1.41916e-05     1.41921e-05     1.43002e-05     1.47647e-05     1.40969e-05
2270     8.64948e-07     7.11622e-06     7.11608e-06     7.11631e-06     7.17055e-06     7.40347e-06     7.0686e-06
2274     1.29742e-06     1.0705e-05     1.07048e-05     1.07051e-05     1.07867e-05     1.11371e-05     1.06333e-05
2278     0     0     0     0     0     0     0
2282     0     0     0     0     0     0     0
2286     4.32474e-07     3.60491e-06     3.60484e-06     3.60496e-06     3.63243e-06     3.75043e-06     3.58079e-06
2290     1.7299e-06     1.44513e-05     1.4451e-05     1.44515e-05     1.45616e-05     1.50346e-05     1.43546e-05
2294     0     0     0     0     0     0     0
2298     0     0     0     0     0     0     0
2302     4.32474e-07     3.6451e-06     3.64502e-06     3.64514e-06     3.67292e-06     3.79224e-06     3.62071e-06
2306     4.32474e-07     3.65189e-06     3.65181e-06     3.65193e-06     3.67977e-06     3.7993e-06     3.62745e-06
2310     8.64948e-07     7.33676e-06     7.33662e-06     7.33686e-06     7.39277e-06     7.63292e-06     7.28767e-06
2314     0     0     0     0     0     0     0
2318     4.32474e-07     3.69019e-06     3.69012e-06     3.69024e-06     3.71836e-06     3.83915e-06     3.6655e-06
2322     8.64948e-07     7.39669e-06     7.39654e-06     7.39678e-06     7.45316e-06     7.69526e-06     7.34719e-06
2326     4.32474e-07     3.70519e-06     3.70511e-06     3.70524e-06     3.73347e-06     3.85475e-06     3.68039e-06
2330     0     0     0     0     0     0     0
2334     0     0     0     0     0     0     0
2338     8.64948e-07     7.48391e-06     7.48376e-06     7.484e-06     7.54104e-06     7.786e-06     7.43383e-06
2342     0     0     0     0     0     0     0
2346     0     0     0     0     0     0     0
2350     4.32474e-07     3.77823e-06     3.77815e-06     3.77828e-06     3.80707e-06     3.93074e-06     3.75295e-06
2354     0     0     0     0     0     0     0
2358     0     0     0     0     0     0     0
2362     4.32474e-07     3.80189e-06     3.80182e-06     3.80194e-06     3.83092e-06     3.95536e-06     3.77645e-06
2366     8.64948e-07     7.62996e-06     7.62981e-06     7.63006e-06     7.68821e-06     7.93795e-06     7.57891e-06
2370     0     0     0     0     0     0     0
2374     0     0     0     0     0     0     0
2378     0     0     0     0     0     0     0
2382     4.32474e-07     3.85495e-06     3.85487e-06     3.855e-06     3.88438e-06     4.01056e-06     3.82915e-06
2386     0     0     0     0     0     0     0
2390     4.32474e-07     3.88371e-06     3.88364e-06     3.88376e-06     3.91336e-06     4.04048e-06     3.85773e-06
2394     0     0     0     0     0     0     0
2398     0     0     0     0     0     0     0
2402     8.64948e-07     7.82719e-06     7.82704e-06     7.82729e-06     7.88695e-06     8.14314e-06     7.77482e-06
2406     0     0     0     0     0     0     0
2410     4.32474e-07     3.9353e-06     3.93522e-06     3.93535e-06     3.96534e-06     4.09415e-06     3.90897e-06
2414     0     0     0     0     0     0     0
2418     4.32474e-07     3.95997e-06     3.95989e-06     3.96002e-06     3.9902e-06     4.11982e-06     3.93347e-06
2422     0     0     0     0     0     0     0
2426     4.32474e-07     3.97579e-06     3.97571e-06     3.97584e-06     4.00614e-06     4.13627e-06     3.94918e-06
2430     0     0     0     0     0     0     0
2434     0     0     0     0     0     0     0
2438     0     0     0     0     0     0     0
2442     4.32474e-07     4.02456e-06     4.02448e-06     4.02461e-06     4.05529e-06     4.18702e-06     3.99763e-06
2446     4.32474e-07     4.03359e-06     4.03351e-06     4.03364e-06     4.06438e-06     4.19641e-06     4.0066e-06
2450     0     0     0     0     0     0     0
2454     0     0     0     0     0     0     0
2458     0     0     0     0     0     0     0
2462     4.32474e-07     4.08064e-06     4.08056e-06     4.0807e-06     4.1118e-06     4.24536e-06     4.05334e-06
2466     0     0     0     0     0     0     0
2470     0     0     0     0     0     0     0
2474     4.32474e-07     4.11355e-06     4.11347e-06     4.11361e-06     4.14496e-06     4.2796e-06     4.08603e-06
2478     0     0     0     0     0     0     0
2482     0     0     0     0     0     0     0
2486     0     0     0     0     0     0     0
2490     4.32474e-07     4.14954e-06     4.14946e-06     4.14959e-06     4.18122e-06     4.31704e-06     4.12177e-06
2494     4.32474e-07     4.16647e-06     4.16639e-06     4.16653e-06     4.19828e-06     4.33466e-06     4.13859e-06
2498     4.32474e-07     4.17296e-06     4.17288e-06     4.17302e-06     4.20482e-06     4.34141e-06     4.14504e-06
2502     4.32474e-07     4.18864e-06     4.18855e-06     4.18869e-06     4.22061e-06     4.35772e-06     4.16061e-06
2506     0     0     0     0     0     0     0
2510     0     0     0     0     0     0     0
2514     0     0     0     0     0     0     0
2518     0     0     0     0     0     0     0
2522     0     0     0     0     0     0     0
2526     0     0     0     0     0     0     0
2530     0     0     0     0     0     0     0
2534     4.32474e-07     4.27357e-06     4.27348e-06     4.27362e-06     4.30619e-06     4.44607e-06     4.24497e-06
2538     0     0     0     0     0     0     0
2542     0     0     0     0     0     0     0
2546     0     0     0     0     0     0     0
2550     0     0     0     0     0     0     0
2554     0     0     0     0     0     0     0
2558     0     0     0     0     0     0     0
2562     0     0     0     0     0     0     0
2566     0     0     0     0     0     0     0
2570     0     0     0     0     0     0     0
2574     0     0     0     0     0     0     0
2578     0     0     0     0     0     0     0
2582     0     0     0     0     0     0     0
2586     0     0     0     0     0     0     0
2590     0     0     0     0     0     0     0
2594     4.32474e-07     4.43734e-06     4.43725e-06     4.4374e-06     4.47122e-06     4.61646e-06     4.40765e-06
2598     4.32474e-07     4.44768e-06     4.44759e-06     4.44773e-06     4.48163e-06     4.62721e-06     4.41791e-06
2602     0     0     0     0     0     0     0
2606     0     0     0     0     0     0     0
2610     0     0     0     0     0     0     0
2614     0     0     0     0     0     0     0
2618     0     0     0     0     0     0     0
2622     0     0     0     0     0     0     0
2626     0     0     0     0     0     0     0
2630     0     0     0     0     0     0     0
2634     0     0     0     0     0     0     0
2638     0     0     0     0     0     0     0
2642     4.32474e-07     4.56881e-06     4.56872e-06     4.56887e-06     4.60369e-06     4.75324e-06     4.53824e-06
2646     0     0     0     0     0     0     0
2650     8.64948e-07     9.18667e-06     9.18649e-06     9.18679e-06     9.2568e-06     9.5575e-06     9.1252e-06
2654     0     0     0     0     0     0     0
2658     0     0     0     0     0     0     0
2662     0     0     0     0     0     0     0
2666     8.64948e-07     9.27667e-06     9.27649e-06     9.27679e-06     9.34749e-06     9.65113e-06     9.2146e-06
2670     4.32474e-07     4.64646e-06     4.64637e-06     4.64652e-06     4.68193e-06     4.83402e-06     4.61537e-06
2674     0     0     0     0     0     0     0
2678     0     0     0     0     0     0     0
2682     4.32474e-07     4.68572e-06     4.68563e-06     4.68578e-06     4.72149e-06     4.87486e-06     4.65437e-06
2686     0     0     0     0     0     0     0
2690     0     0     0     0     0     0     0
2694     0     0     0     0     0     0     0
2698     0     0     0     0     0     0     0
2702     4.32474e-07     4.74123e-06     4.74114e-06     4.74129e-06     4.77743e-06     4.93261e-06     4.7095e-06
2706     4.32474e-07     4.74458e-06     4.74449e-06     4.74465e-06     4.7808e-06     4.9361e-06     4.71284e-06
2710     0     0     0     0     0     0     0
2714     0     0     0     0     0     0     0
2718     0     0     0     0     0     0     0
2722     0     0     0     0     0     0     0
2726     4.32474e-07     4.80991e-06     4.80981e-06     4.80997e-06     4.84663e-06     5.00407e-06     4.77772e-06
2730     0     0     0     0     0     0     0
2734     0     0     0     0     0     0     0
2738     0     0     0     0     0     0     0
2742     4.32474e-07     4.84947e-06     4.84937e-06     4.84953e-06     4.88649e-06     5.04522e-06     4.81702e-06
2746     0     0     0     0     0     0     0
2750     0     0     0     0     0     0     0
2754     4.32474e-07     4.88802e-06     4.88792e-06     4.88808e-06     4.92534e-06     5.08533e-06     4.85531e-06
2758     0     0     0     0     0     0     0
2762     0     0     0     0     0     0     0
2766     0     0     0     0     0     0     0
2770     0     0     0     0     0     0     0
2774     0     0     0     0     0     0     0
2778     0     0     0     0     0     0     0
2782     0     0     0     0     0     0     0
2786     0     0     0     0     0     0     0
2790     0     0     0     0     0     0     0
2794     0     0     0     0     0     0     0
2798     0     0     0     0     0     0     0
2802     0     0     0     0     0     0     0
2806     0     0     0     0     0     0     0
2810     0     0     0     0     0     0     0
2814     0     0     0     0     0     0     0
2818     0     0     0     0     0     0     0
2822     0     0     0     0     0     0     0
2826     4.32474e-07     5.07961e-06     5.07951e-06     5.07967e-06     5.11839e-06     5.28465e-06     5.04562e-06
2830     0     0     0     0     0     0     0
2834     0     0     0     0     0     0     0
2838     0     0     0     0     0     0     0
2842     0     0     0     0     0     0     0
2846     0     0     0     0     0     0     0
2850     0     0     0     0     0     0     0
2854     0     0     0     0     0     0     0
2858     0     0     0     0     0     0     0
2862     0     0     0     0     0     0     0
2866     4.32474e-07     5.20014e-06     5.20004e-06     5.20021e-06     5.23984e-06     5.41005e-06     5.16535e-06
2870     0     0     0     0     0     0     0
2874     0     0     0     0     0     0     0
2878     0     0     0     0     0     0     0
2882     0     0     0     0     0     0     0
2886     0     0     0     0     0     0     0
2890     0     0     0     0     0     0     0
2894     0     0     0     0     0     0     0
2898     0     0     0     0     0     0     0
2902     0     0     0     0     0     0     0
2906     0     0     0     0     0     0     0
2910     4.32474e-07     5.31855e-06     5.31845e-06     5.31862e-06     5.35915e-06     5.53324e-06     5.28296e-06
2914     4.32474e-07     5.33295e-06     5.33284e-06     5.33302e-06     5.37366e-06     5.54822e-06     5.29726e-06
2918     0     0     0     0     0     0     0
2922     0     0     0     0     0     0     0
2926     0     0     0     0     0     0     0
2930     0     0     0     0     0     0     0
2934     0     0     0     0     0     0     0
2938     4.32474e-07     5.39634e-06     5.39623e-06     5.39641e-06     5.43753e-06     5.61416e-06     5.36023e-06
2942     0     0     0     0     0     0     0
2946     0     0     0     0     0     0     0
2950     0     0     0     0     0     0     0
2954     0     0     0     0     0     0     0
2958     0     0     0     0     0     0     0
2962     0     0     0     0     0     0     0
2966     0     0     0     0     0     0     0
2970     0     0     0     0     0     0     0
2974     0     0     0     0     0     0     0
2978     0     0     0     0     0     0     0
2982     0     0     0     0     0     0     0
2986     0     0     0     0     0     0     0
2990     0     0     0     0     0     0     0
2994     0     0     0     0     0     0     0
2998     0     0     0     0     0     0     0
3002     0     0     0     0     0     0     0
3006     0     0     0     0     0     0     0
3010     0     0     0     0     0     0     0
3014     0     0     0     0     0     0     0
3018     0     0     0     0     0     0     0
3022     0     0     0     0     0     0     0
3026     0     0     0     0     0     0     0
3030     0     0     0     0     0     0     0
3034     0     0     0     0     0     0     0
3038     4.32474e-07     5.68787e-06     5.68776e-06     5.68795e-06     5.7313e-06     5.91747e-06     5.64981e-06
3042     0     0     0     0     0     0     0
3046     0     0     0     0     0     0     0
3050     0     0     0     0     0     0     0
3054     0     0     0     0     0     0     0
3058     0     0     0     0     0     0     0
3062     0     0     0     0     0     0     0
3066     0     0     0     0     0     0     0
3070     0     0     0     0     0     0     0
3074     0     0     0     0     0     0     0
3078     0     0     0     0     0     0     0
3082     0     0     0     0     0     0     0
3086     0     0     0     0     0     0     0
3090     0     0     0     0     0     0     0
3094     0     0     0     0     0     0     0
3098     0     0     0     0     0     0     0
3102     0     0     0     0     0     0     0
3106     0     0     0     0     0     0     0
3110     0     0     0     0     0     0     0
3114     0     0     0     0     0     0     0
3118     0     0     0     0     0     0     0
3122     0     0     0     0     0     0     0
3126     0     0     0     0     0     0     0
3130     0     0     0     0     0     0     0
3134     0     0     0     0     0     0     0
3138     0     0     0     0     0     0     0
3142     0     0     0     0     0     0     0
3146     0     0     0     0     0     0     0
3150     0     0     0     0     0     0     0
3154     0     0     0     0     0     0     0
3158     0     0     0     0     0     0     0
3162     0     0     0     0     0     0     0
3166     0     0     0     0     0     0     0
3170     0     0     0     0     0     0     0
3174     0     0     0     0     0     0     0
3178     0     0     0     0     0     0     0
3182     0     0     0     0     0     0     0
3186     0     0     0     0     0     0     0
3190     0     0     0     0     0     0     0
3194     0     0     0     0     0     0     0
3198     0     0     0     0     0     0     0
3202     0     0     0     0     0     0     0
3206     0     0     0     0     0     0     0
3210     0     0     0     0     0     0     0
3214     0     0     0     0     0     0     0
3218     0     0     0     0     0     0     0
3222     0     0     0     0     0     0     0
3226     0     0     0     0     0     0     0
3230     0     0     0     0     0     0     0
3234     0     0     0     0     0     0     0
3238     0     0     0     0     0     0     0
3242     0     0     0     0     0     0     0
3246     0     0     0     0     0     0     0
3250     0     0     0     0     0     0     0
3254     0     0     0     0     0     0     0
3258     0     0     0     0     0     0     0
3262     0     0     0     0     0     0     0
3266     0     0     0     0     0     0     0
3270     0     0     0     0     0     0     0
3274     0     0     0     0     0     0     0
3278     0     0     0     0     0     0     0
3282     0     0     0     0     0     0     0
3286     0     0     0     0     0     0     0
3290     0     0     0     0     0     0     0
3294     0     0     0     0     0     0     0
3298     0     0     0     0     0     0     0
3302     0     0     0     0     0     0     0
3306     0     0     0     0     0     0     0
3310     0     0     0     0     0     0     0
3314     0     0     0     0     0     0     0
3318     0     0     0     0     0     0     0
3322     0     0     0     0     0     0     0
3326     0     0     0     0     0     0     0
3330     0     0     0     0     0     0     0
3334     0     0     0     0     0     0     0
3338     0     0     0     0     0     0     0
3342     0     0     0     0     0     0     0
3346     0     0     0     0     0     0     0
3350     0     0     0     0     0     0     0
3354     0     0     0     0     0     0     0
3358     0     0     0     0     0     0     0
3362     0     0     0     0     0     0     0
3366     0     0     0     0     0     0     0
3370     0     0     0     0     0     0     0
3374     0     0     0     0     0     0     0
3378     0     0     0     0     0     0     0
3382     0     0     0     0     0     0     0
3386     0     0     0     0     0     0     0
3390     0     0     0     0     0     0     0
3394     0     0     0     0     0     0     0
3398     0     0     0     0     0     0     0
3402     0     0     0     0     0     0     0
3406     0     0     0     0     0     0     0
3410     0     0     0     0     0     0     0
3414     0     0     0     0     0     0     0
3418     0     0     0     0     0     0     0
3422     0     0     0     0     0     0     0
3426     0     0     0     0     0     0     0
3430     0     0     0     0     0     0     0
3434     0     0     0     0     0     0     0
3438     0     0     0     0     0     0     0
3442     0     0     0     0     0     0     0
3446     0     0     0     0     0     0     0
3450     0     0     0     0     0     0     0
3454     0     0     0     0     0     0     0
3458     0     0     0     0     0     0     0
3462     0     0     0     0     0     0     0
3466     0     0     0     0     0     0     0
3470     0     0     0     0     0     0     0
3474     0     0     0     0     0     0     0
3478     0     0     0     0     0     0     0
3482     0     0     0     0     0     0     0
3486     0     0     0     0     0     0     0
3490     0     0     0     0     0     0     0
3494     0     0     0     0     0     0     0
3498     0     0     0     0     0     0     0
3502     0     0     0     0     0     0     0
3506     0     0     0     0     0     0     0
3510     0     0     0     0     0     0     0
3514     0     0     0     0     0     0     0
3518     0     0     0     0     0     0     0
3522     0     0     0     0     0     0     0
3526     0     0     0     0     0     0     0
3530     0     0     0     0     0     0     0
3534     0     0     0     0     0     0     0
3538     0     0     0     0     0     0     0
3542     0     0     0     0     0     0     0
3546     0     0     0     0     0     0     0
3550     0     0     0     0     0     0     0
3554     0     0     0     0     0     0     0
3558     0     0     0     0     0     0     0
3562     0     0     0     0     0     0     0
3566     0     0     0     0     0     0     0
3570     0     0     0     0     0     0     0
3574     0     0     0     0     0     0     0
3578     0     0     0     0     0     0     0
3582     0     0     0     0     0     0     0
3586     0     0     0     0     0     0     0
3590     0     0     0     0     0     0     0
3594     0     0     0     0     0     0     0
3598     0     0     0     0     0     0     0
3602     0     0     0     0     0     0     0
3606     0     0     0     0     0     0     0
3610     0     0     0     0     0     0     0
3614     0     0     0     0     0     0     0
3618     0     0     0     0     0     0     0
3622     0     0     0     0     0     0     0
3626     0     0     0     0     0     0     0
3630     0     0     0     0     0     0     0
3634     0     0     0     0     0     0     0
3638     0     0     0     0     0     0     0
3642     0     0     0     0     0     0     0
3646     0     0     0     0     0     0     0
3650     0     0     0     0     0     0     0
3654     0     0     0     0     0     0     0
3658     0     0     0     0     0     0     0
3662     0     0     0     0     0     0     0
3666     0     0     0     0     0     0     0
3670     0     0     0     0     0     0     0
3674     0     0     0     0     0     0     0
3678     0     0     0     0     0     0     0
3682     0     0     0     0     0     0     0
3686     0     0     0     0     0     0     0
3690     0     0     0     0     0     0     0
3694     0     0     0     0     0     0     0
3698     0     0     0     0     0     0     0
3702     0     0     0     0     0     0     0
3706     0     0     0     0     0     0     0
3710     0     0     0     0     0     0     0
3714     0     0     0     0     0     0     0
3718     0     0     0     0     0     0     0
3722     0     0     0     0     0     0     0
3726     0     0     0     0     0     0     0
3730     0     0     0     0     0     0     0
3734     0     0     0     0     0     0     0
3738     0     0     0     0     0     0     0
3742     0     0     0     0     0     0     0
3746     0     0     0     0     0     0     0
3750     0     0     0     0     0     0     0
3754     0     0     0     0     0     0     0
3758     0     0     0     0     0     0     0
3762     0     0     0     0     0     0     0
3766     0     0     0     0     0     0     0
3770     0     0     0     0     0     0     0
3774     0     0     0     0     0     0     0
3778     0     0     0     0     0     0     0
3782     0     0     0     0     0     0     0
3786     0     0     0     0     0     0     0
3790     0     0     0     0     0     0     0
3794     0     0     0     0     0     0     0
3798     0     0     0     0     0     0     0
3802     0     0     0     0     0     0     0
3806     0     0     0     0     0     0     0
3810     0     0     0     0     0     0     0
3814     0     0     0     0     0     0     0
3818     0     0     0     0     0     0     0
3822     0     0     0     0     0     0     0
3826     0     0     0     0     0     0     0
3830     0     0     0     0     0     0     0
3834     0     0     0     0     0     0     0
3838     0     0     0     0     0     0     0
3842     0     0     0     0     0     0     0
3846     0     0     0     0     0     0     0
3850     0     0     0     0     0     0     0
3854     0     0     0     0     0     0     0
3858     0     0     0     0     0     0     0
3862     0     0     0     0     0     0     0
3866     0     0     0     0     0     0     0
3870     0     0     0     0     0     0     0
3874     0     0     0     0     0     0     0
3878     0     0     0     0     0     0     0
3882     0     0     0     0     0     0     0
3886     0     0     0     0     0     0     0
3890     0     0     0     0     0     0     0
3894     0     0     0     0     0     0     0
3898     0     0     0     0     0     0     0
3902     0     0     0     0     0     0     0
3906     0     0     0     0     0     0     0
3910     0     0     0     0     0     0     0
3914     0     0     0     0     0     0     0
3918     0     0     0     0     0     0     0
3922     0     0     0     0     0     0     0
3926     0     0     0     0     0     0     0
3930     0     0     0     0     0     0     0
3934     0     0     0     0     0     0     0
3938     0     0     0     0     0     0     0
3942     0     0     0     0     0     0     0
3946     0     0     0     0     0     0     0
3950     0     0     0     0     0     0     0
3954     0     0     0     0     0     0     0
3958     0     0     0     0     0     0     0
3962     0     0     0     0     0     0     0
3966     0     0     0     0     0     0     0
3970     0     0     0     0     0     0     0
3974     0     0     0     0     0     0     0
3978     0     0     0     0     0     0     0
3982     0     0     0     0     0     0     0
3986     0     0     0     0     0     0     0
3990     0     0     0     0     0     0     0
3994     0     0     0     0     0     0     0
3998     0     0     0     0     0     0     0
