2     0     0     0     0     0     0     0
6     0     0     0     0     0     0     0
10     0     0     0     0     0     0     0
14     0     0     0     0     0     0     0
18     0     0     0     0     0     0     0
22     0     0     0     0     0     0     0
26     1.26146e-05     1.64101e-09     1.64097e-09     1.64103e-09     1.68742e-09     1.80158e-09     1.64216e-09
30     1.70668e-05     1.85602e-09     1.85598e-09     1.85604e-09     1.90851e-09     2.03763e-09     1.85733e-09
34     1.97876e-05     1.79945e-09     1.79941e-09     1.79947e-09     1.85034e-09     1.97552e-09     1.80071e-09
38     2.17663e-05     1.70027e-09     1.70024e-09     1.70029e-09     1.74836e-09     1.86664e-09     1.70147e-09
42     2.52291e-05     1.72527e-09     1.72524e-09     1.7253e-09     1.77407e-09     1.89409e-09     1.72649e-09
46     2.99287e-05     1.79431e-09     1.79427e-09     1.79433e-09     1.84505e-09     1.96988e-09     1.79557e-09
50     3.31441e-05     1.77522e-09     1.77519e-09     1.77525e-09     1.82543e-09     1.94893e-09     1.77647e-09
54     3.7349e-05     1.82532e-09     1.82529e-09     1.82535e-09     1.87694e-09     2.00393e-09     1.82661e-09
58     3.63596e-05     1.6325e-09     1.63247e-09     1.63252e-09     1.67867e-09     1.79224e-09     1.63365e-09
62     4.99636e-05     2.08318e-09     2.08314e-09     2.0832e-09     2.14209e-09     2.28701e-09     2.08464e-09
66     4.77375e-05     1.87263e-09     1.8726e-09     1.87266e-09     1.92559e-09     2.05587e-09     1.87395e-09
70     4.69954e-05     1.74442e-09     1.74438e-09     1.74444e-09     1.79375e-09     1.91511e-09     1.74565e-09
74     5.19423e-05     1.85136e-09     1.85133e-09     1.85139e-09     1.90372e-09     2.03252e-09     1.85267e-09
78     5.36737e-05     1.8526e-09     1.85256e-09     1.85262e-09     1.90499e-09     2.03387e-09     1.8539e-09
82     5.8868e-05     1.98323e-09     1.98319e-09     1.98326e-09     2.03932e-09     2.17729e-09     1.98463e-09
86     6.20834e-05     2.05948e-09     2.05944e-09     2.05951e-09     2.11773e-09     2.261e-09     2.06093e-09
90     7.02458e-05     2.31098e-09     2.31093e-09     2.31101e-09     2.37633e-09     2.5371e-09     2.3126e-09
94     6.97511e-05     2.29075e-09     2.2907e-09     2.29078e-09     2.35553e-09     2.5149e-09     2.29236e-09
98     7.19772e-05     2.37341e-09     2.37336e-09     2.37344e-09     2.44053e-09     2.60565e-09     2.37508e-09
102     7.84082e-05     2.60667e-09     2.60662e-09     2.6067e-09     2.68039e-09     2.86173e-09     2.6085e-09
106     7.74188e-05     2.60862e-09     2.60857e-09     2.60865e-09     2.68239e-09     2.86387e-09     2.61045e-09
110     8.73126e-05     3.00904e-09     3.00898e-09     3.00908e-09     3.09414e-09     3.30347e-09     3.01116e-09
114     9.07754e-05     3.24408e-09     3.24401e-09     3.24412e-09     3.33582e-09     3.56151e-09     3.24636e-09
118     8.73126e-05     3.28456e-09     3.2845e-09     3.2846e-09     3.37745e-09     3.60595e-09     3.28687e-09
122     9.0528e-05     3.66152e-09     3.66145e-09     3.66157e-09     3.76507e-09     4.0198e-09     3.6641e-09
126     9.59696e-05     4.26711e-09     4.26703e-09     4.26717e-09     4.38779e-09     4.68465e-09     4.27012e-09
130     9.79484e-05     4.93364e-09     4.93354e-09     4.9337e-09     5.07316e-09     5.41639e-09     4.93711e-09
134     0.000101411     5.94861e-09     5.94849e-09     5.94869e-09     6.11684e-09     6.53067e-09     5.9528e-09
138     9.59696e-05     6.78512e-09     6.78499e-09     6.78521e-09     6.97701e-09     7.44904e-09     6.7899e-09
142     0.0001118     9.78905e-09     9.78885e-09     9.78918e-09     1.00659e-08     1.07469e-08     9.79594e-09
146     0.000103637     1.1783e-08     1.17828e-08     1.17832e-08     1.21163e-08     1.2936e-08     1.17913e-08
150     0.000109326     1.71248e-08     1.71245e-08     1.7125e-08     1.76091e-08     1.88005e-08     1.71369e-08
154     0.000117736     2.77559e-08     2.77554e-08     2.77563e-08     2.85409e-08     3.04718e-08     2.77755e-08
158     0.000114273     5.13752e-08     5.13742e-08     5.13759e-08     5.28281e-08     5.64022e-08     5.14114e-08
162     0.000123177     1.45198e-07     1.45195e-07     1.452e-07     1.49304e-07     1.59405e-07     1.453e-07
166     0.000115757     2.56003e-07     2.55998e-07     2.56007e-07     2.63243e-07     2.81053e-07     2.56183e-07
170     0.000132824     3.97577e-07     3.97569e-07     3.97583e-07     4.08821e-07     4.3648e-07     3.97857e-07
174     0.000125404     4.58595e-07     4.58586e-07     4.58601e-07     4.71564e-07     5.03468e-07     4.58918e-07
178     0.00013134     5.65772e-07     5.65761e-07     5.6578e-07     5.81773e-07     6.21133e-07     5.66171e-07
182     0.000137771     7.13655e-07     7.13641e-07     7.13665e-07     7.33838e-07     7.83486e-07     7.14158e-07
186     0.000129114     8.07061e-07     8.07046e-07     8.07072e-07     8.29886e-07     8.86032e-07     8.0763e-07
190     0.000133319     9.73208e-07     9.73188e-07     9.73221e-07     1.00073e-06     1.06844e-06     9.73893e-07
194     0.000134308     1.10889e-06     1.10887e-06     1.10891e-06     1.14025e-06     1.2174e-06     1.10967e-06
198     0.000139255     1.26795e-06     1.26792e-06     1.26796e-06     1.30381e-06     1.39202e-06     1.26884e-06
202     0.000150385     1.4996e-06     1.49957e-06     1.49962e-06     1.54201e-06     1.64634e-06     1.50066e-06
206     0.000148159     1.60494e-06     1.60492e-06     1.60496e-06     1.65033e-06     1.762e-06     1.60607e-06
210     0.000149643     1.75496e-06     1.75494e-06     1.75497e-06     1.80564e-06     1.92828e-06     1.75691e-06
214     0.000158548     2.00142e-06     2.00139e-06     2.00143e-06     2.06041e-06     2.20088e-06     2.00447e-06
218     0.000165968     2.24162e-06     2.24159e-06     2.24164e-06     2.30782e-06     2.46521e-06     2.24512e-06
222     0.000153601     2.21409e-06     2.21406e-06     2.2141e-06     2.27992e-06     2.43562e-06     2.21785e-06
226     0.000157558     2.4199e-06     2.41987e-06     2.41992e-06     2.49206e-06     2.66234e-06     2.42416e-06
230     0.000158795     2.58509e-06     2.58506e-06     2.58511e-06     2.66226e-06     2.8442e-06     2.58969e-06
234     0.000171657     2.96617e-06     2.96614e-06     2.96619e-06     3.05462e-06     3.26335e-06     2.97139e-06
238     0.000160774     2.93623e-06     2.93619e-06     2.93625e-06     3.02347e-06     3.22992e-06     2.94117e-06
242     0.000165226     3.18417e-06     3.18413e-06     3.18419e-06     3.27956e-06     3.50385e-06     3.19006e-06
246     0.00017413     3.54056e-06     3.54052e-06     3.54058e-06     3.6469e-06     3.89644e-06     3.5473e-06
250     0.000177346     3.79922e-06     3.79917e-06     3.79924e-06     3.91321e-06     4.18092e-06     3.80637e-06
254     0.000176109     3.9611e-06     3.96106e-06     3.96112e-06     4.07986e-06     4.35892e-06     3.96849e-06
258     0.00018254     4.31414e-06     4.31409e-06     4.31416e-06     4.44381e-06     4.74791e-06     4.32241e-06
262     0.000172894     4.28453e-06     4.28448e-06     4.28455e-06     4.41492e-06     4.71776e-06     4.29386e-06
266     0.000186498     4.8382e-06     4.83815e-06     4.83822e-06     4.98503e-06     5.32679e-06     4.84845e-06
270     0.000184272     5.00337e-06     5.00332e-06     5.00339e-06     5.15553e-06     5.50912e-06     5.01418e-06
274     0.000174625     4.95403e-06     4.95398e-06     4.95405e-06     5.10528e-06     5.45571e-06     4.96514e-06
278     0.000177346     5.25398e-06     5.25393e-06     5.254e-06     5.41505e-06     5.78705e-06     5.26621e-06
282     0.000198123     6.12589e-06     6.12583e-06     6.12591e-06     6.31316e-06     6.74661e-06     6.13978e-06
286     0.000166215     5.35465e-06     5.3546e-06     5.35466e-06     5.51892e-06     5.8981e-06     5.36719e-06
290     0.000183035     6.13984e-06     6.13978e-06     6.13985e-06     6.33024e-06     6.76607e-06     6.15561e-06
294     0.000194165     6.77126e-06     6.7712e-06     6.77128e-06     6.98289e-06     7.46439e-06     6.78978e-06
298     0.00018724     6.7873e-06     6.78725e-06     6.78732e-06     6.99868e-06     7.48096e-06     6.80533e-06
302     0.00019936     7.49693e-06     7.49687e-06     7.49694e-06     7.72874e-06     8.26061e-06     7.51569e-06
306     0.000212221     8.28951e-06     8.28945e-06     8.28952e-06     8.55025e-06     9.14063e-06     8.31329e-06
310     0.000194907     7.89488e-06     7.89482e-06     7.89488e-06     8.1459e-06     8.70955e-06     7.91937e-06
314     0.000189713     7.95885e-06     7.95879e-06     7.95885e-06     8.21353e-06     8.78258e-06     7.98466e-06
318     0.000195649     8.50019e-06     8.50014e-06     8.50019e-06     8.7737e-06     9.38221e-06     8.52878e-06
322     0.000204801     9.19881e-06     9.19875e-06     9.1988e-06     9.49215e-06     1.01493e-05     9.22792e-06
326     0.000210737     9.78575e-06     9.7857e-06     9.78574e-06     1.01001e-05     1.08004e-05     9.81833e-06
330     0.000193176     9.25756e-06     9.25752e-06     9.25755e-06     9.55715e-06     1.02207e-05     9.28988e-06
334     0.000210737     1.0418e-05     1.0418e-05     1.0418e-05     1.07574e-05     1.15052e-05     1.0456e-05
338     0.000200349     1.02187e-05     1.02186e-05     1.02187e-05     1.05536e-05     1.1288e-05     1.02573e-05
342     0.000223105     1.17421e-05     1.17421e-05     1.17421e-05     1.21317e-05     1.29776e-05     1.17899e-05
346     0.000211974     1.15314e-05     1.15314e-05     1.15313e-05     1.19162e-05     1.27478e-05     1.158e-05
350     0.000227804     1.28931e-05     1.28931e-05     1.2893e-05     1.33272e-05     1.42588e-05     1.29502e-05
354     0.000209253     1.238e-05     1.238e-05     1.23799e-05     1.28008e-05     1.36973e-05     1.24375e-05
358     0.000222363     1.38079e-05     1.3808e-05     1.38078e-05     1.42819e-05     1.52843e-05     1.38752e-05
362     0.000215437     1.40111e-05     1.40112e-05     1.4011e-05     1.44981e-05     1.55187e-05     1.40833e-05
366     0.000224094     1.52072e-05     1.52073e-05     1.52071e-05     1.5741e-05     1.68515e-05     1.52891e-05
370     0.000225083     1.59498e-05     1.59499e-05     1.59496e-05     1.65259e-05     1.76991e-05     1.60467e-05
374     0.000221621     1.63847e-05     1.63848e-05     1.63845e-05     1.69881e-05     1.81994e-05     1.64921e-05
378     0.00023102     1.78154e-05     1.78155e-05     1.78151e-05     1.84619e-05     1.97744e-05     1.79254e-05
382     0.000231514     1.85877e-05     1.85878e-05     1.85874e-05     1.92873e-05     2.06701e-05     1.87194e-05
386     0.000210737     1.758e-05     1.75801e-05     1.75797e-05     1.82516e-05     1.95649e-05     1.77111e-05
390     0.00023003     1.99044e-05     1.99046e-05     1.99041e-05     2.06747e-05     2.21671e-05     2.00594e-05
394     0.000222363     1.99033e-05     1.99035e-05     1.99029e-05     2.06824e-05     2.21797e-05     2.00641e-05
398     0.000215932     1.99935e-05     1.99937e-05     1.99931e-05     2.07863e-05     2.22962e-05     2.01618e-05
402     0.000236461     2.26318e-05     2.2632e-05     2.26314e-05     2.35447e-05     2.52624e-05     2.28324e-05
406     0.000235719     2.3309e-05     2.33092e-05     2.33085e-05     2.42664e-05     2.60452e-05     2.35271e-05
410     0.000250807     2.55821e-05     2.55825e-05     2.55816e-05     2.66461e-05     2.86058e-05     2.58301e-05
414     0.000242397     2.55007e-05     2.55011e-05     2.55002e-05     2.65745e-05     2.85356e-05     2.57566e-05
418     0.000256991     2.78208e-05     2.78211e-05     2.78202e-05     2.90095e-05     3.11587e-05     2.81112e-05
422     0.000251055     2.79591e-05     2.79595e-05     2.79585e-05     2.91739e-05     3.13455e-05     2.82641e-05
426     0.000246355     2.81843e-05     2.81847e-05     2.81837e-05     2.94288e-05     3.16294e-05     2.85048e-05
430     0.000238935     2.80713e-05     2.80717e-05     2.80706e-05     2.93301e-05     3.15329e-05     2.84031e-05
434     0.000250807     3.02586e-05     3.0259e-05     3.02579e-05     3.16404e-05     3.40287e-05     3.06327e-05
438     0.000238687     2.95426e-05     2.9543e-05     2.95419e-05     3.09192e-05     3.32665e-05     2.99261e-05
442     0.000251797     3.19557e-05     3.19562e-05     3.1955e-05     3.34713e-05     3.60261e-05     3.23876e-05
446     0.000247839     3.22345e-05     3.22351e-05     3.22338e-05     3.37841e-05     3.6374e-05     3.26833e-05
450     0.000263422     3.50703e-05     3.50709e-05     3.50695e-05     3.67883e-05     3.9625e-05     3.55793e-05
454     0.000275294     3.74972e-05     3.74979e-05     3.74963e-05     3.93676e-05     4.24202e-05     3.80632e-05
458     0.00026268     3.65737e-05     3.65743e-05     3.65728e-05     3.84208e-05     4.14114e-05     3.71405e-05
462     0.000261443     3.72094e-05     3.72101e-05     3.72085e-05     3.91327e-05     4.21997e-05     3.78153e-05
466     0.000275294     4.00499e-05     4.00506e-05     4.00489e-05     4.21526e-05     4.54714e-05     4.07237e-05
470     0.000263422     3.91557e-05     3.91564e-05     3.91547e-05     4.12549e-05     4.45234e-05     3.98433e-05
474     0.000270842     4.1097e-05     4.10978e-05     4.1096e-05     4.33451e-05     4.68006e-05     4.18483e-05
478     0.000259464     4.01642e-05     4.01649e-05     4.01631e-05     4.2397e-05     4.57947e-05     4.09217e-05
482     0.00029063     4.59262e-05     4.59271e-05     4.5925e-05     4.85595e-05     5.24915e-05     4.68444e-05
486     0.000284199     4.58043e-05     4.58052e-05     4.58031e-05     4.84534e-05     5.239e-05     4.67341e-05
490     0.000271089     4.45613e-05     4.45622e-05     4.45601e-05     4.7195e-05     5.10581e-05     4.55024e-05
494     0.000297061     4.9752e-05     4.97529e-05     4.97507e-05     5.27563e-05     5.71062e-05     5.08442e-05
498     0.000287167     4.90085e-05     4.90095e-05     4.90073e-05     5.20114e-05     5.63213e-05     5.01127e-05
502     0.00028222     4.90501e-05     4.9051e-05     4.90487e-05     5.2165e-05     5.65416e-05     5.02268e-05
506     0.000285188     5.0464e-05     5.0465e-05     5.04626e-05     5.37282e-05     5.82664e-05     5.17128e-05
510     0.000297555     5.36326e-05     5.36337e-05     5.36312e-05     5.71779e-05     6.20471e-05     5.50085e-05
514     0.000288898     5.30111e-05     5.30122e-05     5.30097e-05     5.65907e-05     6.14492e-05     5.44191e-05
518     0.000300029     5.60462e-05     5.60474e-05     5.60447e-05     5.99161e-05     6.51048e-05     5.75892e-05
522     0.000301513     5.72979e-05     5.72991e-05     5.72964e-05     6.13849e-05     6.67682e-05     5.89591e-05
526     0.000281973     5.45113e-05     5.45125e-05     5.45098e-05     5.84424e-05     6.359e-05     5.61188e-05
530     0.000292114     5.74026e-05     5.74038e-05     5.7401e-05     6.16341e-05     6.71082e-05     5.91551e-05
534     0.000287167     5.73682e-05     5.73695e-05     5.73666e-05     6.16992e-05     6.72285e-05     5.91862e-05
538     0.000313633     6.3659e-05     6.36604e-05     6.36572e-05     6.85383e-05     7.4716e-05     6.57241e-05
542     0.00029434     6.07222e-05     6.07235e-05     6.07205e-05     6.55121e-05     7.14826e-05     6.27803e-05
546     0.000302997     6.35301e-05     6.35315e-05     6.35282e-05     6.86505e-05     7.49608e-05     6.5754e-05
550     0.000312149     6.65273e-05     6.65288e-05     6.65254e-05     7.20138e-05     7.86952e-05     6.89364e-05
554     0.000305965     6.63048e-05     6.63063e-05     6.63029e-05     7.19135e-05     7.86562e-05     6.87961e-05
558     0.000305718     6.73019e-05     6.73034e-05     6.73e-05     7.31295e-05     8.00547e-05     6.9917e-05
562     0.000300029     6.69928e-05     6.69943e-05     6.69908e-05     7.30157e-05     8.00434e-05     6.97378e-05
566     0.000340099     7.6977e-05     7.69788e-05     7.69747e-05     8.40141e-05     9.21618e-05     8.02044e-05
570     0.000318085     7.30057e-05     7.30074e-05     7.30036e-05     7.98138e-05     8.76229e-05     7.61517e-05
574     0.000333915     7.78219e-05     7.78238e-05     7.78196e-05     8.52353e-05     9.36535e-05     8.12753e-05
578     0.000317095     7.5089e-05     7.50908e-05     7.50867e-05     8.24107e-05     9.06336e-05     7.85295e-05
582     0.000326     7.83265e-05     7.83284e-05     7.83242e-05     8.62131e-05     9.49398e-05     8.20751e-05
586     0.000326247     7.95022e-05     7.95041e-05     7.94998e-05     8.76752e-05     9.6635e-05     8.34136e-05
590     0.000316601     7.83515e-05     7.83535e-05     7.83492e-05     8.66143e-05     9.55706e-05     8.23387e-05
594     0.000327731     8.25138e-05     8.25159e-05     8.25113e-05     9.14282e-05     0.00010099     8.68477e-05
598     0.000348014     8.9143e-05     8.91452e-05     8.91403e-05     9.89552e-05     0.000109399     9.39393e-05
602     0.000348508     9.05912e-05     9.05935e-05     9.05884e-05     0.000100869     0.000111675     9.56585e-05
606     0.000342325     9.01428e-05     9.01451e-05     9.014e-05     0.000100658     0.000111589     9.53667e-05
610     0.000344551     9.1898e-05     9.19004e-05     9.18952e-05     0.000102821     0.000114092     9.73504e-05
614     0.000340841     9.22594e-05     9.22618e-05     9.22566e-05     0.000103442     0.000114891     9.78698e-05
618     0.000356918     9.81296e-05     9.81322e-05     9.81265e-05     0.000110358     0.000122739     0.00010431
622     0.000364586     0.000101827     0.00010183     0.000101824     0.000114859     0.000127918     0.000108458
626     0.000351971     9.97608e-05     9.97635e-05     9.97577e-05     0.000112842     0.000125829     0.000106455
630     0.000357907     0.000102884     0.000102887     0.00010288     0.000116668     0.000130245     0.000109972
634     0.000331194     9.65248e-05     9.65274e-05     9.65217e-05     0.000109749     0.00012267     0.000103359
638     0.00036978     0.000109293     0.000109296     0.000109289     0.000124608     0.000139451     0.000117245
642     0.000367554     0.000110281     0.000110284     0.000110277     0.000126119     0.000141344     0.000118543
646     0.000372253     0.000113496     0.0001135     0.000113493     0.000130152     0.000146047     0.000122221
650     0.000350982     0.000108761     0.000108765     0.000108758     0.000125125     0.000140608     0.000117375
654     0.000367554     0.000115729     0.000115733     0.000115726     0.000133545     0.00015027     0.000125149
658     0.000354692     0.000113398     0.000113402     0.000113394     0.000131148     0.000147721     0.000122813
662     0.000384621     0.000124822     0.000124826     0.000124818     0.000144879     0.000163454     0.000135508
666     0.00036607     0.000120623     0.000120626     0.000120619     0.000140368     0.000158559     0.000131171
670     0.000365575     0.000122254     0.000122257     0.000122249     0.000142705     0.000161424     0.000133217
674     0.000369038     0.000125275     0.000125279     0.000125271     0.000146662     0.00016612     0.000136776
678     0.000390309     0.000134415     0.000134419     0.00013441     0.000157678     0.00017876     0.000146951
682     0.000363102     0.000126813     0.000126817     0.000126809     0.000149609     0.000170026     0.000139174
686     0.000393525     0.000139415     0.00013942     0.00013941     0.000164879     0.000187584     0.000153253
690     0.00039402     0.000141652     0.000141656     0.000141647     0.000168008     0.000191395     0.000156008
694     0.000377942     0.000138084     0.000138088     0.000138079     0.000164304     0.000187453     0.000152402
698     0.000400698     0.000148815     0.00014882     0.00014881     0.000177622     0.000202939     0.000164579
702     0.000389815     0.000147126     0.000147131     0.000147121     0.000176397     0.000201952     0.000163195
706     0.00040144     0.000153912     0.000153917     0.000153906     0.000184945     0.000211956     0.000170971
710     0.000403666     0.000157321     0.000157327     0.000157316     0.000189575     0.000217534     0.000175086
714     0.000402182     0.000159521     0.000159526     0.000159515     0.000192791     0.000221512     0.000177881
718     0.000402429     0.000162512     0.000162518     0.000162506     0.000196901     0.00022649     0.000181517
722     0.00040985     0.000168336     0.000168342     0.00016833     0.000205013     0.000236366     0.000188668
726     0.000403913     0.000168508     0.000168514     0.000168502     0.000205801     0.000237589     0.000189206
730     0.000399956     0.000169521     0.000169528     0.000169515     0.000207558     0.000239899     0.000190654
734     0.000419496     0.000180806     0.000180813     0.0001808     0.000221924     0.000256796     0.000203675
738     0.000407129     0.00017865     0.000178656     0.000178643     0.000219904     0.000254781     0.000201627
742     0.00040515     0.000181247     0.000181254     0.00018124     0.000224079     0.000260131     0.000205148
746     0.000408613     0.000186344     0.000186351     0.000186337     0.000231044     0.000268583     0.00021131
750     0.000421227     0.000195771     0.000195779     0.000195764     0.000243294     0.000283138     0.000222329
754     0.000420238     0.000198907     0.000198914     0.000198899     0.000247679     0.000288515     0.000226174
758     0.00040886     0.000196926     0.000196934     0.000196919     0.000245674     0.000286432     0.000224195
762     0.000414797     0.000203464     0.000203472     0.000203456     0.000254967     0.000297852     0.000232321
766     0.000422217     0.000211141     0.000211149     0.000211133     0.000265146     0.000310067     0.000241408
770     0.000421722     0.000215278     0.000215286     0.000215269     0.000270869     0.000317072     0.00024644
774     0.000406139     0.000211777     0.000211786     0.000211769     0.000266999     0.000312849     0.00024274
778     0.000433842     0.000231035     0.000231045     0.000231026     0.00029208     0.000342675     0.000265286
782     0.00042098     0.00022888     0.000228889     0.000228871     0.000290158     0.000340896     0.000263269
786     0.000406882     0.0002257     0.000225709     0.000225691     0.00028645     0.000336777     0.000259775
790     0.000412076     0.000233223     0.000233233     0.000233214     0.000296463     0.000348844     0.000268689
794     0.000434831     0.000251421     0.000251431     0.000251411     0.000320228     0.000377184     0.000290011
798     0.000408366     0.000241417     0.000241427     0.000241407     0.000308078     0.000363215     0.00027881
802     0.000420238     0.000254281     0.000254292     0.000254271     0.000324905     0.000383345     0.000293877
806     0.000430627     0.000266642     0.000266653     0.000266631     0.000341068     0.000402677     0.000308353
810     0.000394267     0.000250127     0.000250138     0.000250117     0.000320446     0.000378665     0.000289523
814     0.000426422     0.000277008     0.00027702     0.000276997     0.000355369     0.000420263     0.000320894
818     0.000413065     0.000274794     0.000274806     0.000274784     0.000352844     0.000417529     0.000318484
822     0.000439778     0.000299654     0.000299667     0.000299642     0.000385136     0.000455974     0.000347495
826     0.000383878     0.000268136     0.000268148     0.000268125     0.000344691     0.000408156     0.000310966
830     0.000398224     0.000284948     0.000284961     0.000284937     0.000366419     0.000434063     0.000330482
834     0.000403419     0.000296186     0.000296199     0.000296174     0.000381064     0.000451718     0.000343549
838     0.000403913     0.000304566     0.00030458     0.000304555     0.000392128     0.000465248     0.000353334
842     0.000401935     0.000311001     0.000311015     0.00031099     0.000400398     0.000475221     0.000360721
846     0.000403419     0.000320508     0.000320523     0.000320496     0.00041201     0.000488684     0.000371365
850     0.000405645     0.000330921     0.000330935     0.000330908     0.000425146     0.000504191     0.000383255
854     0.000397235     0.000333224     0.000333239     0.000333212     0.00042795     0.000507573     0.000385774
858     0.000397482     0.000342836     0.000342852     0.000342824     0.000439909     0.000521808     0.000396572
862     0.000403171     0.000357727     0.000357744     0.000357714     0.000458973     0.000544711     0.000413643
866     0.000394267     0.000359705     0.000359721     0.000359692     0.000460722     0.000546575     0.000415383
870     0.000375716     0.000352682     0.000352698     0.00035267     0.000450621     0.000534214     0.000406537
874     0.000379179     0.000366118     0.000366135     0.000366106     0.000466766     0.000553005     0.000421342
878     0.000376211     0.000373797     0.000373813     0.000373784     0.000476112     0.000564002     0.000429848
882     0.000356423     0.000364686     0.000364702     0.000364673     0.000463046     0.000547949     0.000418429
886     0.000381405     0.000401789     0.000401806     0.000401775     0.000509075     0.000602003     0.000460293
890     0.000363102     0.000394052     0.00039407     0.000394039     0.000498067     0.000588582     0.000450622
894     0.00035395     0.00039621     0.000396227     0.000396197     0.000499376     0.000589685     0.000452128
898     0.000356671     0.000411679     0.000411697     0.000411666     0.000517195     0.000610209     0.00046864
902     0.000356918     0.000424795     0.000424813     0.000424782     0.000531851     0.000626803     0.000482382
906     0.000342325     0.000420233     0.000420251     0.00042022     0.000524202     0.000616842     0.000476018
910     0.000354692     0.000449115     0.000449134     0.000449102     0.00055859     0.000656562     0.000507708
914     0.000329215     0.000429959     0.000429977     0.000429947     0.000533165     0.000625998     0.000485031
918     0.000333173     0.000449132     0.00044915     0.000449119     0.000554608     0.000650208     0.000505162
922     0.000336388     0.000467537     0.000467555     0.000467524     0.000574333     0.000672097     0.000523938
926     0.000331194     0.000474893     0.000474912     0.000474881     0.000581141     0.00067908     0.000530772
930     0.000312891     0.000462718     0.000462736     0.000462706     0.000563907     0.000657877     0.000515701
934     0.000305965     0.000466803     0.00046682     0.000466791     0.000566493     0.000659771     0.000518764
938     0.000302502     0.000476094     0.000476111     0.000476082     0.000575165     0.000668615     0.000527474
942     0.000301513     0.000489439     0.000489456     0.000489427     0.000587679     0.000681355     0.00054005
946     0.000291866     0.000488882     0.000488899     0.000488871     0.000584112     0.000675746     0.000537666
950     0.000299039     0.000515974     0.000515991     0.000515963     0.000613646     0.000708503     0.000565716
954     0.000284941     0.00050675     0.000506766     0.000506739     0.000599694     0.000690934     0.000553758
958     0.000288404     0.00052887     0.000528887     0.000528859     0.000622477     0.000715534     0.000575825
962     0.000267379     0.000505334     0.000505349     0.000505324     0.000590837     0.000677221     0.000547763
966     0.000269111     0.000524234     0.000524249     0.000524224     0.000609614     0.000697003     0.000566223
970     0.000274305     0.000550518     0.000550534     0.000550508     0.000636642     0.000726035     0.000592463
974     0.000259959     0.000537213     0.000537227     0.000537204     0.000617958     0.000702956     0.000576147
978     0.000264411     0.000562267     0.000562281     0.000562258     0.000643103     0.000729548     0.0006008
982     0.000260454     0.000569437     0.00056945     0.000569428     0.000646355     0.000730452     0.000605493
986     0.000253528     0.000570375     0.000570388     0.000570366     0.000643562     0.000725082     0.00060419
990     0.000251055     0.000580747     0.000580759     0.000580739     0.000651431     0.000731718     0.000612896
994     0.000236214     0.000561676     0.000561687     0.000561669     0.000626312     0.000701312     0.000590555
998     0.000232751     0.000568299     0.00056831     0.000568293     0.000629873     0.000703033     0.00059525
1002     0.000232504     0.000583041     0.000583015     0.00058307     0.000641043     0.000666618     0.000649359
1006     0.000225083     0.00057939     0.000579365     0.000579418     0.000633154     0.000659938     0.000639215
1010     0.000211727     0.000559171     0.000559147     0.000559197     0.000607225     0.000634432     0.000610878
1014     0.000209501     0.000567356     0.000567333     0.000567382     0.000612126     0.00064115     0.000613534
1018     0.000203812     0.000565222     0.000565199     0.000565248     0.000606121     0.000636359     0.00060538
1022     0.000205791     0.000584805     0.000584782     0.00058483     0.000621985     0.000655116     0.000618218
1026     0.000196639     0.000571801     0.000571779     0.000571825     0.000604354     0.000638123     0.00059843
1030     0.000192187     0.000571941     0.000571919     0.000571965     0.000600622     0.00063581     0.000592395
1034     0.000188971     0.000575072     0.00057505     0.000575095     0.00060005     0.000636839     0.000589472
1038     0.00018353     0.000570816     0.000570795     0.000570838     0.000591944     0.000629804     0.000579242
1042     0.000180067     0.000571674     0.000571654     0.000571695     0.000587842     0.000627602     0.00057209
1046     0.000164484     0.00053289     0.000532871     0.000532909     0.000544556     0.000578999     0.000531327
1050     0.000159784     0.000528052     0.000528034     0.00052807     0.000536173     0.000567642     0.000524539
1054     0.000161516     0.000544091     0.000544073     0.00054411     0.000548818     0.000578404     0.000538397
1058     0.000163247     0.000560139     0.00056012     0.000560157     0.000561453     0.000589128     0.00055226
1062     0.000163247     0.000570522     0.000570504     0.00057054     0.00056694     0.000591234     0.000559715
1066     0.00015459     0.000549708     0.000549691     0.000549725     0.000543093     0.000563969     0.000537516
1070     0.000148901     0.000538506     0.00053849     0.000538522     0.000528587     0.00054627     0.000524633
1074     0.000140739     0.000517373     0.000517357     0.000517387     0.00050449     0.000518764     0.000502169
1078     0.000136039     0.000508104     0.000508089     0.000508118     0.000492395     0.000503917     0.000491469
1082     0.000139997     0.000530514     0.000530498     0.000530527     0.000509689     0.000518078     0.000510691
1086     0.000137771     0.000529962     0.000529947     0.000529975     0.000506038     0.000511816     0.00050844
1090     0.000144202     0.000562599     0.000562584     0.000562613     0.000533936     0.00053733     0.000537958
1094     0.000137523     0.000543929     0.000543914     0.000543942     0.000513009     0.000513577     0.000518348
1098     0.000117983     0.000472888     0.000472876     0.000472899     0.000443349     0.00044157     0.000449199
1102     0.000120457     0.00048892     0.000488907     0.00048893     0.000454656     0.000449609     0.000462408
1106     0.000121199     0.000497846     0.000497833     0.000497856     0.000460033     0.000452358     0.000469273
1110     0.000122188     0.000507874     0.000507862     0.000507885     0.000466442     0.000456104     0.00047719
1114     0.000116005     0.0004876     0.000487588     0.00048761     0.000445054     0.000432679     0.000456659
1118     0.000108832     0.000462394     0.000462382     0.000462403     0.000419621     0.000405722     0.000431758
1122     0.000107347     0.000460836     0.000460825     0.000460845     0.000415039     0.000398323     0.000428628
1126     0.000102153     0.000443035     0.000443025     0.000443043     0.000396505     0.000378157     0.000410752
1130     0.000111058     0.000486299     0.000486287     0.000486307     0.000432584     0.000410021     0.000449478
1134     0.000104132     0.0004601     0.00046009     0.000460108     0.000407108     0.00038375     0.000424131
1138     0.000100174     0.000446682     0.000446672     0.00044669     0.000392996     0.000368211     0.000410601
1142     9.54749e-05     0.000429431     0.000429421     0.000429438     0.000375161     0.000348799     0.000393377
1146     9.6959e-05     0.00043964     0.000439631     0.000439648     0.000382016     0.000353045     0.000401671
1150     9.12701e-05     0.000417237     0.000417227     0.000417243     0.000360471     0.000330963     0.000380143
1154     8.78073e-05     0.00040443     0.000404421     0.000404436     0.000347594     0.000317225     0.000367553
1158     9.37435e-05     0.000435064     0.000435055     0.000435071     0.000371654     0.000336771     0.000394244
1162     8.70652e-05     0.000406976     0.000406967     0.000406982     0.000345069     0.000309866     0.000367489
1166     8.36024e-05     0.000393617     0.000393609     0.000393623     0.000332013     0.00029621     0.000354568
1170     7.86555e-05     0.000372773     0.000372765     0.000372779     0.000312915     0.000277457     0.000335043
1174     8.31077e-05     0.000396394     0.000396386     0.0003964     0.000331066     0.000291642     0.000355447
1178     8.68179e-05     0.000416798     0.000416789     0.000416804     0.000346043     0.00030247     0.000372726
1182     7.544e-05     0.000364381     0.000364374     0.000364386     0.000300652     0.000260562     0.00032495
1186     7.19772e-05     0.000349774     0.000349767     0.000349779     0.000286985     0.000246811     0.000311135
1190     6.62883e-05     0.000323974     0.000323967     0.000323978     0.000264516     0.000225916     0.00028756
1194     6.97511e-05     0.000342844     0.000342837     0.000342848     0.000278535     0.000236179     0.00030365
1198     7.24719e-05     0.000358188     0.000358181     0.000358193     0.000289497     0.000243608     0.000316524
1202     7.04931e-05     0.000350219     0.000350212     0.000350224     0.000281242     0.000234359     0.000308629
1206     6.80197e-05     0.00033971     0.000339703     0.000339714     0.000271524     0.00022461     0.000298774
1210     6.20834e-05     0.000311671     0.000311665     0.000311675     0.000247916     0.000203509     0.00027356
1214     5.76312e-05     0.000290759     0.000290754     0.000290763     0.000230135     0.000187402     0.000254675
1218     6.28255e-05     0.000318466     0.00031846     0.000318471     0.000250826     0.000202627     0.000278366
1222     5.71366e-05     0.000290986     0.00029098     0.00029099     0.000228001     0.000182521     0.000253826
1226     5.83733e-05     0.000298732     0.000298726     0.000298736     0.000232913     0.000184869     0.000260058
1230     5.68892e-05     0.000292437     0.000292431     0.000292441     0.000227     0.000178775     0.000254127
1234     5.39211e-05     0.000278396     0.00027839     0.0002784     0.000215136     0.000168067     0.000241494
1238     5.14476e-05     0.000266816     0.000266811     0.00026682     0.000205182     0.000158849     0.000231004
1242     4.84795e-05     0.000252491     0.000252485     0.000252494     0.000193082     0.000147888     0.000218133
1246     4.89742e-05     0.000256209     0.000256204     0.000256213     0.000195157     0.000148312     0.000221018
1250     5.07056e-05     0.000266337     0.000266332     0.000266341     0.000202072     0.000152365     0.000229412
1254     4.62534e-05     0.000243969     0.000243964     0.000243972     0.000184197     0.000137518     0.000209758
1258     4.79848e-05     0.000254146     0.00025414     0.000254149     0.000191149     0.000141547     0.000218205
1262     5.04583e-05     0.000268354     0.000268348     0.000268358     0.000200572     0.000146589     0.000229863
1266     4.55114e-05     0.000243029     0.000243024     0.000243032     0.000180965     0.00013116     0.000207896
1270     4.03171e-05     0.000216148     0.000216144     0.000216151     0.000160261     0.000115042     0.000184618
1274     4.89742e-05     0.000263602     0.000263596     0.000263605     0.000194672     0.000138477     0.000224836
1278     4.378e-05     0.00023657     0.000236565     0.000236574     0.000174074     0.000122735     0.000201533
1282     3.56176e-05     0.000193193     0.000193189     0.000193196     0.000141494     9.86081e-05     0.000164325
1286     3.88331e-05     0.000211426     0.000211422     0.000211429     0.000154174     0.000106315     0.000179563
1290     3.53702e-05     0.000193362     0.000193358     0.000193365     0.000140434     9.58463e-05     0.000164005
1294     3.6607e-05     0.000200841     0.000200837     0.000200844     0.000145404     9.84151e-05     0.000170173
1298     3.24021e-05     0.00017843     0.000178427     0.000178433     0.000128629     8.60972e-05     0.000150969
1302     3.88331e-05     0.00021463     0.000214626     0.000214633     0.000154022     0.000101784     0.00018134
1306     3.51229e-05     0.000194894     0.00019489     0.000194897     0.000139405     9.12449e-05     0.000164507
1310     2.59712e-05     0.000144642     0.000144639     0.000144645     0.000103101     6.68096e-05     0.000121959
1314     3.24021e-05     0.000181109     0.000181105     0.000181111     0.000128587     8.23876e-05     0.000152517
1318     3.24021e-05     0.000181771     0.000181768     0.000181774     0.0001285     8.12997e-05     0.000152863
1322     3.14127e-05     0.000176865     0.000176861     0.000176868     0.000124559     7.78186e-05     0.000148588
1326     3.43809e-05     0.000194288     0.000194284     0.000194291     0.000136433     8.44215e-05     0.000163093
1330     3.51229e-05     0.000199204     0.0001992     0.000199207     0.000139373     8.52273e-05     0.00016704
1334     2.74552e-05     0.000156298     0.000156295     0.0001563     0.000108931     6.57588e-05     0.000130915
1338     2.67132e-05     0.000152649     0.000152646     0.000152651     0.000106115     6.34417e-05     0.000127781
1342     2.54765e-05     0.000146074     0.000146071     0.000146076     0.000101067     5.94415e-05     0.000122117
1346     2.62185e-05     0.000150917     0.000150914     0.000150919     0.000104116     6.05524e-05     0.000126077
1350     3.24021e-05     0.000187133     0.000187129     0.000187136     0.000128769     7.41588e-05     0.000156229
1354     2.42397e-05     0.000140499     0.000140496     0.000140501     9.6351e-05     5.47666e-05     0.000117193
1358     2.3003e-05     0.000133812     0.000133809     0.000133814     9.14662e-05     5.13154e-05     0.000111525
1362     2.59712e-05     0.00015166     0.000151657     0.000151662     0.000103212     5.68951e-05     0.00012626
1366     2.39924e-05     0.00014058     0.000140577     0.000140582     9.54884e-05     5.21584e-05     0.000116994
1370     2.64658e-05     0.000155662     0.000155659     0.000155664     0.000105454     5.68823e-05     0.000129482
1374     2.86919e-05     0.00016939     0.000169386     0.000169392     0.000114395     6.08588e-05     0.000140799
1378     2.25083e-05     0.000133351     0.000133348     0.000133353     8.97063e-05     4.69637e-05     0.000110725
1382     2.2261e-05     0.000132384     0.000132381     0.000132385     8.87301e-05     4.56389e-05     0.000109837
1386     2.07769e-05     0.000123997     0.000123994     0.000123999     8.29438e-05     4.21737e-05     0.000102854
1390     2.32504e-05     0.000139237     0.000139234     0.000139239     9.28593e-05     4.65492e-05     0.000115414
1394     1.90455e-05     0.000114484     0.000114481     0.000114485     7.6099e-05     3.75321e-05     9.48248e-05
1398     1.78088e-05     0.0001074     0.000107398     0.000107401     7.12696e-05     3.47677e-05     8.89442e-05
1402     2.17663e-05     0.000131785     0.000131783     0.000131787     8.7092e-05     4.15835e-05     0.000109043
1406     1.83035e-05     0.000111214     0.000111212     0.000111216     7.33446e-05     3.45524e-05     9.19978e-05
1410     1.53354e-05     9.35173e-05     9.35154e-05     9.35187e-05     6.15448e-05     2.86299e-05     7.73322e-05
1414     1.92929e-05     0.000118119     0.000118117     0.000118121     7.74732e-05     3.53268e-05     9.76154e-05
1418     2.12716e-05     0.000130631     0.000130628     0.000130633     8.54744e-05     3.8423e-05     0.000107905
1422     1.583e-05     9.75819e-05     9.75799e-05     9.75833e-05     6.35972e-05     2.79168e-05     8.05436e-05
1426     1.75615e-05     0.000108639     0.000108637     0.00010864     7.06785e-05     3.06347e-05     8.96506e-05
1430     1.4346e-05     8.90947e-05     8.90929e-05     8.9096e-05     5.78258e-05     2.46146e-05     7.35057e-05
1434     1.4346e-05     8.94246e-05     8.94228e-05     8.94259e-05     5.79195e-05     2.42724e-05     7.37607e-05
1438     1.48407e-05     9.2831e-05     9.28291e-05     9.28323e-05     5.99852e-05     2.4721e-05     7.65433e-05
1442     1.48407e-05     9.31778e-05     9.31759e-05     9.31791e-05     6.00835e-05     2.42942e-05     7.68257e-05
1446     1.68194e-05     0.000105968     0.000105965     0.000105969     6.81065e-05     2.69403e-05     8.73109e-05
1450     1.73141e-05     0.00010951     0.000109508     0.000109512     7.02007e-05     2.71734e-05     9.02039e-05
1454     1.45933e-05     9.2619e-05     9.26171e-05     9.26203e-05     5.92931e-05     2.26466e-05     7.6289e-05
1458     1.28619e-05     8.19283e-05     8.19266e-05     8.19295e-05     5.23492e-05     1.96397e-05     6.7475e-05
1462     1.73141e-05     0.00011071     0.000110707     0.000110711     7.04768e-05     2.5653e-05     9.11237e-05
1466     1.5088e-05     9.68148e-05     9.68128e-05     9.68162e-05     6.14993e-05     2.19393e-05     7.96703e-05
1470     1.11305e-05     7.16829e-05     7.16814e-05     7.16839e-05     4.54451e-05     1.58837e-05     5.89828e-05
1474     1.38513e-05     8.95404e-05     8.95386e-05     8.95417e-05     5.66676e-05     1.94331e-05     7.36715e-05
1478     1.28619e-05     8.34699e-05     8.34682e-05     8.34711e-05     5.27274e-05     1.77192e-05     6.86693e-05
1482     1.21199e-05     7.89506e-05     7.8949e-05     7.89517e-05     4.97741e-05     1.63099e-05     6.49551e-05
1486     1.06358e-05     6.95395e-05     6.95381e-05     6.95405e-05     4.37566e-05     1.40021e-05     5.72113e-05
1490     1.28619e-05     8.4375e-05     8.43733e-05     8.43762e-05     5.29839e-05     1.65719e-05     6.94047e-05
1494     1.21199e-05     7.98108e-05     7.98092e-05     7.9812e-05     4.99993e-05     1.5234e-05     6.56331e-05
1498     1.13778e-05     7.51745e-05     7.5173e-05     7.51756e-05     4.69767e-05     1.39201e-05     6.18008e-05
1502     1.31093e-05     8.69658e-05     8.69641e-05     8.69671e-05     5.43031e-05     1.57433e-05     7.15294e-05
1506     1.18725e-05     7.90328e-05     7.90312e-05     7.9034e-05     4.92561e-05     1.39139e-05     6.50001e-05
1510     1.28619e-05     8.59078e-05     8.59061e-05     8.5909e-05     5.34622e-05     1.4766e-05     7.06557e-05
1514     1.23672e-05     8.29193e-05     8.29176e-05     8.29204e-05     5.15075e-05     1.38292e-05     6.8197e-05
1518     1.28619e-05     8.65542e-05     8.65524e-05     8.65554e-05     5.36331e-05     1.39202e-05     7.11703e-05
1522     1.26146e-05     8.51986e-05     8.51969e-05     8.51998e-05     5.27488e-05     1.33285e-05     7.00895e-05
1526     1.06358e-05     7.21106e-05     7.21091e-05     7.21116e-05     4.4549e-05     1.08856e-05     5.93142e-05
1530     1.03885e-05     7.06822e-05     7.06807e-05     7.06832e-05     4.35757e-05     1.03044e-05     5.81302e-05
1534     1.01411e-05     6.92409e-05     6.92395e-05     6.92419e-05     4.25992e-05     9.72462e-06     5.69391e-05
1538     1.18725e-05     8.13841e-05     8.13825e-05     8.13853e-05     5.00017e-05     1.10521e-05     6.6938e-05
1542     9.39909e-06     6.46436e-05     6.46423e-05     6.46445e-05     3.9644e-05     8.396e-06     5.31786e-05
1546     8.9044e-06     6.1496e-05     6.14947e-05     6.14968e-05     3.76324e-05     7.62637e-06     5.05869e-05
1550     7.66768e-06     5.31499e-05     5.31488e-05     5.31506e-05     3.2494e-05     6.39683e-06     4.37311e-05
1554     9.89378e-06     6.88178e-05     6.88164e-05     6.88188e-05     4.20323e-05     8.029e-06     5.6635e-05
1558     1.01411e-05     7.07987e-05     7.07973e-05     7.07997e-05     4.31606e-05     7.87696e-06     5.82666e-05
1562     8.65705e-06     6.0675e-05     6.06738e-05     6.06759e-05     3.69464e-05     6.44134e-06     4.99554e-05
1566     6.18361e-06     4.34771e-05     4.34762e-05     4.34777e-05     2.64195e-05     4.38421e-06     3.57917e-05
1570     1.06358e-05     7.50851e-05     7.50836e-05     7.50862e-05     4.55699e-05     7.20313e-06     6.18315e-05
1574     1.08832e-05     7.70996e-05     7.7098e-05     7.71006e-05     4.67561e-05     7.12949e-06     6.35079e-05
1578     9.39909e-06     6.68425e-05     6.68412e-05     6.68435e-05     4.0465e-05     5.83434e-06     5.5061e-05
1582     7.42033e-06     5.29634e-05     5.29623e-05     5.29642e-05     3.20287e-05     4.35572e-06     4.36481e-05
1586     9.64643e-06     6.90773e-05     6.90758e-05     6.90782e-05     4.17222e-05     5.406e-06     5.69335e-05
1590     7.17299e-06     5.15579e-05     5.15569e-05     5.15587e-05     3.11069e-05     3.81893e-06     4.2504e-05
1594     5.68892e-06     4.10557e-05     4.10549e-05     4.10563e-05     2.473e-05     2.78854e-06     3.38567e-05
1598     7.42033e-06     5.37456e-05     5.37445e-05     5.37464e-05     3.23225e-05     3.4073e-06     4.43209e-05
1602     6.43095e-06     4.67434e-05     4.67424e-05     4.6744e-05     2.80912e-05     2.74456e-06     3.85682e-05
1606     7.66768e-06     5.593e-05     5.59289e-05     5.59308e-05     3.35784e-05     3.05704e-06     4.61599e-05
1610     6.18361e-06     4.52624e-05     4.52615e-05     4.5263e-05     2.71626e-05     2.33806e-06     3.737e-05
1614     4.94689e-06     3.63469e-05     3.63462e-05     3.63474e-05     2.17999e-05     1.73407e-06     3.00235e-05
1618     6.18361e-06     4.5584e-05     4.55831e-05     4.55846e-05     2.72797e-05     1.89114e-06     3.76522e-05
1622     4.69954e-06     3.47881e-05     3.47874e-05     3.47886e-05     2.07692e-05     1.18859e-06     2.87367e-05
1626     6.18361e-06     4.59287e-05     4.59277e-05     4.59293e-05     2.7415e-05     1.41831e-06     3.79609e-05
1630     4.69954e-06     3.50306e-05     3.50299e-05     3.50311e-05     2.09019e-05     9.86811e-07     2.8963e-05
1634     3.71017e-06     2.77645e-05     2.77639e-05     2.77649e-05     1.65454e-05     6.3478e-07     2.2963e-05
1638     4.4522e-06     3.34331e-05     3.34324e-05     3.34335e-05     1.98854e-05     5.74293e-07     2.76516e-05
1642     6.18361e-06     4.66015e-05     4.66006e-05     4.66022e-05     2.77017e-05     5.81625e-07     3.85663e-05
1646     5.68892e-06     4.30289e-05     4.3028e-05     4.30295e-05     2.55449e-05     3.21329e-07     3.56179e-05
1650     4.20485e-06     3.19186e-05     3.19179e-05     3.1919e-05     1.89449e-05     1.63844e-07     2.643e-05
1654     3.71017e-06     2.82759e-05     2.82753e-05     2.82763e-05     1.67806e-05     3.91127e-08     2.34292e-05
1658     4.20485e-06     3.2152e-05     3.21514e-05     3.21525e-05     1.90455e-05     -1.46718e-07     2.66435e-05
1662     4.4522e-06     3.41739e-05     3.41732e-05     3.41743e-05     2.02627e-05     -2.43061e-07     2.83485e-05
1666     5.44158e-06     4.19137e-05     4.19129e-05     4.19143e-05     2.48122e-05     -5.34733e-07     3.47754e-05
1670     5.19423e-06     4.01645e-05     4.01637e-05     4.01651e-05     2.37473e-05     -7.18478e-07     3.33331e-05
1674     6.92564e-06     5.37377e-05     5.37366e-05     5.37385e-05     3.17493e-05     -1.16758e-06     4.46116e-05
1678     5.68892e-06     4.42944e-05     4.42935e-05     4.4295e-05     2.61576e-05     -1.12334e-06     3.67874e-05
1682     5.44158e-06     4.25102e-05     4.25094e-05     4.25108e-05     2.50685e-05     -1.3451e-06     3.5319e-05
1686     4.94689e-06     3.87861e-05     3.87853e-05     3.87866e-05     2.28589e-05     -1.39157e-06     3.22395e-05
1690     3.95751e-06     3.11455e-05     3.11449e-05     3.11459e-05     1.83452e-05     -1.23534e-06     2.58984e-05
1694     4.69954e-06     3.7117e-05     3.71162e-05     3.71175e-05     2.18516e-05     -1.62614e-06     3.08792e-05
1698     4.69954e-06     3.72541e-05     3.72534e-05     3.72546e-05     2.19296e-05     -1.74692e-06     3.10087e-05
1702     3.71017e-06     2.95175e-05     2.95169e-05     2.95179e-05     1.73394e-05     -1.60235e-06     2.45742e-05
1706     4.4522e-06     3.55504e-05     3.55497e-05     3.55509e-05     2.08751e-05     -2.07895e-06     2.96126e-05
1710     3.21548e-06     2.57697e-05     2.57692e-05     2.57701e-05     1.51282e-05     -1.60377e-06     2.14771e-05
1714     3.71017e-06     2.98365e-05     2.98359e-05     2.98369e-05     1.75151e-05     -1.95048e-06     2.488e-05
1718     5.19423e-06     4.19047e-05     4.19038e-05     4.19053e-05     2.46033e-05     -2.84957e-06     3.49624e-05
1722     4.4522e-06     3.60584e-05     3.60577e-05     3.60589e-05     2.1173e-05     -2.60407e-06     3.01084e-05
1726     2.96813e-06     2.41124e-05     2.4112e-05     2.41128e-05     1.41458e-05     -1.83681e-06     2.0138e-05
1730     4.20485e-06     3.42967e-05     3.4296e-05     3.42972e-05     2.01046e-05     -2.80728e-06     2.86596e-05
1734     2.96813e-06     2.42931e-05     2.42926e-05     2.42935e-05     1.42379e-05     -2.05789e-06     2.03082e-05
1738     2.2261e-06     1.82871e-05     1.82868e-05     1.82874e-05     1.07135e-05     -1.62793e-06     1.52955e-05
1742     3.95751e-06     3.26158e-05     3.26152e-05     3.26163e-05     1.91348e-05     -2.97904e-06     2.73109e-05
1746     3.46282e-06     2.86488e-05     2.86482e-05     2.86492e-05     1.67689e-05     -2.83182e-06     2.39904e-05
1750     2.96813e-06     2.46314e-05     2.46309e-05     2.46318e-05     1.44189e-05     -2.5021e-06     2.06369e-05
1754     1.73141e-06     1.44219e-05     1.44216e-05     1.44221e-05     8.44377e-06     -1.51246e-06     1.20908e-05
1758     3.71017e-06     3.10022e-05     3.10016e-05     3.10027e-05     1.81369e-05     -3.39117e-06     2.59998e-05
1762     2.72079e-06     2.28207e-05     2.28202e-05     2.2821e-05     1.33478e-05     -2.60888e-06     1.9152e-05
1766     4.20485e-06     3.53837e-05     3.5383e-05     3.53842e-05     2.06631e-05     -4.26033e-06     2.97005e-05
1770     1.23672e-06     1.04534e-05     1.04532e-05     1.04535e-05     6.10543e-06     -1.30603e-06     8.78156e-06
1774     4.20485e-06     3.5628e-05     3.56273e-05     3.56285e-05     2.08099e-05     -4.51138e-06     2.99387e-05
1778     1.97876e-06     1.68337e-05     1.68334e-05     1.6834e-05     9.82721e-06     -2.21165e-06     1.41525e-05
1782     1.97876e-06     1.6881e-05     1.68806e-05     1.68812e-05     9.86854e-06     -2.25781e-06     1.42077e-05
1786     3.46282e-06     2.96604e-05     2.96598e-05     2.96608e-05     1.73067e-05     -4.17856e-06     2.49677e-05
1790     2.96813e-06     2.55113e-05     2.55108e-05     2.55116e-05     1.48936e-05     -3.66071e-06     2.14895e-05
1794     3.21548e-06     2.77277e-05     2.77271e-05     2.7728e-05     1.61983e-05     -4.03469e-06     2.33715e-05
1798     2.96813e-06     2.56749e-05     2.56744e-05     2.56753e-05     1.50025e-05     -3.82141e-06     2.16548e-05
1802     2.72079e-06     2.36187e-05     2.36183e-05     2.3619e-05     1.37793e-05     -3.68964e-06     1.99275e-05
1806     1.97876e-06     1.72367e-05     1.72363e-05     1.72369e-05     1.00577e-05     -2.73032e-06     1.45488e-05
1810     1.48407e-06     1.29775e-05     1.29772e-05     1.29777e-05     7.57017e-06     -2.13587e-06     1.09624e-05
1814     5.44158e-06     4.77554e-05     4.77545e-05     4.77561e-05     2.78445e-05     -8.08068e-06     4.03591e-05
1818     1.73141e-06     1.52476e-05     1.52473e-05     1.52478e-05     8.88794e-06     -2.62806e-06     1.28904e-05
1822     1.97876e-06     1.74822e-05     1.74818e-05     1.74824e-05     1.01938e-05     -3.08903e-06     1.47913e-05
1826     2.72079e-06     2.41038e-05     2.41033e-05     2.41041e-05     1.40637e-05     -4.31993e-06     2.04076e-05
1830     1.97876e-06     1.75956e-05     1.75952e-05     1.75958e-05     1.02675e-05     -3.22905e-06     1.49075e-05
1834     2.47344e-06     2.20671e-05     2.20667e-05     2.20674e-05     1.28791e-05     -4.11675e-06     1.87059e-05
1838     2.72079e-06     2.43729e-05     2.43724e-05     2.43733e-05     1.42336e-05     -4.60572e-06     2.06739e-05
1842     1.73141e-06     1.55678e-05     1.55675e-05     1.5568e-05     9.07789e-06     -3.05864e-06     1.32099e-05
1846     1.48407e-06     1.33809e-05     1.33806e-05     1.3381e-05     7.81863e-06     -2.62801e-06     1.13651e-05
1850     1.97876e-06     1.79083e-05     1.79079e-05     1.79085e-05     1.04576e-05     -3.62195e-06     1.52187e-05
1854     2.47344e-06     2.24541e-05     2.24536e-05     2.24544e-05     1.31042e-05     -4.6412e-06     1.90882e-05
1858     1.23672e-06     1.12711e-05     1.12708e-05     1.12712e-05     6.58342e-06     -2.35395e-06     9.58812e-06
1862     1.73141e-06     1.58077e-05     1.58074e-05     1.58079e-05     9.23916e-06     -3.36475e-06     1.34589e-05
1866     2.2261e-06     2.03894e-05     2.0389e-05     2.03897e-05     1.19122e-05     -4.38919e-06     1.73622e-05
1870     1.48407e-06     1.36492e-05     1.36489e-05     1.36493e-05     7.97261e-06     -3.02436e-06     1.16316e-05
1874     1.73141e-06     1.59811e-05     1.59808e-05     1.59814e-05     9.34187e-06     -3.57219e-06     1.36273e-05
1878     2.96813e-06     2.74788e-05     2.74783e-05     2.74792e-05     1.60779e-05     -6.21767e-06     2.34504e-05
1882     1.97876e-06     1.83771e-05     1.83767e-05     1.83773e-05     1.07345e-05     -4.30834e-06     1.56879e-05
1886     1.73141e-06     1.61418e-05     1.61415e-05     1.6142e-05     9.4293e-06     -3.84262e-06     1.37866e-05
1890     1.23672e-06     1.15702e-05     1.157e-05     1.15704e-05     6.76337e-06     -2.8062e-06     9.89093e-06
1894     1.23672e-06     1.16049e-05     1.16046e-05     1.1605e-05     6.78991e-06     -2.83181e-06     9.92664e-06
1898     1.23672e-06     1.16471e-05     1.16469e-05     1.16473e-05     6.82244e-06     -2.85475e-06     9.96936e-06
1902     2.2261e-06     2.10323e-05     2.10319e-05     2.10326e-05     1.23118e-05     -5.29015e-06     1.80121e-05
1906     9.89378e-07     9.38132e-06     9.38114e-06     9.38145e-06     5.49486e-06     -2.39878e-06     8.04067e-06
1910     2.2261e-06     2.11714e-05     2.1171e-05     2.11717e-05     1.24049e-05     -5.47507e-06     1.81554e-05
1914     1.23672e-06     1.17913e-05     1.17911e-05     1.17915e-05     6.91075e-06     -3.0766e-06     1.01157e-05
1918     1.73141e-06     1.65634e-05     1.65631e-05     1.65636e-05     9.71174e-06     -4.37872e-06     1.42186e-05
1922     1.73141e-06     1.66224e-05     1.66221e-05     1.66226e-05     9.75106e-06     -4.46801e-06     1.42802e-05
1926     1.48407e-06     1.42883e-05     1.4288e-05     1.42884e-05     8.38885e-06     -3.8568e-06     1.22812e-05
1930     1.48407e-06     1.43479e-05     1.43477e-05     1.43481e-05     8.42819e-06     -3.94857e-06     1.23433e-05
1934     7.42033e-07     7.18806e-06     7.18792e-06     7.18816e-06     4.22168e-06     -1.99303e-06     6.1849e-06
1938     2.72079e-06     2.64624e-05     2.64618e-05     2.64627e-05     1.55537e-05     -7.44139e-06     2.27878e-05
1942     1.48407e-06     1.44755e-05     1.44753e-05     1.44757e-05     8.50967e-06     -4.14395e-06     1.24739e-05
1946     1.73141e-06     1.69449e-05     1.69446e-05     1.69451e-05     9.97072e-06     -4.88627e-06     1.46115e-05
1950     1.97876e-06     1.94341e-05     1.94337e-05     1.94343e-05     1.14325e-05     -5.72111e-06     1.67681e-05
1954     9.89378e-07     9.74586e-06     9.74567e-06     9.746e-06     5.73413e-06     -2.89242e-06     8.41185e-06
1958     4.94689e-07     4.89249e-06     4.89239e-06     4.89256e-06     2.88175e-06     -1.46184e-06     4.22579e-06
1962     1.23672e-06     1.22594e-05     1.22592e-05     1.22596e-05     7.22985e-06     -3.7008e-06     1.05982e-05
1966     2.47344e-07     2.46402e-06     2.46397e-06     2.46406e-06     1.45112e-06     -7.63549e-07     2.13085e-06
1970     9.89378e-07     9.87198e-06     9.87179e-06     9.87212e-06     5.81602e-06     -3.06552e-06     8.53915e-06
1974     1.73141e-06     1.73287e-05     1.73283e-05     1.73289e-05     1.02209e-05     -5.42691e-06     1.50011e-05
1978     1.73141e-06     1.73844e-05     1.73841e-05     1.73846e-05     1.0256e-05     -5.51824e-06     1.50579e-05
1982     1.97876e-06     1.99363e-05     1.99359e-05     1.99366e-05     1.1781e-05     -6.37408e-06     1.72848e-05
1986     1.23672e-06     1.24958e-05     1.24956e-05     1.2496e-05     7.38473e-06     -4.06148e-06     1.08406e-05
1990     1.48407e-06     1.50517e-05     1.50514e-05     1.50519e-05     8.90358e-06     -4.93349e-06     1.30671e-05
1994     1.23672e-06     1.25767e-05     1.25765e-05     1.25769e-05     7.4326e-06     -4.15639e-06     1.09174e-05
1998     2.47344e-07     2.5212e-06     2.52115e-06     2.52123e-06     1.48748e-06     -8.41388e-07     2.18781e-06
2002     2.47344e-07     2.53232e-06     2.53227e-06     2.53236e-06     2.60394e-06     2.78011e-06     2.53411e-06
2006     2.47344e-07     2.53807e-06     2.53802e-06     2.5381e-06     2.60985e-06     2.78642e-06     2.53986e-06
2010     4.94689e-07     5.08781e-06     5.08771e-06     5.08788e-06     5.2317e-06     5.58565e-06     5.0914e-06
2014     9.89378e-07     1.02243e-05     1.02241e-05     1.02245e-05     1.05135e-05     1.12248e-05     1.02315e-05
2018     9.89378e-07     1.02544e-05     1.02542e-05     1.02546e-05     1.05444e-05     1.12578e-05     1.02617e-05
2022     9.89378e-07     1.02838e-05     1.02836e-05     1.02839e-05     1.05746e-05     1.129e-05     1.0291e-05
2026     9.89378e-07     1.03116e-05     1.03114e-05     1.03118e-05     1.06033e-05     1.13206e-05     1.03189e-05
2030     2.47344e-07     2.58717e-06     2.58712e-06     2.58721e-06     2.66034e-06     2.84032e-06     2.58899e-06
2034     4.94689e-07     5.19602e-06     5.19592e-06     5.19609e-06     5.34296e-06     5.70444e-06     5.19968e-06
2038     2.47344e-07     2.60117e-06     2.60112e-06     2.60121e-06     2.67474e-06     2.8557e-06     2.60301e-06
2042     1.23672e-06     1.30469e-05     1.30466e-05     1.3047e-05     1.34158e-05     1.43235e-05     1.30561e-05
2046     4.94689e-07     5.24302e-06     5.24291e-06     5.24309e-06     5.39129e-06     5.75604e-06     5.24671e-06
2050     4.94689e-07     5.25601e-06     5.2559e-06     5.25608e-06     5.40465e-06     5.7703e-06     5.25971e-06
2054     2.47344e-07     2.6387e-06     2.63865e-06     2.63874e-06     2.71333e-06     2.8969e-06     2.64056e-06
2058     2.47344e-07     2.64227e-06     2.64222e-06     2.64231e-06     2.717e-06     2.90082e-06     2.64413e-06
2062     9.89378e-07     1.06063e-05     1.06061e-05     1.06065e-05     1.09063e-05     1.16442e-05     1.06138e-05
2066     9.89378e-07     1.06409e-05     1.06406e-05     1.0641e-05     1.09418e-05     1.16821e-05     1.06483e-05
2070     9.89378e-07     1.06632e-05     1.0663e-05     1.06634e-05     1.09648e-05     1.17066e-05     1.06707e-05
2074     2.47344e-07     2.67681e-06     2.67676e-06     2.67685e-06     2.75251e-06     2.93874e-06     2.6787e-06
2078     4.94689e-07     5.36201e-06     5.3619e-06     5.36208e-06     5.51365e-06     5.88667e-06     5.36578e-06
2082     7.42033e-07     8.06981e-06     8.06965e-06     8.06992e-06     8.29803e-06     8.85944e-06     8.0755e-06
2086     7.42033e-07     8.09531e-06     8.09515e-06     8.09542e-06     8.32425e-06     8.88743e-06     8.10101e-06
2090     4.94689e-07     5.41019e-06     5.41009e-06     5.41027e-06     5.5632e-06     5.93958e-06     5.414e-06
2094     7.42033e-07     8.15401e-06     8.15385e-06     8.15412e-06     8.38461e-06     8.95187e-06     8.15975e-06
2098     4.94689e-07     5.44694e-06     5.44683e-06     5.44701e-06     5.60098e-06     5.97992e-06     5.45077e-06
2102     7.42033e-07     8.19886e-06     8.1987e-06     8.19897e-06     8.43073e-06     9.00111e-06     8.20463e-06
2106     9.89378e-07     1.09598e-05     1.09596e-05     1.096e-05     1.12698e-05     1.20323e-05     1.09676e-05
2110     4.94689e-07     5.49915e-06     5.49904e-06     5.49923e-06     5.65467e-06     6.03724e-06     5.50302e-06
2114     0     0     0     0     0     0     0
2118     9.89378e-07     1.10542e-05     1.1054e-05     1.10544e-05     1.13668e-05     1.21359e-05     1.1062e-05
2122     4.94689e-07     5.5479e-06     5.54779e-06     5.54797e-06     5.7048e-06     6.09076e-06     5.5518e-06
2126     1.23672e-06     1.39074e-05     1.39071e-05     1.39076e-05     1.43007e-05     1.52682e-05     1.39172e-05
2130     1.48407e-06     1.67363e-05     1.6736e-05     1.67366e-05     1.72097e-05     1.8374e-05     1.67481e-05
2134     2.47344e-07     2.79707e-06     2.79701e-06     2.79711e-06     2.87617e-06     3.07076e-06     2.79904e-06
2138     7.42033e-07     8.41551e-06     8.41535e-06     8.41563e-06     8.65351e-06     9.23897e-06     8.42144e-06
2142     1.23672e-06     1.40737e-05     1.40734e-05     1.40739e-05     1.44717e-05     1.54508e-05     1.40836e-05
2146     4.94689e-07     5.64341e-06     5.6433e-06     5.64349e-06     5.80301e-06     6.19562e-06     5.64739e-06
2150     2.47344e-07     2.83303e-06     2.83297e-06     2.83306e-06     2.91315e-06     3.11024e-06     2.83502e-06
2154     0     0     0     0     0     0     0
2158     2.2261e-06     2.56155e-05     2.5615e-05     2.56159e-05     2.63399e-05     2.8122e-05     2.56336e-05
2162     4.94689e-07     5.7109e-06     5.71079e-06     5.71098e-06     5.87241e-06     6.26971e-06     5.71492e-06
2166     2.47344e-07     2.86184e-06     2.86179e-06     2.86188e-06     2.94278e-06     3.14187e-06     2.86386e-06
2170     2.47344e-07     2.87382e-06     2.87376e-06     2.87386e-06     2.95509e-06     3.15502e-06     2.87584e-06
2174     2.47344e-07     2.88177e-06     2.88172e-06     2.88181e-06     2.96327e-06     3.16375e-06     2.8838e-06
2178     0     0     0     0     0     0     0
2182     1.48407e-06     1.73803e-05     1.73799e-05     1.73805e-05     1.78718e-05     1.90809e-05     1.73925e-05
2186     7.42033e-07     8.70953e-06     8.70936e-06     8.70965e-06     8.95585e-06     9.56176e-06     8.71567e-06
2190     4.94689e-07     5.82034e-06     5.82023e-06     5.82042e-06     5.98495e-06     6.38986e-06     5.82444e-06
2194     4.94689e-07     5.84242e-06     5.84231e-06     5.8425e-06     6.00765e-06     6.4141e-06     5.84654e-06
2198     4.94689e-07     5.8604e-06     5.86029e-06     5.86048e-06     6.02614e-06     6.43384e-06     5.86453e-06
2202     2.47344e-07     2.93915e-06     2.9391e-06     2.93919e-06     3.02227e-06     3.22675e-06     2.94122e-06
2206     2.47344e-07     2.94477e-06     2.94472e-06     2.94481e-06     3.02805e-06     3.23292e-06     2.94685e-06
2210     2.47344e-07     2.95637e-06     2.95631e-06     2.95641e-06     3.03998e-06     3.24565e-06     2.95845e-06
2214     4.94689e-07     5.92948e-06     5.92937e-06     5.92956e-06     6.09717e-06     6.50968e-06     5.93366e-06
2218     7.42033e-07     8.91829e-06     8.91812e-06     8.91841e-06     9.17051e-06     9.79094e-06     8.92457e-06
2222     0     0     0     0     0     0     0
2226     7.42033e-07     8.95764e-06     8.95747e-06     8.95776e-06     9.21097e-06     9.83414e-06     8.96395e-06
2230     0     0     0     0     0     0     0
2234     4.94689e-07     6.01016e-06     6.01004e-06     6.01024e-06     6.18013e-06     6.59825e-06     6.01439e-06
2238     4.94689e-07     6.02586e-06     6.02574e-06     6.02594e-06     6.19628e-06     6.61549e-06     6.0301e-06
2242     9.89378e-07     1.20854e-05     1.20852e-05     1.20856e-05     1.24272e-05     1.32679e-05     1.20939e-05
2246     9.89378e-07     1.2126e-05     1.21258e-05     1.21262e-05     1.2469e-05     1.33126e-05     1.21346e-05
2250     4.94689e-07     6.08045e-06     6.08034e-06     6.08054e-06     6.25242e-06     6.67542e-06     6.08474e-06
2254     9.89378e-07     1.21812e-05     1.2181e-05     1.21814e-05     1.25257e-05     1.33732e-05     1.21898e-05
2258     2.47344e-07     3.05751e-06     3.05745e-06     3.05755e-06     3.14398e-06     3.35669e-06     3.05966e-06
2262     0     0     0     0     0     0     0
2266     2.47344e-07     3.07017e-06     3.07011e-06     3.07021e-06     3.157e-06     3.37059e-06     3.07233e-06
2270     4.94689e-07     6.16111e-06     6.16099e-06     6.16119e-06     6.33535e-06     6.76397e-06     6.16545e-06
2274     0     0     0     0     0     0     0
2278     0     0     0     0     0     0     0
2282     2.47344e-07     3.10851e-06     3.10845e-06     3.10855e-06     3.19642e-06     3.41267e-06     3.1107e-06
2286     0     0     0     0     0     0     0
2290     2.47344e-07     3.1215e-06     3.12144e-06     3.12154e-06     3.20978e-06     3.42694e-06     3.1237e-06
2294     4.94689e-07     6.25617e-06     6.25604e-06     6.25625e-06     6.4331e-06     6.86833e-06     6.26057e-06
2298     0     0     0     0     0     0     0
2302     4.94689e-07     6.29947e-06     6.29935e-06     6.29955e-06     6.47762e-06     6.91587e-06     6.30391e-06
2306     2.47344e-07     3.15632e-06     3.15626e-06     3.15636e-06     3.24558e-06     3.46516e-06     3.15854e-06
2310     2.47344e-07     3.16088e-06     3.16081e-06     3.16092e-06     3.25027e-06     3.47017e-06     3.1631e-06
2314     4.94689e-07     6.35014e-06     6.35001e-06     6.35022e-06     6.52973e-06     6.9715e-06     6.35461e-06
2318     2.47344e-07     3.18253e-06     3.18246e-06     3.18257e-06     3.27253e-06     3.49394e-06     3.18477e-06
2322     2.47344e-07     3.19253e-06     3.19247e-06     3.19257e-06     3.28282e-06     3.50492e-06     3.19478e-06
2326     4.94689e-07     6.39341e-06     6.39329e-06     6.3935e-06     6.57423e-06     7.01901e-06     6.39792e-06
2330     4.94689e-07     6.40792e-06     6.4078e-06     6.40801e-06     6.58915e-06     7.03494e-06     6.41244e-06
2334     0     0     0     0     0     0     0
2338     0     0     0     0     0     0     0
2342     0     0     0     0     0     0     0
2346     4.94689e-07     6.48513e-06     6.48501e-06     6.48522e-06     6.66854e-06     7.1197e-06     6.4897e-06
2350     0     0     0     0     0     0     0
2354     7.42033e-07     9.773e-06     9.77281e-06     9.77313e-06     1.00494e-05     1.07293e-05     9.77988e-06
2358     0     0     0     0     0     0     0
2362     0     0     0     0     0     0     0
2366     0     0     0     0     0     0     0
2370     2.47344e-07     3.29012e-06     3.29006e-06     3.29017e-06     3.38317e-06     3.61206e-06     3.29244e-06
2374     2.47344e-07     3.30364e-06     3.30358e-06     3.30369e-06     3.39707e-06     3.6269e-06     3.30597e-06
2378     2.47344e-07     3.3064e-06     3.30634e-06     3.30645e-06     3.39991e-06     3.62993e-06     3.30873e-06
2382     2.47344e-07     3.31385e-06     3.31378e-06     3.31389e-06     3.40757e-06     3.63811e-06     3.31618e-06
2386     2.47344e-07     3.32836e-06     3.32829e-06     3.3284e-06     3.42249e-06     3.65404e-06     3.3307e-06
2390     0     0     0     0     0     0     0
2394     0     0     0     0     0     0     0
2398     0     0     0     0     0     0     0
2402     4.94689e-07     6.71807e-06     6.71794e-06     6.71816e-06     6.90807e-06     7.37543e-06     6.72281e-06
2406     7.42033e-07     1.01113e-05     1.01111e-05     1.01114e-05     1.03973e-05     1.11007e-05     1.01184e-05
2410     2.47344e-07     3.38202e-06     3.38195e-06     3.38206e-06     3.47766e-06     3.71295e-06     3.3844e-06
2414     0     0     0     0     0     0     0
2418     2.47344e-07     3.39744e-06     3.39737e-06     3.39748e-06     3.49352e-06     3.72988e-06     3.39983e-06
2422     0     0     0     0     0     0     0
2426     0     0     0     0     0     0     0
2430     4.94689e-07     6.84226e-06     6.84212e-06     6.84235e-06     7.03576e-06     7.51177e-06     6.84707e-06
2434     4.94689e-07     6.85383e-06     6.85369e-06     6.85392e-06     7.04766e-06     7.52447e-06     6.85865e-06
2438     2.47344e-07     3.44046e-06     3.44039e-06     3.44051e-06     3.53776e-06     3.77711e-06     3.44288e-06
2442     0     0     0     0     0     0     0
2446     2.47344e-07     3.45507e-06     3.455e-06     3.45512e-06     3.55278e-06     3.79315e-06     3.45751e-06
2450     0     0     0     0     0     0     0
2454     0     0     0     0     0     0     0
2458     2.47344e-07     3.48067e-06     3.48061e-06     3.48072e-06     3.57911e-06     3.82126e-06     3.48312e-06
2462     4.94689e-07     6.98272e-06     6.98258e-06     6.98281e-06     7.1802e-06     7.66597e-06     6.98764e-06
2466     2.47344e-07     3.49759e-06     3.49752e-06     3.49764e-06     3.5965e-06     3.83983e-06     3.50005e-06
2470     2.47344e-07     3.51058e-06     3.51051e-06     3.51063e-06     3.60986e-06     3.85409e-06     3.51305e-06
2474     2.47344e-07     3.5161e-06     3.51603e-06     3.51615e-06     3.61554e-06     3.86015e-06     3.51858e-06
2478     0     0     0     0     0     0     0
2482     2.47344e-07     3.52922e-06     3.52915e-06     3.52926e-06     3.62903e-06     3.87455e-06     3.5317e-06
2486     0     0     0     0     0     0     0
2490     0     0     0     0     0     0     0
2494     0     0     0     0     0     0     0
2498     0     0     0     0     0     0     0
2502     0     0     0     0     0     0     0
2506     0     0     0     0     0     0     0
2510     0     0     0     0     0     0     0
2514     0     0     0     0     0     0     0
2518     2.47344e-07     3.6159e-06     3.61582e-06     3.61594e-06     3.71816e-06     3.96971e-06     3.61844e-06
2522     2.47344e-07     3.61696e-06     3.61689e-06     3.61701e-06     3.71925e-06     3.97088e-06     3.61951e-06
2526     2.47344e-07     3.6258e-06     3.62573e-06     3.62585e-06     3.72834e-06     3.98058e-06     3.62835e-06
2530     0     0     0     0     0     0     0
2534     2.47344e-07     3.64583e-06     3.64576e-06     3.64588e-06     3.74893e-06     4.00257e-06     3.64839e-06
2538     4.94689e-07     7.31135e-06     7.31121e-06     7.31145e-06     7.51813e-06     8.02677e-06     7.3165e-06
2542     0     0     0     0     0     0     0
2546     2.47344e-07     3.66887e-06     3.6688e-06     3.66892e-06     3.77263e-06     4.02787e-06     3.67145e-06
2550     0     0     0     0     0     0     0
2554     2.47344e-07     3.69356e-06     3.69349e-06     3.69361e-06     3.79802e-06     4.05497e-06     3.69616e-06
2558     0     0     0     0     0     0     0
2562     2.47344e-07     3.71194e-06     3.71187e-06     3.71199e-06     3.81692e-06     4.07515e-06     3.71456e-06
2566     2.47344e-07     3.71741e-06     3.71734e-06     3.71746e-06     3.82254e-06     4.08116e-06     3.72003e-06
2570     0     0     0     0     0     0     0
2574     0     0     0     0     0     0     0
2578     0     0     0     0     0     0     0
2582     0     0     0     0     0     0     0
2586     2.47344e-07     3.7592e-06     3.75912e-06     3.75925e-06     3.86551e-06     4.12703e-06     3.76184e-06
2590     0     0     0     0     0     0     0
2594     0     0     0     0     0     0     0
2598     0     0     0     0     0     0     0
2602     0     0     0     0     0     0     0
2606     2.47344e-07     3.80541e-06     3.80533e-06     3.80546e-06     3.91303e-06     4.17777e-06     3.80809e-06
2610     0     0     0     0     0     0     0
2614     2.47344e-07     3.82524e-06     3.82516e-06     3.82529e-06     3.93342e-06     4.19953e-06     3.82793e-06
2618     0     0     0     0     0     0     0
2622     0     0     0     0     0     0     0
2626     0     0     0     0     0     0     0
2630     4.94689e-07     7.72077e-06     7.72062e-06     7.72087e-06     7.93912e-06     8.47624e-06     7.72621e-06
2634     2.47344e-07     3.86314e-06     3.86307e-06     3.8632e-06     3.9724e-06     4.24115e-06     3.86586e-06
2638     2.47344e-07     3.87284e-06     3.87277e-06     3.87289e-06     3.98237e-06     4.2518e-06     3.87557e-06
2642     0     0     0     0     0     0     0
2646     0     0     0     0     0     0     0
2650     0     0     0     0     0     0     0
2654     2.47344e-07     3.90771e-06     3.90763e-06     3.90776e-06     4.01822e-06     4.29008e-06     3.91046e-06
2658     0     0     0     0     0     0     0
2662     0     0     0     0     0     0     0
2666     0     0     0     0     0     0     0
2670     0     0     0     0     0     0     0
2674     0     0     0     0     0     0     0
2678     2.47344e-07     3.96094e-06     3.96086e-06     3.96099e-06     4.07296e-06     4.34851e-06     3.96373e-06
2682     0     0     0     0     0     0     0
2686     0     0     0     0     0     0     0
2690     0     0     0     0     0     0     0
2694     0     0     0     0     0     0     0
2698     0     0     0     0     0     0     0
2702     0     0     0     0     0     0     0
2706     0     0     0     0     0     0     0
2710     0     0     0     0     0     0     0
2714     0     0     0     0     0     0     0
2718     0     0     0     0     0     0     0
2722     4.94689e-07     8.12142e-06     8.12126e-06     8.12153e-06     8.3511e-06     8.9161e-06     8.12714e-06
2726     0     0     0     0     0     0     0
2730     0     0     0     0     0     0     0
2734     0     0     0     0     0     0     0
2738     0     0     0     0     0     0     0
2742     0     0     0     0     0     0     0
2746     0     0     0     0     0     0     0
2750     0     0     0     0     0     0     0
2754     0     0     0     0     0     0     0
2758     0     0     0     0     0     0     0
2762     0     0     0     0     0     0     0
2766     0     0     0     0     0     0     0
2770     0     0     0     0     0     0     0
2774     0     0     0     0     0     0     0
2778     0     0     0     0     0     0     0
2782     0     0     0     0     0     0     0
2786     0     0     0     0     0     0     0
2790     2.47344e-07     4.21776e-06     4.21768e-06     4.21782e-06     4.33704e-06     4.63046e-06     4.22073e-06
2794     2.47344e-07     4.22282e-06     4.22274e-06     4.22288e-06     4.34225e-06     4.63602e-06     4.2258e-06
2798     0     0     0     0     0     0     0
2802     0     0     0     0     0     0     0
2806     0     0     0     0     0     0     0
2810     0     0     0     0     0     0     0
2814     0     0     0     0     0     0     0
2818     0     0     0     0     0     0     0
2822     0     0     0     0     0     0     0
2826     2.47344e-07     4.2973e-06     4.29721e-06     4.29735e-06     4.41883e-06     4.71779e-06     4.30032e-06
2830     2.47344e-07     4.29996e-06     4.29987e-06     4.30001e-06     4.42156e-06     4.7207e-06     4.30298e-06
2834     0     0     0     0     0     0     0
2838     0     0     0     0     0     0     0
2842     0     0     0     0     0     0     0
2846     0     0     0     0     0     0     0
2850     0     0     0     0     0     0     0
2854     0     0     0     0     0     0     0
2858     0     0     0     0     0     0     0
2862     2.47344e-07     4.37564e-06     4.37556e-06     4.3757e-06     4.49939e-06     4.8038e-06     4.37873e-06
2866     0     0     0     0     0     0     0
2870     0     0     0     0     0     0     0
2874     0     0     0     0     0     0     0
2878     0     0     0     0     0     0     0
2882     0     0     0     0     0     0     0
2886     0     0     0     0     0     0     0
2890     0     0     0     0     0     0     0
2894     0     0     0     0     0     0     0
2898     0     0     0     0     0     0     0
2902     0     0     0     0     0     0     0
2906     0     0     0     0     0     0     0
2910     0     0     0     0     0     0     0
2914     0     0     0     0     0     0     0
2918     0     0     0     0     0     0     0
2922     0     0     0     0     0     0     0
2926     2.47344e-07     4.52127e-06     4.52119e-06     4.52134e-06     4.64914e-06     4.96368e-06     4.52446e-06
2930     0     0     0     0     0     0     0
2934     0     0     0     0     0     0     0
2938     0     0     0     0     0     0     0
2942     0     0     0     0     0     0     0
2946     2.47344e-07     4.56959e-06     4.5695e-06     4.56965e-06     4.69882e-06     5.01672e-06     4.57281e-06
2950     0     0     0     0     0     0     0
2954     0     0     0     0     0     0     0
2958     2.47344e-07     4.59666e-06     4.59657e-06     4.59672e-06     4.72666e-06     5.04644e-06     4.5999e-06
2962     0     0     0     0     0     0     0
2966     0     0     0     0     0     0     0
2970     0     0     0     0     0     0     0
2974     0     0     0     0     0     0     0
2978     0     0     0     0     0     0     0
2982     0     0     0     0     0     0     0
2986     0     0     0     0     0     0     0
2990     0     0     0     0     0     0     0
2994     0     0     0     0     0     0     0
2998     0     0     0     0     0     0     0
3002     0     0     0     0     0     0     0
3006     0     0     0     0     0     0     0
3010     0     0     0     0     0     0     0
3014     0     0     0     0     0     0     0
3018     0     0     0     0     0     0     0
3022     0     0     0     0     0     0     0
3026     0     0     0     0     0     0     0
3030     0     0     0     0     0     0     0
3034     0     0     0     0     0     0     0
3038     0     0     0     0     0     0     0
3042     0     0     0     0     0     0     0
3046     0     0     0     0     0     0     0
3050     0     0     0     0     0     0     0
3054     0     0     0     0     0     0     0
3058     0     0     0     0     0     0     0
3062     0     0     0     0     0     0     0
3066     0     0     0     0     0     0     0
3070     0     0     0     0     0     0     0
3074     0     0     0     0     0     0     0
3078     0     0     0     0     0     0     0
3082     0     0     0     0     0     0     0
3086     0     0     0     0     0     0     0
3090     0     0     0     0     0     0     0
3094     0     0     0     0     0     0     0
3098     0     0     0     0     0     0     0
3102     0     0     0     0     0     0     0
3106     0     0     0     0     0     0     0
3110     0     0     0     0     0     0     0
3114     0     0     0     0     0     0     0
3118     0     0     0     0     0     0     0
3122     0     0     0     0     0     0     0
3126     0     0     0     0     0     0     0
3130     0     0     0     0     0     0     0
3134     0     0     0     0     0     0     0
3138     0     0     0     0     0     0     0
3142     0     0     0     0     0     0     0
3146     0     0     0     0     0     0     0
3150     0     0     0     0     0     0     0
3154     0     0     0     0     0     0     0
3158     0     0     0     0     0     0     0
3162     0     0     0     0     0     0     0
3166     0     0     0     0     0     0     0
3170     0     0     0     0     0     0     0
3174     0     0     0     0     0     0     0
3178     0     0     0     0     0     0     0
3182     2.47344e-07     5.10237e-06     5.10227e-06     5.10244e-06     5.24667e-06     5.60164e-06     5.10597e-06
3186     0     0     0     0     0     0     0
3190     0     0     0     0     0     0     0
3194     0     0     0     0     0     0     0
3198     0     0     0     0     0     0     0
3202     0     0     0     0     0     0     0
3206     0     0     0     0     0     0     0
3210     0     0     0     0     0     0     0
3214     0     0     0     0     0     0     0
3218     0     0     0     0     0     0     0
3222     0     0     0     0     0     0     0
3226     0     0     0     0     0     0     0
3230     2.47344e-07     5.21392e-06     5.21382e-06     5.21399e-06     5.36137e-06     5.7241e-06     5.21759e-06
3234     0     0     0     0     0     0     0
3238     0     0     0     0     0     0     0
3242     0     0     0     0     0     0     0
3246     0     0     0     0     0     0     0
3250     0     0     0     0     0     0     0
3254     0     0     0     0     0     0     0
3258     0     0     0     0     0     0     0
3262     0     0     0     0     0     0     0
3266     0     0     0     0     0     0     0
3270     0     0     0     0     0     0     0
3274     0     0     0     0     0     0     0
3278     0     0     0     0     0     0     0
3282     0     0     0     0     0     0     0
3286     0     0     0     0     0     0     0
3290     0     0     0     0     0     0     0
3294     0     0     0     0     0     0     0
3298     0     0     0     0     0     0     0
3302     0     0     0     0     0     0     0
3306     0     0     0     0     0     0     0
3310     0     0     0     0     0     0     0
3314     0     0     0     0     0     0     0
3318     0     0     0     0     0     0     0
3322     0     0     0     0     0     0     0
3326     0     0     0     0     0     0     0
3330     0     0     0     0     0     0     0
3334     0     0     0     0     0     0     0
3338     0     0     0     0     0     0     0
3342     0     0     0     0     0     0     0
3346     0     0     0     0     0     0     0
3350     0     0     0     0     0     0     0
3354     0     0     0     0     0     0     0
3358     0     0     0     0     0     0     0
3362     0     0     0     0     0     0     0
3366     0     0     0     0     0     0     0
3370     0     0     0     0     0     0     0
3374     0     0     0     0     0     0     0
3378     0     0     0     0     0     0     0
3382     0     0     0     0     0     0     0
3386     0     0     0     0     0     0     0
3390     0     0     0     0     0     0     0
3394     0     0     0     0     0     0     0
3398     0     0     0     0     0     0     0
3402     0     0     0     0     0     0     0
3406     0     0     0     0     0     0     0
3410     0     0     0     0     0     0     0
3414     0     0     0     0     0     0     0
3418     0     0     0     0     0     0     0
3422     0     0     0     0     0     0     0
3426     0     0     0     0     0     0     0
3430     0     0     0     0     0     0     0
3434     0     0     0     0     0     0     0
3438     0     0     0     0     0     0     0
3442     0     0     0     0     0     0     0
3446     0     0     0     0     0     0     0
3450     0     0     0     0     0     0     0
3454     0     0     0     0     0     0     0
3458     0     0     0     0     0     0     0
3462     0     0     0     0     0     0     0
3466     0     0     0     0     0     0     0
3470     0     0     0     0     0     0     0
3474     0     0     0     0     0     0     0
3478     0     0     0     0     0     0     0
3482     0     0     0     0     0     0     0
3486     0     0     0     0     0     0     0
3490     0     0     0     0     0     0     0
3494     0     0     0     0     0     0     0
3498     0     0     0     0     0     0     0
3502     0     0     0     0     0     0     0
3506     0     0     0     0     0     0     0
3510     0     0     0     0     0     0     0
3514     0     0     0     0     0     0     0
3518     0     0     0     0     0     0     0
3522     0     0     0     0     0     0     0
3526     0     0     0     0     0     0     0
3530     0     0     0     0     0     0     0
3534     0     0     0     0     0     0     0
3538     0     0     0     0     0     0     0
3542     0     0     0     0     0     0     0
3546     0     0     0     0     0     0     0
3550     0     0     0     0     0     0     0
3554     0     0     0     0     0     0     0
3558     0     0     0     0     0     0     0
3562     0     0     0     0     0     0     0
3566     0     0     0     0     0     0     0
3570     0     0     0     0     0     0     0
3574     0     0     0     0     0     0     0
3578     0     0     0     0     0     0     0
3582     0     0     0     0     0     0     0
3586     0     0     0     0     0     0     0
3590     0     0     0     0     0     0     0
3594     2.47344e-07     6.06711e-06     6.06699e-06     6.06719e-06     6.23869e-06     6.66077e-06     6.07138e-06
3598     0     0     0     0     0     0     0
3602     0     0     0     0     0     0     0
3606     0     0     0     0     0     0     0
3610     0     0     0     0     0     0     0
3614     0     0     0     0     0     0     0
3618     0     0     0     0     0     0     0
3622     0     0     0     0     0     0     0
3626     0     0     0     0     0     0     0
3630     0     0     0     0     0     0     0
3634     0     0     0     0     0     0     0
3638     0     0     0     0     0     0     0
3642     0     0     0     0     0     0     0
3646     0     0     0     0     0     0     0
3650     0     0     0     0     0     0     0
3654     0     0     0     0     0     0     0
3658     0     0     0     0     0     0     0
3662     0     0     0     0     0     0     0
3666     0     0     0     0     0     0     0
3670     0     0     0     0     0     0     0
3674     0     0     0     0     0     0     0
3678     0     0     0     0     0     0     0
3682     0     0     0     0     0     0     0
3686     0     0     0     0     0     0     0
3690     0     0     0     0     0     0     0
3694     0     0     0     0     0     0     0
3698     0     0     0     0     0     0     0
3702     0     0     0     0     0     0     0
3706     0     0     0     0     0     0     0
3710     0     0     0     0     0     0     0
3714     0     0     0     0     0     0     0
3718     0     0     0     0     0     0     0
3722     0     0     0     0     0     0     0
3726     0     0     0     0     0     0     0
3730     0     0     0     0     0     0     0
3734     0     0     0     0     0     0     0
3738     0     0     0     0     0     0     0
3742     0     0     0     0     0     0     0
3746     0     0     0     0     0     0     0
3750     0     0     0     0     0     0     0
3754     0     0     0     0     0     0     0
3758     0     0     0     0     0     0     0
3762     0     0     0     0     0     0     0
3766     0     0     0     0     0     0     0
3770     0     0     0     0     0     0     0
3774     0     0     0     0     0     0     0
3778     0     0     0     0     0     0     0
3782     0     0     0     0     0     0     0
3786     0     0     0     0     0     0     0
3790     0     0     0     0     0     0     0
3794     0     0     0     0     0     0     0
3798     0     0     0     0     0     0     0
3802     0     0     0     0     0     0     0
3806     0     0     0     0     0     0     0
3810     0     0     0     0     0     0     0
3814     0     0     0     0     0     0     0
3818     0     0     0     0     0     0     0
3822     0     0     0     0     0     0     0
3826     0     0     0     0     0     0     0
3830     0     0     0     0     0     0     0
3834     0     0     0     0     0     0     0
3838     0     0     0     0     0     0     0
3842     0     0     0     0     0     0     0
3846     0     0     0     0     0     0     0
3850     0     0     0     0     0     0     0
3854     0     0     0     0     0     0     0
3858     0     0     0     0     0     0     0
3862     0     0     0     0     0     0     0
3866     0     0     0     0     0     0     0
3870     0     0     0     0     0     0     0
3874     0     0     0     0     0     0     0
3878     0     0     0     0     0     0     0
3882     0     0     0     0     0     0     0
3886     0     0     0     0     0     0     0
3890     0     0     0     0     0     0     0
3894     0     0     0     0     0     0     0
3898     0     0     0     0     0     0     0
3902     0     0     0     0     0     0     0
3906     0     0     0     0     0     0     0
3910     0     0     0     0     0     0     0
3914     0     0     0     0     0     0     0
3918     0     0     0     0     0     0     0
3922     0     0     0     0     0     0     0
3926     0     0     0     0     0     0     0
3930     0     0     0     0     0     0     0
3934     0     0     0     0     0     0     0
3938     0     0     0     0     0     0     0
3942     0     0     0     0     0     0     0
3946     0     0     0     0     0     0     0
3950     0     0     0     0     0     0     0
3954     0     0     0     0     0     0     0
3958     0     0     0     0     0     0     0
3962     0     0     0     0     0     0     0
3966     0     0     0     0     0     0     0
3970     0     0     0     0     0     0     0
3974     0     0     0     0     0     0     0
3978     0     0     0     0     0     0     0
3982     0     0     0     0     0     0     0
3986     0     0     0     0     0     0     0
3990     0     0     0     0     0     0     0
3994     0     0     0     0     0     0     0
3998     0     0     0     0     0     0     0
