2     0     0     0     0     0     0     0
6     9.20287e-07     5.27723e-10     5.27713e-10     5.2773e-10     5.36671e-10     5.58914e-10     5.26798e-10
10     7.3623e-06     2.53259e-09     2.53254e-09     2.53262e-09     2.57553e-09     2.68228e-09     2.52815e-09
14     1.2884e-05     2.9956e-09     2.99554e-09     2.99563e-09     3.04639e-09     3.17265e-09     2.99034e-09
18     2.5768e-05     4.46828e-09     4.46819e-09     4.46833e-09     4.54403e-09     4.73237e-09     4.46044e-09
22     3.31303e-05     4.33898e-09     4.3389e-09     4.33904e-09     4.41255e-09     4.59543e-09     4.33137e-09
26     3.31303e-05     3.54789e-09     3.54782e-09     3.54793e-09     3.60804e-09     3.75758e-09     3.54167e-09
30     4.32535e-05     3.80666e-09     3.80659e-09     3.80671e-09     3.8712e-09     4.03165e-09     3.79999e-09
34     4.87752e-05     3.59851e-09     3.59844e-09     3.59855e-09     3.65952e-09     3.81119e-09     3.59219e-09
38     4.50941e-05     2.89717e-09     2.89712e-09     2.89721e-09     2.94629e-09     3.0684e-09     2.89209e-09
42     6.99418e-05     3.90603e-09     3.90595e-09     3.90607e-09     3.97225e-09     4.13689e-09     3.89918e-09
46     6.99418e-05     3.45022e-09     3.45015e-09     3.45026e-09     3.50871e-09     3.65414e-09     3.44417e-09
50     7.82244e-05     3.44892e-09     3.44886e-09     3.44897e-09     3.5074e-09     3.65277e-09     3.44287e-09
54     7.54636e-05     3.02133e-09     3.02128e-09     3.02137e-09     3.07256e-09     3.1999e-09     3.01603e-09
58     0.000102152     3.74744e-09     3.74737e-09     3.74748e-09     3.81097e-09     3.96893e-09     3.74087e-09
62     0.000117797     4.02765e-09     4.02757e-09     4.02769e-09     4.09593e-09     4.26569e-09     4.02058e-09
66     0.000134362     4.30474e-09     4.30466e-09     4.30479e-09     4.37772e-09     4.55916e-09     4.29719e-09
70     0.000103072     3.14403e-09     3.14397e-09     3.14407e-09     3.19733e-09     3.32985e-09     3.13851e-09
74     0.000124239     3.6253e-09     3.62523e-09     3.62535e-09     3.68677e-09     3.83957e-09     3.61894e-09
78     0.000158289     4.47736e-09     4.47727e-09     4.47741e-09     4.55327e-09     4.74198e-09     4.4695e-09
82     0.000149087     4.12032e-09     4.12024e-09     4.12037e-09     4.19018e-09     4.36384e-09     4.11309e-09
86     0.000157369     4.28191e-09     4.28182e-09     4.28196e-09     4.3545e-09     4.53498e-09     4.2744e-09
90     0.000174855     4.71799e-09     4.7179e-09     4.71805e-09     4.79798e-09     4.99684e-09     4.70972e-09
94     0.000156449     4.215e-09     4.21492e-09     4.21505e-09     4.28647e-09     4.46413e-09     4.20761e-09
98     0.000200623     5.42657e-09     5.42646e-09     5.42663e-09     5.51857e-09     5.7473e-09     5.41705e-09
102     0.000185898     5.07161e-09     5.07151e-09     5.07167e-09     5.15759e-09     5.37136e-09     5.06271e-09
106     0.00019326     5.34163e-09     5.34153e-09     5.3417e-09     5.4322e-09     5.65734e-09     5.33226e-09
110     0.00022271     6.30235e-09     6.30223e-09     6.30242e-09     6.4092e-09     6.67484e-09     6.2913e-09
114     0.000207985     6.10032e-09     6.1002e-09     6.10039e-09     6.20374e-09     6.46087e-09     6.08962e-09
118     0.000217188     6.69795e-09     6.69782e-09     6.69803e-09     6.81151e-09     7.09382e-09     6.6862e-09
122     0.00022455     7.44439e-09     7.44425e-09     7.44448e-09     7.57061e-09     7.88438e-09     7.43134e-09
126     0.00025584     9.36152e-09     9.36134e-09     9.36163e-09     9.52024e-09     9.91482e-09     9.3451e-09
130     0.000245717     1.02038e-08     1.02037e-08     1.0204e-08     1.03768e-08     1.08069e-08     1.0186e-08
134     0.00025676     1.2382e-08     1.23818e-08     1.23822e-08     1.25919e-08     1.31138e-08     1.23603e-08
138     0.000263202     1.52414e-08     1.52411e-08     1.52416e-08     1.54998e-08     1.61422e-08     1.52147e-08
142     0.000277007     1.9886e-08     1.98856e-08     1.98862e-08     2.02232e-08     2.10613e-08     1.98511e-08
146     0.000290811     2.71293e-08     2.71288e-08     2.71296e-08     2.75892e-08     2.87327e-08     2.70817e-08
150     0.000289891     3.71088e-08     3.71081e-08     3.71093e-08     3.7738e-08     3.93021e-08     3.70437e-08
154     0.000318419     6.15375e-08     6.15363e-08     6.15382e-08     6.25808e-08     6.51746e-08     6.14296e-08
158     0.000300934     1.09087e-07     1.09084e-07     1.09088e-07     1.10936e-07     1.15534e-07     1.08895e-07
162     0.000301854     2.95521e-07     2.95516e-07     2.95525e-07     3.00532e-07     3.12988e-07     2.95003e-07
166     0.000300934     5.5e-07     5.4999e-07     5.50007e-07     5.59325e-07     5.82507e-07     5.49036e-07
170     0.000367195     9.06501e-07     9.06484e-07     9.06512e-07     9.2187e-07     9.60078e-07     9.04911e-07
174     0.000348789     1.04782e-06     1.0478e-06     1.04783e-06     1.06559e-06     1.10975e-06     1.04598e-06
178     0.000360753     1.27511e-06     1.27508e-06     1.27512e-06     1.29673e-06     1.35047e-06     1.27287e-06
182     0.00035155     1.5016e-06     1.50157e-06     1.50162e-06     1.52706e-06     1.59035e-06     1.49897e-06
186     0.000359832     1.85699e-06     1.85695e-06     1.85701e-06     1.88847e-06     1.96674e-06     1.85373e-06
190     0.00035155     2.12014e-06     2.1201e-06     2.12017e-06     2.15609e-06     2.24545e-06     2.11642e-06
194     0.000355231     2.41413e-06     2.41409e-06     2.41416e-06     2.45506e-06     2.55682e-06     2.4099e-06
198     0.000327622     2.46582e-06     2.46577e-06     2.46585e-06     2.50763e-06     2.61156e-06     2.4615e-06
202     0.000380999     3.13154e-06     3.13148e-06     3.13158e-06     3.18463e-06     3.31662e-06     3.12605e-06
206     0.000381919     3.41741e-06     3.41735e-06     3.41743e-06     3.47535e-06     3.6194e-06     3.4114e-06
210     0.00041597     4.02835e-06     4.02829e-06     4.02838e-06     4.09989e-06     4.27124e-06     4.02353e-06
214     0.000397564     4.14559e-06     4.14553e-06     4.14562e-06     4.22241e-06     4.40026e-06     4.14286e-06
218     0.000428854     4.77859e-06     4.77852e-06     4.77863e-06     4.86747e-06     5.07265e-06     4.77567e-06
222     0.000420571     5.01209e-06     5.01202e-06     5.01213e-06     5.10608e-06     5.32165e-06     5.00955e-06
226     0.000459223     5.81617e-06     5.81608e-06     5.81621e-06     5.92563e-06     6.17598e-06     5.81349e-06
230     0.000446339     6.0076e-06     6.00752e-06     6.00764e-06     6.12084e-06     6.37952e-06     6.00496e-06
234     0.00044726     6.37483e-06     6.37474e-06     6.37488e-06     6.49485e-06     6.76927e-06     6.37192e-06
238     0.000457383     6.91102e-06     6.91093e-06     6.91107e-06     7.0404e-06     7.33756e-06     6.90735e-06
242     0.000439897     7.02336e-06     7.02326e-06     7.0234e-06     7.15664e-06     7.45949e-06     7.02086e-06
246     0.000453702     7.63696e-06     7.63685e-06     7.637e-06     7.7826e-06     8.11227e-06     7.63474e-06
250     0.000465665     8.2416e-06     8.24149e-06     8.24165e-06     8.39952e-06     8.75565e-06     8.23972e-06
254     0.00044818     8.35643e-06     8.35632e-06     8.35648e-06     8.51694e-06     8.87819e-06     8.3548e-06
258     0.000492354     9.64274e-06     9.64262e-06     9.6428e-06     9.82737e-06     1.02439e-05     9.64046e-06
262     0.000514441     1.05682e-05     1.05681e-05     1.05683e-05     1.07749e-05     1.12334e-05     1.05687e-05
266     0.000490513     1.05591e-05     1.05589e-05     1.05591e-05     1.07649e-05     1.12227e-05     1.05591e-05
270     0.000549412     1.23506e-05     1.23504e-05     1.23506e-05     1.25923e-05     1.31283e-05     1.23513e-05
274     0.000541129     1.27353e-05     1.27352e-05     1.27354e-05     1.29866e-05     1.35404e-05     1.27375e-05
278     0.0005126     1.26097e-05     1.26096e-05     1.26098e-05     1.28605e-05     1.34097e-05     1.26131e-05
282     0.00054389     1.39589e-05     1.39587e-05     1.3959e-05     1.42361e-05     1.48439e-05     1.39624e-05
286     0.000537448     1.43747e-05     1.43745e-05     1.43747e-05     1.46621e-05     1.5289e-05     1.43797e-05
290     0.000559535     1.55995e-05     1.55993e-05     1.55996e-05     1.59172e-05     1.66002e-05     1.56089e-05
294     0.000508919     1.47461e-05     1.47459e-05     1.47462e-05     1.50506e-05     1.56982e-05     1.47578e-05
298     0.00057702     1.73744e-05     1.73742e-05     1.73745e-05     1.7732e-05     1.84946e-05     1.73874e-05
302     0.000560455     1.75415e-05     1.75413e-05     1.75415e-05     1.78997e-05     1.86684e-05     1.75526e-05
306     0.000521803     1.69466e-05     1.69465e-05     1.69467e-05     1.72964e-05     1.80407e-05     1.69599e-05
310     0.000521803     1.75919e-05     1.75917e-05     1.75919e-05     1.7964e-05     1.8741e-05     1.7612e-05
314     0.000554933     1.93868e-05     1.93866e-05     1.93868e-05     1.98041e-05     2.06637e-05     1.94139e-05
318     0.000603709     2.18627e-05     2.18625e-05     2.18627e-05     2.23289e-05     2.32962e-05     2.18902e-05
322     0.000593585     2.22517e-05     2.22515e-05     2.22518e-05     2.27343e-05     2.37226e-05     2.22853e-05
326     0.000594506     2.30318e-05     2.30316e-05     2.30318e-05     2.35386e-05     2.4565e-05     2.30716e-05
330     0.000585303     2.34053e-05     2.34051e-05     2.34053e-05     2.39271e-05     2.49732e-05     2.34505e-05
334     0.000600027     2.47696e-05     2.47694e-05     2.47696e-05     2.53287e-05     2.64389e-05     2.48223e-05
338     0.00060831     2.59333e-05     2.59331e-05     2.59333e-05     2.65254e-05     2.76905e-05     2.59933e-05
342     0.000626716     2.7567e-05     2.75668e-05     2.75669e-05     2.82107e-05     2.94551e-05     2.7641e-05
346     0.000586223     2.66893e-05     2.66892e-05     2.66892e-05     2.73197e-05     2.85267e-05     2.67666e-05
350     0.000637759     3.01844e-05     3.01843e-05     3.01843e-05     3.09077e-05     3.22771e-05     3.02791e-05
354     0.00067181     3.33169e-05     3.33168e-05     3.33168e-05     3.41395e-05     3.56624e-05     3.34383e-05
358     0.000669969     3.48371e-05     3.4837e-05     3.48369e-05     3.5738e-05     3.73498e-05     3.49921e-05
362     0.00067273     3.66576e-05     3.66575e-05     3.66573e-05     3.75876e-05     3.92766e-05     3.68075e-05
366     0.000739911     4.21608e-05     4.21607e-05     4.21604e-05     4.32495e-05     4.52017e-05     4.23461e-05
370     0.000645122     3.83391e-05     3.83392e-05     3.83388e-05     3.93713e-05     4.11668e-05     3.85365e-05
374     0.000692976     4.30417e-05     4.30418e-05     4.30413e-05     4.42497e-05     4.62895e-05     4.32971e-05
378     0.000651564     4.22225e-05     4.22226e-05     4.22221e-05     4.3435e-05     4.545e-05     4.24914e-05
382     0.000701259     4.73329e-05     4.73331e-05     4.73324e-05     4.87178e-05     5.09906e-05     4.76511e-05
386     0.000676411     4.74719e-05     4.74721e-05     4.74714e-05     4.88945e-05     5.11913e-05     4.78135e-05
390     0.00073623     5.36146e-05     5.36148e-05     5.3614e-05     5.52587e-05     5.78721e-05     5.40255e-05
394     0.000710462     5.36125e-05     5.36128e-05     5.36119e-05     5.52945e-05     5.79275e-05     5.40489e-05
398     0.000748194     5.83877e-05     5.8388e-05     5.83869e-05     6.02573e-05     6.31444e-05     5.88881e-05
402     0.000786846     6.35313e-05     6.35317e-05     6.35304e-05     6.56259e-05     6.87989e-05     6.41159e-05
406     0.000761078     6.35291e-05     6.35295e-05     6.35282e-05     6.56801e-05     6.88824e-05     6.41513e-05
410     0.000715984     6.17407e-05     6.17411e-05     6.17397e-05     6.3876e-05     6.7012e-05     6.2375e-05
414     0.000763839     6.79338e-05     6.79343e-05     6.79328e-05     7.03317e-05     7.38079e-05     6.86638e-05
418     0.000761998     6.98549e-05     6.98554e-05     6.98538e-05     7.23793e-05     7.59845e-05     7.06446e-05
422     0.00073715     6.95024e-05     6.9503e-05     6.95013e-05     7.20776e-05     7.56993e-05     7.03296e-05
426     0.000779483     7.55684e-05     7.55691e-05     7.55672e-05     7.8452e-05     8.24342e-05     7.65232e-05
430     0.00080065     7.97938e-05     7.97945e-05     7.97924e-05     8.29172e-05     8.71638e-05     8.0854e-05
434     0.000755556     7.73677e-05     7.73684e-05     7.73664e-05     8.04678e-05     8.46231e-05     7.84432e-05
438     0.000805252     8.46643e-05     8.46652e-05     8.46628e-05     8.81538e-05     9.27514e-05     8.59058e-05
442     0.000861389     9.29609e-05     9.29619e-05     9.29592e-05     9.69003e-05     0.000102008     9.43944e-05
446     0.000808933     8.94789e-05     8.94799e-05     8.94772e-05     9.33582e-05     9.83245e-05     9.0915e-05
450     0.000825498     9.36013e-05     9.36023e-05     9.35995e-05     9.77749e-05     0.000103034     9.51788e-05
454     0.000856788     9.94039e-05     9.94051e-05     9.9402e-05     0.000103956     0.000109605     0.000101157
458     0.000839302     9.97432e-05     9.97444e-05     9.97412e-05     0.00010443     0.000110163     0.000101582
462     0.000866911     0.000105406     0.000105408     0.000105404     0.00011052     0.000116662     0.000107457
466     0.00089636     0.00011149     0.000111491     0.000111488     0.000117031     0.000123594     0.000113748
470     0.000900041     0.00011453     0.000114532     0.000114528     0.000120396     0.000127226     0.000116965
474     0.000878875     0.000114232     0.000114234     0.00011423     0.000120244     0.000127141     0.000116769
478     0.000901882     0.00011977     0.000119772     0.000119768     0.000126203     0.000133503     0.000122514
482     0.000935012     0.000126823     0.000126825     0.00012682     0.000133922     0.000141809     0.000129917
486     0.000898201     0.000124382     0.000124384     0.000124379     0.000131514     0.000139345     0.000127525
490     0.000915686     0.000129483     0.000129485     0.00012948     0.000137141     0.000145421     0.000132908
494     0.000936853     0.000135157     0.000135159     0.000135153     0.000143363     0.000152123     0.000138871
498     0.0010252     0.000150895     0.000150897     0.000150891     0.000160258     0.000170144     0.000155174
502     0.000970903     0.000145676     0.000145678     0.000145672     0.000155082     0.000164825     0.000150048
506     0.000940534     0.000143888     0.00014389     0.000143885     0.000153475     0.000163262     0.0001484
510     0.000962621     0.000150116     0.000150118     0.000150112     0.000160406     0.000170778     0.000155009
514     0.00100864     0.000160379     0.000160382     0.000160375     0.000171667     0.000182916     0.000165796
518     0.00105741     0.000171447     0.00017145     0.000171442     0.00018385     0.000196069     0.000177452
522     0.00101692     0.00016802     0.000168023     0.000168016     0.000180663     0.000192912     0.00017422
526     0.00102612     0.000172633     0.000172636     0.000172628     0.000185884     0.000198616     0.000179172
530     0.0010795     0.000184901     0.000184904     0.000184896     0.000199555     0.000213441     0.000192207
534     0.00106845     0.000186315     0.000186318     0.00018631     0.000201517     0.000215742     0.000193964
538     0.0010979     0.000194857     0.000194861     0.000194852     0.000210945     0.000225924     0.00020298
542     0.0010933     0.000197491     0.000197495     0.000197485     0.000214556     0.000230143     0.000206223
546     0.00111539     0.000205072     0.000205077     0.000205067     0.000223302     0.000239764     0.000214473
550     0.00109882     0.000205797     0.000205801     0.000205791     0.000224701     0.000241556     0.000215627
554     0.00116784     0.000222722     0.000222727     0.000222716     0.000243747     0.000262305     0.000233728
558     0.00117153     0.000227325     0.00022733     0.000227319     0.000249261     0.000268476     0.000238864
562     0.00119269     0.000235297     0.000235303     0.000235291     0.000258812     0.000279166     0.000247759
566     0.00115404     0.000231244     0.000231249     0.000231237     0.000254909     0.000275234     0.000243845
570     0.00116692     0.000237558     0.000237563     0.000237551     0.000262553     0.000283819     0.000250943
574     0.00119269     0.000247131     0.000247137     0.000247123     0.000273949     0.000296528     0.000261583
578     0.00122766     0.000258939     0.000258945     0.000258931     0.000287825     0.000311919     0.000274591
582     0.00125343     0.000268917     0.000268923     0.000268909     0.000300044     0.000325698     0.000285901
586     0.0012838     0.000280001     0.000280008     0.000279992     0.000313227     0.000340402     0.000298208
590     0.0012746     0.000282979     0.000282986     0.00028297     0.000317541     0.000345563     0.000302009
594     0.00127184     0.000287961     0.000287968     0.000287951     0.0003241     0.000353171     0.000307945
598     0.00127552     0.000294642     0.000294649     0.000294632     0.000332499     0.000362757     0.000315648
602     0.00122674     0.000288434     0.000288442     0.000288425     0.000326775     0.00035715     0.000309812
606     0.001397     0.000333535     0.000333544     0.000333523     0.000379321     0.000415287     0.000359177
610     0.00137307     0.000333097     0.000333106     0.000333085     0.000379799     0.000416294     0.000359321
614     0.00140712     0.000347492     0.000347502     0.00034748     0.000397281     0.000435975     0.000375528
618     0.00140712     0.000354096     0.000354106     0.000354084     0.000406425     0.000446757     0.000383689
622     0.00139884     0.000358792     0.000358803     0.000358779     0.000413353     0.000455108     0.000389758
626     0.00142184     0.000371305     0.000371316     0.000371291     0.000429233     0.000473294     0.000404282
630     0.00150007     0.000398697     0.000398709     0.000398682     0.000462316     0.000510461     0.000435004
634     0.00150651     0.000407517     0.00040753     0.000407502     0.000474032     0.000524119     0.000445568
638     0.00145682     0.000401178     0.000401191     0.000401163     0.00046831     0.000518586     0.000439681
642     0.00150559     0.000422659     0.000422673     0.000422642     0.000495289     0.000549411     0.000464413
646     0.00154884     0.000443725     0.00044374     0.000443708     0.000521693     0.000579539     0.000488637
650     0.00156265     0.000456979     0.000456994     0.000456961     0.000539243     0.000599976     0.000504475
654     0.00155345     0.000463857     0.000463873     0.000463839     0.000549256     0.000612014     0.000513269
658     0.00152124     0.000463443     0.000463459     0.000463424     0.000550163     0.000613686     0.000513693
662     0.00160682     0.000499418     0.000499437     0.000499398     0.000595304     0.000665235     0.00055509
666     0.00159762     0.000506761     0.00050678     0.00050674     0.000605863     0.000677959     0.000564361
670     0.00160866     0.00052077     0.000520789     0.000520748     0.000624682     0.000700037     0.000581245
674     0.0016556     0.000547134     0.000547156     0.000547111     0.000658323     0.000738719     0.000611926
678     0.00165284     0.00055759     0.000557611     0.000557566     0.000672328     0.000755139     0.000624502
682     0.001778     0.000612174     0.000612198     0.000612147     0.000742332     0.000835715     0.000688287
686     0.00170161     0.000598214     0.000598239     0.000598188     0.000727281     0.000819679     0.000673747
690     0.00165376     0.000594228     0.000594253     0.000594202     0.000724399     0.000817426     0.00067046
694     0.00181941     0.000668965     0.000668994     0.000668935     0.000817927     0.000924211     0.000756257
698     0.00180192     0.000678821     0.00067885     0.00067879     0.000832555     0.000942067     0.000768959
702     0.00180652     0.000697026     0.000697057     0.000696994     0.000857825     0.000972206     0.000791352
706     0.00177615     0.000701925     0.000701956     0.000701892     0.000865259     0.00098139     0.000797742
710     0.00178352     0.000722775     0.000722808     0.000722741     0.000893049     0.00101396     0.000822709
714     0.00188751     0.00078557     0.000785606     0.000785533     0.000972855     0.00110569     0.000895533
718     0.00182309     0.000780055     0.000780092     0.000780018     0.000967623     0.00110059     0.000890188
722     0.0019142     0.000841059     0.0008411     0.000841019     0.00104751     0.00119362     0.000962358
726     0.00192064     0.000865981     0.000866023     0.000865939     0.0010803     0.00123202     0.000991858
730     0.00184242     0.000853084     0.000853127     0.000853043     0.0010654     0.0012158     0.000977733
734     0.00192064     0.000914467     0.000914513     0.000914423     0.00114321     0.00130532     0.00104871
738     0.00199702     0.000979724     0.000979773     0.000979676     0.00122638     0.00140118     0.00112447
742     0.00189395     0.000958305     0.000958355     0.000958257     0.00120262     0.00137574     0.00110167
746     0.0019869     0.00103841     0.00103846     0.00103836     0.00130397     0.0014924     0.00119411
750     0.00198322     0.00107043     0.00107048     0.00107037     0.00134451     0.00153928     0.00123098
754     0.0019961     0.00111167     0.00111173     0.00111162     0.00139632     0.00159889     0.00127828
758     0.00200807     0.00115523     0.00115529     0.00115517     0.00145091     0.0016616     0.00132818
762     0.00201083     0.00119492     0.00119499     0.00119486     0.00150223     0.0017214     0.00137454
766     0.00198414     0.00122083     0.0012209     0.00122077     0.00153384     0.0017576     0.00140355
770     0.00198506     0.00126659     0.00126666     0.00126653     0.00159045     0.00182248     0.00145542
774     0.0020596     0.00136386     0.00136393     0.00136379     0.0017116     0.00196126     0.00156639
778     0.00201543     0.00138651     0.00138658     0.00138644     0.0017387     0.00199214     0.00159139
782     0.00211942     0.00151486     0.00151494     0.00151478     0.00189703     0.00217305     0.00173676
786     0.00208169     0.00154536     0.00154545     0.00154529     0.00193124     0.00221101     0.00176896
790     0.00199334     0.00153792     0.001538     0.00153785     0.00191847     0.00219533     0.00175803
794     0.0020366     0.00163545     0.00163554     0.00163538     0.00203645     0.00232914     0.00186698
798     0.00202003     0.00169102     0.00169111     0.00169094     0.00210144     0.00240199     0.00192758
802     0.00194825     0.00170102     0.00170111     0.00170094     0.00210633     0.00240473     0.00193398
806     0.00197218     0.00179891     0.00179901     0.00179883     0.00222148     0.00253393     0.00204124
810     0.00193628     0.00184613     0.00184623     0.00184605     0.00227341     0.0025908     0.00209056
814     0.0019869     0.00198078     0.00198088     0.00198069     0.00243157     0.00276813     0.00223797
818     0.00204856     0.00213478     0.00213489     0.00213469     0.00261184     0.00296987     0.00240622
822     0.00195929     0.0021361     0.00213621     0.00213601     0.00260073     0.00295157     0.0023996
826     0.00201819     0.00230059     0.0023007     0.00230049     0.00278949     0.00316058     0.00257708
830     0.00201359     0.00240043     0.00240055     0.00240034     0.00289917     0.00328018     0.0026815
834     0.00196481     0.00245455     0.00245467     0.00245446     0.00295193     0.00333509     0.00273357
838     0.00189211     0.0024761     0.00247621     0.002476     0.00296477     0.00334485     0.00274882
842     0.00187279     0.00256529     0.0025654     0.00256519     0.00305258     0.00343553     0.00283567
846     0.00183873     0.0026367     0.00263682     0.00263661     0.00312016     0.00350289     0.00290385
850     0.00191512     0.00287198     0.0028721     0.00287188     0.0033818     0.00378852     0.00315246
854     0.00184886     0.00290248     0.0029026     0.00290238     0.0034003     0.00380121     0.00317487
858     0.00182493     0.00299723     0.00299734     0.00299713     0.00349181     0.00389489     0.00326596
862     0.00172738     0.00296485     0.00296496     0.00296476     0.00342741     0.00381088     0.00321363
866     0.00173566     0.00310976     0.00310987     0.00310967     0.00357358     0.00396315     0.00335723
870     0.00171542     0.00320422     0.00320433     0.00320413     0.00365951     0.00404738     0.00344502
874     0.00163995     0.00318888     0.00318899     0.0031888     0.00361867     0.0039906     0.00341394
878     0.00164823     0.00333066     0.00333076     0.00333058     0.00375735     0.00413232     0.00355184
882     0.00164639     0.00345151     0.00345162     0.00345143     0.00385895     0.00422607     0.0036592
886     0.00160774     0.00349457     0.00349468     0.0034945     0.00388237     0.00423875     0.00368954
890     0.00162247     0.00365095     0.00365105     0.00365087     0.00402973     0.00438594     0.00383823
894     0.00147522     0.0034292     0.00342928     0.00342913     0.00376014     0.00407962     0.00358961
898     0.00147614     0.00354134     0.00354143     0.00354127     0.00385629     0.00416991     0.00369029
902     0.00143013     0.00352704     0.00352687     0.00352723     0.00380543     0.00387643     0.0038602
906     0.00141264     0.00357741     0.00357724     0.0035776     0.00383119     0.00391332     0.00387103
910     0.00130221     0.00337798     0.00337782     0.00337815     0.0035923     0.00367878     0.00361607
914     0.00131325     0.00348212     0.00348197     0.0034823     0.00367798     0.00377594     0.00368882
918     0.00137859     0.00372909     0.00372892     0.00372927     0.0039124     0.00402659     0.00390965
922     0.00125067     0.00344311     0.00344296     0.00344327     0.00357621     0.00369446     0.00355377
926     0.00127644     0.00356858     0.00356843     0.00356874     0.00368025     0.00381219     0.00364236
930     0.00123963     0.00351039     0.00351024     0.00351054     0.00359544     0.00373412     0.00354425
934     0.00121018     0.00346769     0.00346755     0.00346784     0.00352593     0.00366561     0.00346705
938     0.00120926     0.0034985     0.00349836     0.00349865     0.00353159     0.0036616     0.00347669
942     0.00113563     0.00331063     0.0033105     0.00331076     0.00330999     0.00341175     0.0032708
946     0.00107213     0.00314349     0.00314337     0.00314361     0.00312061     0.00320233     0.00309232
950     0.00110342     0.00324868     0.00324856     0.0032488     0.00320161     0.00327028     0.00318182
954     0.00102888     0.00303813     0.00303801     0.00303823     0.00297296     0.00302278     0.00296302
958     0.00102152     0.00302177     0.00302166     0.00302188     0.00293562     0.00297048     0.00293443
962     0.000979186     0.00289896     0.00289886     0.00289906     0.00278964     0.00280452     0.00279946
966     0.000951577     0.0028167     0.00281661     0.00281679     0.00269226     0.00269398     0.00270932
970     0.000946976     0.00279946     0.00279936     0.00279954     0.00265592     0.00264368     0.00268109
974     0.000914766     0.00269777     0.00269768     0.00269785     0.00254121     0.00251652     0.00257303
978     0.00086415     0.00254037     0.00254028     0.00254044     0.00237644     0.00234148     0.00241328
982     0.000932251     0.00272992     0.00272984     0.00273     0.00252986     0.00247527     0.00257942
986     0.000856788     0.00249866     0.00249859     0.00249873     0.00230053     0.0022398     0.00235219
990     0.000844824     0.0024525     0.00245243     0.00245256     0.00224221     0.00217123     0.00229956
994     0.000791447     0.00228662     0.00228655     0.00228667     0.00207646     0.00200011     0.00213587
998     0.000787766     0.00226448     0.00226442     0.00226454     0.00204213     0.00195613     0.00210699
1002     0.000755556     0.00216055     0.00216049     0.0021606     0.00193104     0.0018362     0.00200033
1006     0.000724266     0.00206011     0.00206006     0.00206016     0.00182945     0.0017302     0.0019006
1010     0.00067273     0.0019032     0.00190315     0.00190324     0.00167859     0.00157827     0.00174929
1014     0.000710462     0.00199895     0.00199889     0.00199899     0.00175162     0.00163763     0.00183081
1018     0.000646042     0.00180806     0.00180802     0.0018081     0.00157454     0.00146395     0.00165045
1022     0.00067365     0.00187504     0.00187499     0.00187508     0.00161916     0.00149392     0.00170389
1026     0.00064052     0.00177352     0.00177348     0.00177355     0.00152089     0.00139424     0.0016057
1030     0.00060831     0.00167564     0.0016756     0.00167567     0.00142834     0.00130189     0.00151229
1034     0.00057518     0.00157646     0.00157643     0.00157649     0.00133592     0.00121068     0.00141842
1038     0.00054573     0.00148828     0.00148824     0.0014883     0.00125301     0.00112828     0.00133456
1042     0.000548491     0.00148914     0.0014891     0.00148916     0.00124321     0.00110993     0.00132954
1046     0.0005761     0.0015568     0.00155677     0.00155683     0.0012923     0.00114688     0.00138594
1050     0.000514441     0.00138421     0.00138418     0.00138423     0.00114255     0.00100786     0.00122879
1054     0.000471187     0.00126269     0.00126266     0.00126271     0.00103642     0.000908681     0.00111779
1058     0.000478549     0.00127754     0.00127751     0.00127755     0.00104261     0.000908329     0.00112771
1062     0.000476709     0.00126783     0.0012678     0.00126785     0.00102613     0.000885649     0.00111455
1066     0.0004491     0.00119038     0.00119035     0.0011904     0.000958457     0.000822208     0.00104384
1070     0.000426093     0.00112574     0.00112572     0.00112576     0.000901434     0.000768237     0.000984538
1074     0.000452781     0.00119273     0.0011927     0.00119274     0.000949567     0.000803607     0.00104023
1078     0.000444499     0.0011677     0.00116768     0.00116772     0.000924459     0.000776935     0.0010157
1082     0.000376398     0.000986221     0.000986202     0.000986234     0.000775341     0.000645813     0.000855044
1086     0.000427013     0.00111629     0.00111627     0.00111631     0.000872599     0.000721452     0.000965243
1090     0.000380999     0.00099399     0.000993971     0.000994003     0.000772829     0.000634422     0.000857358
1094     0.000388361     0.00101128     0.00101127     0.0010113     0.000781974     0.000637127     0.000870096
1098     0.000356151     0.000925942     0.000925924     0.000925953     0.000712792     0.000577069     0.000795082
1102     0.000364434     0.000946168     0.00094615     0.00094618     0.000723484     0.000580103     0.000810019
1106     0.000340506     0.000882983     0.000882966     0.000882994     0.000671667     0.000534488     0.000754194
1110     0.000368115     0.000953683     0.000953665     0.000953695     0.000721748     0.00057     0.000812751
1114     0.000325782     0.000843352     0.000843336     0.000843363     0.000634919     0.000497442     0.000717088
1118     0.000344188     0.000890502     0.000890484     0.000890513     0.000667313     0.000518981     0.000755685
1122     0.000305535     0.00079021     0.000790194     0.00079022     0.000588927     0.000453894     0.000669071
1126     0.000305535     0.000790071     0.000790055     0.000790081     0.000585783     0.000447676     0.000667489
1130     0.000291731     0.000754387     0.000754372     0.000754397     0.000556192     0.00042117     0.000635827
1134     0.000265043     0.000685504     0.000685491     0.000685513     0.000503081     0.000377966     0.000576672
1138     0.000286209     0.000740528     0.000740513     0.000740538     0.000541665     0.000404368     0.000622194
1142     0.000250318     0.000648013     0.000648     0.000648021     0.000471266     0.00034813     0.000543215
1146     0.000247557     0.000641326     0.000641313     0.000641335     0.000464323     0.000340133     0.000536668
1150     0.000265043     0.000687225     0.000687211     0.000687234     0.000495466     0.000360043     0.000574137
1154     0.000262282     0.000680751     0.000680738     0.00068076     0.000488732     0.000352247     0.000567806
1158     0.000230992     0.000600258     0.000600246     0.000600266     0.000429083     0.000306616     0.000499845
1162     0.000218108     0.000567515     0.000567504     0.000567523     0.000403162     0.000284537     0.00047145
1166     0.000245717     0.000640307     0.000640293     0.000640315     0.000453216     0.000317354     0.000531226
1170     0.000236514     0.000617277     0.000617264     0.000617285     0.000435352     0.000302475     0.000511461
1174     0.000242956     0.000635248     0.000635234     0.000635256     0.000446072     0.000306958     0.000525524
1178     0.000215347     0.000564101     0.00056409     0.000564109     0.000394538     0.000269096     0.000466
1182     0.000229152     0.000601488     0.000601476     0.000601496     0.000418653     0.000282311     0.00049606
1186     0.000194181     0.000510774     0.000510764     0.000510781     0.000353701     0.000235802     0.000420446
1190     0.000175775     0.000463384     0.000463374     0.00046339     0.000319738     0.000211279     0.000380983
1194     0.000186818     0.000493584     0.000493573     0.00049359     0.000339554     0.000222639     0.000405427
1198     0.000177615     0.000470461     0.000470451     0.000470467     0.000322251     0.000209051     0.000385859
1202     0.000171173     0.000454606     0.000454597     0.000454612     0.000309911     0.000198542     0.00037228
1206     0.000162891     0.00043371     0.000433701     0.000433716     0.000294708     0.000187112     0.000354815
1210     0.000161971     0.000432423     0.000432414     0.000432429     0.000292978     0.000184487     0.000353449
1214     0.000175775     0.000470646     0.000470636     0.000470652     0.000317648     0.000197887     0.000384222
1218     0.000157369     0.000422612     0.000422603     0.000422618     0.000283905     0.000174691     0.000344464
1222     0.00012884     0.000346995     0.000346988     0.000347     0.000232447     0.00014161     0.000282653
1226     0.000135282     0.00036551     0.000365502     0.000365515     0.000243984     0.000147101     0.000297409
1230     0.000137123     0.000371716     0.000371709     0.000371721     0.000247096     0.000147131     0.00030207
1234     0.00016013     0.000435502     0.000435493     0.000435508     0.000288489     0.000169939     0.000353529
1238     0.000141724     0.000386678     0.00038667     0.000386683     0.000255247     0.000148669     0.000313571
1242     0.000141724     0.000388059     0.000388051     0.000388064     0.000255141     0.000146597     0.00031436
1246     0.000135282     0.000371624     0.000371616     0.000371629     0.000243735     0.000138755     0.000300873
1250     0.000111355     0.000307053     0.000307047     0.000307057     0.000200614     0.000112709     0.00024833
1254     0.000131601     0.000364115     0.000364108     0.00036412     0.000237162     0.000131802     0.000294229
1258     0.000121478     0.000337374     0.000337367     0.000337378     0.000219177     0.000120562     0.000272458
1262     0.000101232     0.00028215     0.000282144     0.000282153     0.000182361     9.84949e-05     0.000227525
1266     0.00012792     0.000357912     0.000357905     0.000357917     0.000230753     0.000123357     0.000288462
1270     0.000108594     0.000305012     0.000305006     0.000305016     0.000196009     0.000103453     0.000245624
1274     0.000127     0.000358079     0.000358072     0.000358084     0.00022933     0.000119365     0.000288118
1278     0.000109514     0.000310033     0.000310026     0.000310037     0.000198148     0.000102122     0.000249369
1282     0.000105833     0.000300793     0.000300786     0.000300797     0.000191653     9.7333e-05     0.0002418
1286     0.000113195     0.000322973     0.000322967     0.000322978     0.000205075     0.000102654     0.000259401
1290     0.000103992     0.000297998     0.000297992     0.000298002     0.000188683     9.31902e-05     0.000239208
1294     0.000110434     0.000317672     0.000317665     0.000317676     0.000200643     9.79143e-05     0.000254876
1298     9.66302e-05     0.000279175     0.00027917     0.000279179     0.000175725     8.44324e-05     0.0002238
1302     9.2949e-05     0.000269578     0.000269573     0.000269582     0.000169116     7.98462e-05     0.000215972
1306     9.01882e-05     0.000262753     0.000262747     0.000262756     0.00016452     7.67555e-05     0.000210467
1310     9.84708e-05     0.000288137     0.000288131     0.000288141     0.000179898     8.26907e-05     0.000230666
1314     8.92679e-05     0.000262261     0.000262256     0.000262265     0.00016324     7.38908e-05     0.000209802
1318     9.20287e-05     0.000271548     0.000271543     0.000271552     0.000168358     7.4721e-05     0.000217024
1322     8.28259e-05     0.000245465     0.00024546     0.000245468     0.000151934     6.64938e-05     0.000196198
1326     7.54636e-05     0.000224639     0.000224634     0.000224642     0.00013872     5.98316e-05     0.000179491
1330     8.0065e-05     0.000239383     0.000239378     0.000239386     0.000147368     6.24322e-05     0.000191153
1334     7.45433e-05     0.000223836     0.000223832     0.000223839     0.000137433     5.72888e-05     0.000178652
1338     7.82244e-05     0.000235912     0.000235908     0.000235916     0.000144631     5.95081e-05     0.000188296
1342     8.37462e-05     0.000253689     0.000253684     0.000253693     0.000154906     6.21526e-05     0.000202332
1346     6.53404e-05     0.000198921     0.000198917     0.000198924     0.000121232     4.78806e-05     0.000158637
1350     8.19056e-05     0.000250333     0.000250328     0.000250336     0.000152295     5.93636e-05     0.000199594
1354     8.46664e-05     0.000260058     0.000260053     0.000260061     0.000157762     6.0207e-05     0.000207267
1358     5.98187e-05     0.000184542     0.000184539     0.000184545     0.000111719     4.19268e-05     0.00014705
1362     7.82244e-05     0.000242419     0.000242415     0.000242423     0.00014627     5.34902e-05     0.000193083
1366     6.90216e-05     0.000214909     0.000214905     0.000214912     0.000129534     4.67287e-05     0.000171206
1370     6.25796e-05     0.000195717     0.000195713     0.00019572     0.000117822     4.19346e-05     0.000155929
1374     5.79781e-05     0.0001822     0.000182196     0.000182202     0.000109368     3.79765e-05     0.000145111
1378     6.62607e-05     0.000209177     0.000209172     0.000209179     0.000125139     4.23767e-05     0.00016648
1382     5.06158e-05     0.000160571     0.000160568     0.000160574     9.57947e-05     3.15658e-05     0.000127769
1386     6.7181e-05     0.000214078     0.000214073     0.00021408     0.000127674     4.15616e-05     0.000170433
1390     5.33767e-05     0.000170807     0.000170804     0.000170809     0.000101623     3.23716e-05     0.000135936
1394     5.61375e-05     0.000180543     0.000180539     0.000180545     0.000107049     3.30555e-05     0.000143606
1398     6.25796e-05     0.000202152     0.000202148     0.000202155     0.000119817     3.65201e-05     0.00016087
1402     4.96955e-05     0.000161299     0.000161296     0.000161301     9.52819e-05     2.80387e-05     0.000128311
1406     6.7181e-05     0.000219114     0.000219109     0.000219116     0.000129308     3.73856e-05     0.000174345
1410     5.24564e-05     0.000171877     0.000171873     0.000171879     0.000101268     2.86385e-05     0.000136764
1414     3.95724e-05     0.000130285     0.000130282     0.000130286     7.6603e-05     2.1121e-05     0.000103653
1418     5.88984e-05     0.000194806     0.000194802     0.000194809     0.000114193     3.03944e-05     0.000154929
1422     5.15361e-05     0.000171232     0.000171228     0.000171234     0.000100111     2.569e-05     0.00013617
1426     4.78549e-05     0.000159776     0.000159773     0.000159778     9.32654e-05     2.33251e-05     0.000127067
1430     4.32535e-05     0.000145116     0.000145113     0.000145118     8.46003e-05     2.06226e-05     0.000115435
1434     3.95724e-05     0.000133377     0.000133375     0.000133379     7.76701e-05     1.84996e-05     0.000106119
1438     4.41738e-05     0.000149592     0.000149589     0.000149594     8.6964e-05     2.01018e-05     0.000119027
1442     3.77318e-05     0.000128406     0.000128404     0.000128408     7.45761e-05     1.67278e-05     0.000102223
1446     3.77318e-05     0.000128976     0.000128974     0.000128978     7.46796e-05     1.6052e-05     0.00010263
1450     4.69347e-05     0.000161153     0.00016115     0.000161155     9.31373e-05     1.93553e-05     0.000128228
1454     4.23332e-05     0.000146092     0.000146089     0.000146094     8.43493e-05     1.69892e-05     0.000116291
1458     4.78549e-05     0.00016593     0.000165927     0.000165932     9.57312e-05     1.87554e-05     0.000132135
1462     3.31303e-05     0.000115436     0.000115434     0.000115438     6.63966e-05     1.22588e-05     9.19087e-05
1466     4.78549e-05     0.000167577     0.000167573     0.000167579     9.61904e-05     1.69424e-05     0.000133427
1470     4.14129e-05     0.000145649     0.000145646     0.000145651     8.3507e-05     1.41867e-05     0.000115997
1474     3.49709e-05     0.000123568     0.000123565     0.000123569     7.07774e-05     1.16319e-05     9.84345e-05
1478     2.85289e-05     0.000101308     0.000101306     0.000101309     5.7941e-05     9.09471e-06     8.07174e-05
1482     3.31303e-05     0.00011819     0.000118187     0.000118191     6.75122e-05     1.00508e-05     9.42111e-05
1486     3.58912e-05     0.000128657     0.000128655     0.000128659     7.34004e-05     1.04052e-05     0.000102587
1490     3.49709e-05     0.000125913     0.00012591     0.000125914     7.17456e-05     9.70021e-06     0.00010042
1494     3.03695e-05     0.00010987     0.000109868     0.000109871     6.24973e-05     7.97186e-06     8.76314e-05
1498     2.94492e-05     0.000106992     0.00010699     0.000106993     6.07006e-05     7.14504e-06     8.53202e-05
1502     5.06158e-05     0.00018491     0.000184907     0.000184913     0.000104951     1.18342e-05     0.000147603
1506     3.22101e-05     0.000118205     0.000118202     0.000118206     6.69935e-05     7.07125e-06     9.43718e-05
1510     3.03695e-05     0.000111945     0.000111943     0.000111946     6.33774e-05     6.26712e-06     8.94015e-05
1514     2.39275e-05     8.86311e-05     8.86294e-05     8.86322e-05     5.01098e-05     4.56465e-06     7.08023e-05
1518     2.94492e-05     0.000109579     0.000109577     0.00010958     6.1825e-05     5.08488e-06     8.75349e-05
1522     3.12898e-05     0.000117042     0.000117039     0.000117043     6.60529e-05     5.06675e-06     9.35855e-05
1526     3.58912e-05     0.000134774     0.000134771     0.000134775     7.5926e-05     5.20968e-06     0.00010777
1530     2.5768e-05     9.72371e-05     9.72352e-05     9.72384e-05     5.46675e-05     3.24584e-06     7.77582e-05
1534     2.5768e-05     9.77096e-05     9.77077e-05     9.77108e-05     5.48383e-05     2.76825e-06     7.81508e-05
1538     2.85289e-05     0.000108682     0.00010868     0.000108684     6.0956e-05     2.71585e-06     8.6964e-05
1542     3.31303e-05     0.000126799     0.000126797     0.000126801     7.10361e-05     2.53349e-06     0.000101514
1546     2.5768e-05     9.90474e-05     9.90454e-05     9.90486e-05     5.54057e-05     1.5361e-06     7.93102e-05
1550     2.02463e-05     7.82267e-05     7.82252e-05     7.82277e-05     4.37293e-05     8.99239e-07     6.26738e-05
1554     2.85289e-05     0.000110706     0.000110703     0.000110707     6.18592e-05     9.72379e-07     8.87309e-05
1558     1.19637e-05     4.66428e-05     4.66419e-05     4.66434e-05     2.60228e-05     1.82302e-07     3.73938e-05
1562     3.49709e-05     0.000136907     0.000136904     0.000136908     7.63546e-05     -3.30057e-08     0.000109843
1566     2.39275e-05     9.41225e-05     9.41206e-05     9.41237e-05     5.23821e-05     -5.32787e-07     7.55173e-05
1570     2.39275e-05     9.45714e-05     9.45696e-05     9.45726e-05     5.26037e-05     -8.55335e-07     7.59141e-05
1574     2.94492e-05     0.000116935     0.000116933     0.000116937     6.50423e-05     -1.36135e-06     9.39224e-05
1578     3.03695e-05     0.000121206     0.000121204     0.000121207     6.73088e-05     -2.05065e-06     9.73778e-05
1582     2.11666e-05     8.48403e-05     8.48387e-05     8.48414e-05     4.71005e-05     -1.78295e-06     6.82159e-05
1586     1.74855e-05     7.03789e-05     7.03775e-05     7.03798e-05     3.90333e-05     -1.73926e-06     5.66029e-05
1590     2.66883e-05     0.000107919     0.000107917     0.00010792     5.98141e-05     -3.08021e-06     8.68372e-05
1594     2.02463e-05     8.22936e-05     8.2292e-05     8.22946e-05     4.55578e-05     -2.80319e-06     6.62555e-05
1598     3.40506e-05     0.000138959     0.000138957     0.000138961     7.68298e-05     -5.25738e-06     0.00011189
1602     2.30072e-05     9.43249e-05     9.43231e-05     9.43261e-05     5.21554e-05     -3.92322e-06     7.60177e-05
1606     2.39275e-05     9.85388e-05     9.85368e-05     9.854e-05     5.44506e-05     -4.44474e-06     7.94474e-05
1610     3.03695e-05     0.000125628     0.000125625     0.000125629     6.94277e-05     -6.00428e-06     0.000101356
1614     2.30072e-05     9.56034e-05     9.56015e-05     9.56046e-05     5.28305e-05     -4.88591e-06     7.71851e-05
1618     1.9326e-05     8.06864e-05     8.06849e-05     8.06874e-05     4.44982e-05     -4.5778e-06     6.51478e-05
1622     1.47246e-05     6.171e-05     6.17088e-05     6.17108e-05     3.39619e-05     -3.91919e-06     4.98396e-05
1626     1.47246e-05     6.20305e-05     6.20293e-05     6.20312e-05     3.41498e-05     -4.08057e-06     5.01331e-05
1630     1.84057e-05     7.79212e-05     7.79197e-05     7.79222e-05     4.28962e-05     -5.42888e-06     6.30277e-05
1634     1.47246e-05     6.26142e-05     6.2613e-05     6.2615e-05     3.44333e-05     -4.63417e-06     5.06633e-05
1638     1.47246e-05     6.2915e-05     6.29138e-05     6.29158e-05     3.45442e-05     -4.95004e-06     5.09119e-05
1642     1.84057e-05     7.89315e-05     7.893e-05     7.89325e-05     4.33434e-05     -6.51598e-06     6.39299e-05
1646     1.2884e-05     5.54815e-05     5.54805e-05     5.54822e-05     3.04408e-05     -4.807e-06     4.4954e-05
1650     1.9326e-05     8.36268e-05     8.36252e-05     8.36279e-05     4.59039e-05     -7.52267e-06     6.78223e-05
1654     1.47246e-05     6.39858e-05     6.39845e-05     6.39866e-05     3.51237e-05     -5.8907e-06     5.19168e-05
1658     1.2884e-05     5.62186e-05     5.62175e-05     5.62193e-05     3.08118e-05     -5.48396e-06     4.56273e-05
1662     1.38043e-05     6.04958e-05     6.04947e-05     6.04966e-05     3.32236e-05     -5.98846e-06     4.91675e-05
1666     1.84057e-05     8.10895e-05     8.1088e-05     8.10906e-05     4.44543e-05     -8.50861e-06     6.59215e-05
1670     1.74855e-05     7.73046e-05     7.73031e-05     7.73055e-05     4.2347e-05     -8.38044e-06     6.28623e-05
1674     2.20869e-05     9.81028e-05     9.81009e-05     9.8104e-05     5.37061e-05     -1.10871e-05     7.98207e-05
1678     1.47246e-05     6.56749e-05     6.56737e-05     6.56758e-05     3.59523e-05     -7.62406e-06     5.34677e-05
1682     1.65652e-05     7.42046e-05     7.42031e-05     7.42055e-05     4.05869e-05     -9.02236e-06     6.04494e-05
1686     1.19637e-05     5.38232e-05     5.38222e-05     5.38239e-05     2.94322e-05     -6.70651e-06     4.38663e-05
1690     1.19637e-05     5.40268e-05     5.40258e-05     5.40275e-05     2.9536e-05     -6.89511e-06     4.40524e-05
1694     7.3623e-06     3.34085e-05     3.34079e-05     3.3409e-05     1.82589e-05     -4.40595e-06     2.72594e-05
1698     1.10434e-05     5.03659e-05     5.03649e-05     5.03665e-05     2.7539e-05     -6.80506e-06     4.1131e-05
1702     1.38043e-05     6.3201e-05     6.31998e-05     6.32018e-05     3.44946e-05     -8.97533e-06     5.16324e-05
1706     1.19637e-05     5.50075e-05     5.50065e-05     5.50082e-05     3.00203e-05     -8.00815e-06     4.49668e-05
1710     8.28259e-06     3.8228e-05     3.82272e-05     3.82284e-05     2.08634e-05     -5.66109e-06     3.12652e-05
1714     8.28259e-06     3.84151e-05     3.84144e-05     3.84156e-05     2.09726e-05     -5.82403e-06     3.14446e-05
1718     1.01232e-05     4.71427e-05     4.71417e-05     4.71432e-05     2.57591e-05     -7.2551e-06     3.86218e-05
1722     1.01232e-05     4.73476e-05     4.73467e-05     4.73482e-05     2.58817e-05     -7.47494e-06     3.88261e-05
1726     1.47246e-05     6.91773e-05     6.9176e-05     6.91782e-05     3.7779e-05     -1.12699e-05     5.67525e-05
1730     1.01232e-05     4.77483e-05     4.77474e-05     4.77489e-05     2.60741e-05     -7.94543e-06     3.91954e-05
1734     1.65652e-05     7.84584e-05     7.84569e-05     7.84594e-05     4.28469e-05     -1.32725e-05     6.4439e-05
1738     1.19637e-05     5.69058e-05     5.69047e-05     5.69065e-05     3.10699e-05     -9.86155e-06     4.67676e-05
1742     1.01232e-05     4.83806e-05     4.83797e-05     4.83812e-05     2.64788e-05     -8.44515e-06     3.9818e-05
1746     1.10434e-05     5.29708e-05     5.29698e-05     5.29715e-05     2.8922e-05     -9.63518e-06     4.36001e-05
1750     9.20287e-06     4.43018e-05     4.4301e-05     4.43024e-05     2.41857e-05     -8.14235e-06     3.64746e-05
1754     1.10434e-05     5.33966e-05     5.33956e-05     5.33973e-05     2.91883e-05     -9.95653e-06     4.40118e-05
1758     8.28259e-06     4.02153e-05     4.02145e-05     4.02158e-05     2.19709e-05     -7.68854e-06     3.31652e-05
1762     9.20287e-06     4.48723e-05     4.48715e-05     4.48729e-05     2.45146e-05     -8.79475e-06     3.70363e-05
1766     1.01232e-05     4.95934e-05     4.95924e-05     4.9594e-05     2.70498e-05     -1.00536e-05     4.09474e-05
1770     1.01232e-05     4.97861e-05     4.97851e-05     4.97867e-05     2.71667e-05     -1.02124e-05     4.11321e-05
1774     9.20287e-06     4.54116e-05     4.54107e-05     4.54121e-05     2.47914e-05     -9.40466e-06     3.75391e-05
1778     7.3623e-06     3.64939e-05     3.64932e-05     3.64943e-05     1.99184e-05     -7.73122e-06     3.01878e-05
1782     9.20287e-06     4.58176e-05     4.58167e-05     4.58182e-05     2.50646e-05     -9.77059e-06     3.79521e-05
1786     1.19637e-05     5.98043e-05     5.98031e-05     5.9805e-05     3.26464e-05     -1.3213e-05     4.95494e-05
1790     5.52172e-06     2.77194e-05     2.77188e-05     2.77197e-05     1.51463e-05     -6.16336e-06     2.29822e-05
1794     5.52172e-06     2.78422e-05     2.78417e-05     2.78426e-05     1.52398e-05     -6.2797e-06     2.31152e-05
1798     6.44201e-06     3.25895e-05     3.25889e-05     3.25899e-05     1.78436e-05     -7.38989e-06     2.70657e-05
1802     9.20287e-06     4.67434e-05     4.67425e-05     4.6744e-05     2.55473e-05     -1.09565e-05     3.88349e-05
1806     7.3623e-06     3.75502e-05     3.75494e-05     3.75506e-05     2.05392e-05     -8.9235e-06     3.12247e-05
1810     8.28259e-06     4.24177e-05     4.24169e-05     4.24182e-05     2.3198e-05     -1.02582e-05     3.52932e-05
1814     1.01232e-05     5.20567e-05     5.20557e-05     5.20573e-05     2.84655e-05     -1.27834e-05     4.33357e-05
1818     4.60144e-06     2.37575e-05     2.37571e-05     2.37578e-05     1.2991e-05     -5.9115e-06     1.97874e-05
1822     6.44201e-06     3.3371e-05     3.33704e-05     3.33714e-05     1.82523e-05     -8.45842e-06     2.78177e-05
1826     3.68115e-06     1.91583e-05     1.91579e-05     1.91585e-05     1.04919e-05     -4.89171e-06     1.59841e-05
1830     5.52172e-06     2.88612e-05     2.88606e-05     2.88615e-05     1.5816e-05     -7.47547e-06     2.41005e-05
1834     4.60144e-06     2.41409e-05     2.41404e-05     2.41412e-05     1.32327e-05     -6.30901e-06     2.01684e-05
1838     7.3623e-06     3.87601e-05     3.87593e-05     3.87605e-05     2.12581e-05     -1.02533e-05     3.24064e-05
1842     6.44201e-06     3.4035e-05     3.40343e-05     3.40354e-05     1.8651e-05     -9.2217e-06     2.84724e-05
1846     7.3623e-06     3.90402e-05     3.90394e-05     3.90406e-05     2.14316e-05     -1.05729e-05     3.26851e-05
1850     3.68115e-06     1.96298e-05     1.96294e-05     1.963e-05     1.07689e-05     -5.48797e-06     1.64509e-05
1854     4.60144e-06     2.46008e-05     2.46003e-05     2.46011e-05     1.35006e-05     -6.89067e-06     2.06216e-05
1858     4.60144e-06     2.46974e-05     2.46969e-05     2.46977e-05     1.35721e-05     -6.96954e-06     2.07214e-05
1862     6.44201e-06     3.4727e-05     3.47263e-05     3.47274e-05     1.91033e-05     -9.92535e-06     2.91652e-05
1866     3.68115e-06     1.99346e-05     1.99342e-05     1.99349e-05     1.09541e-05     -5.83675e-06     1.67505e-05
1870     6.44201e-06     3.49855e-05     3.49848e-05     3.49859e-05     1.92452e-05     -1.02881e-05     2.94168e-05
1874     5.52172e-06     3.01389e-05     3.01383e-05     3.01393e-05     1.66113e-05     -8.96811e-06     2.53764e-05
1878     4.60144e-06     2.51936e-05     2.51931e-05     2.51939e-05     1.38888e-05     -7.50936e-06     2.12162e-05
1882     8.28259e-06     4.54879e-05     4.5487e-05     4.54884e-05     2.5031e-05     -1.3936e-05     3.83198e-05
1886     3.68115e-06     2.03287e-05     2.03283e-05     2.0329e-05     1.11928e-05     -6.31775e-06     1.71399e-05
1890     5.52172e-06     3.05555e-05     3.05549e-05     3.05559e-05     1.68304e-05     -9.5304e-06     2.57711e-05
1894     6.44201e-06     3.57928e-05     3.57921e-05     3.57932e-05     1.97313e-05     -1.12443e-05     3.02086e-05
1898     3.68115e-06     2.0539e-05     2.05387e-05     2.05393e-05     1.13521e-05     -6.47408e-06     1.7357e-05
1902     9.20287e-07     5.15892e-06     5.15882e-06     5.15898e-06     2.84996e-06     -1.65803e-06     4.36235e-06
1906     5.52172e-06     3.10234e-05     3.10228e-05     3.10238e-05     1.71486e-05     -1.00508e-05     2.62492e-05
1910     1.84057e-06     1.03829e-05     1.03827e-05     1.03831e-05     5.74355e-06     -3.39776e-06     8.79173e-06
1914     7.3623e-06     4.1665e-05     4.16642e-05     4.16655e-05     2.30606e-05     -1.37373e-05     3.52996e-05
1918     9.20287e-06     5.2316e-05     5.2315e-05     5.23166e-05     2.89783e-05     -1.74272e-05     4.43585e-05
1922     8.28259e-06     4.72531e-05     4.72522e-05     4.72537e-05     2.61962e-05     -1.59302e-05     4.01012e-05
1926     2.76086e-06     1.58091e-05     1.58088e-05     1.58093e-05     8.78351e-06     -5.35728e-06     1.34319e-05
1930     4.60144e-06     2.64521e-05     2.64516e-05     2.64524e-05     1.46933e-05     -9.06057e-06     2.24829e-05
1934     3.68115e-06     2.1239e-05     2.12386e-05     2.12393e-05     1.17994e-05     -7.34441e-06     1.80608e-05
1938     2.76086e-06     1.5984e-05     1.59837e-05     1.59842e-05     8.88818e-06     -5.56743e-06     1.36018e-05
1942     1.84057e-06     1.07064e-05     1.07062e-05     1.07066e-05     5.95602e-06     -3.78016e-06     9.11783e-06
1946     5.52172e-06     3.22196e-05     3.2219e-05     3.222e-05     1.79547e-05     -1.14578e-05     2.74674e-05
1950     4.60144e-06     2.69269e-05     2.69264e-05     2.69272e-05     1.5001e-05     -9.64762e-06     2.29603e-05
1954     6.44201e-06     3.78583e-05     3.78576e-05     3.78588e-05     2.10877e-05     -1.37281e-05     3.22967e-05
1958     5.52172e-06     3.25745e-05     3.25738e-05     3.25749e-05     1.81737e-05     -1.18762e-05     2.78142e-05
1962     6.44201e-06     3.81323e-05     3.81315e-05     3.81327e-05     2.13102e-05     -1.40007e-05     3.25928e-05
1966     2.76086e-06     1.63972e-05     1.63969e-05     1.63974e-05     9.15927e-06     -6.06395e-06     1.4017e-05
1970     2.76086e-06     1.64605e-05     1.64602e-05     1.64607e-05     9.19811e-06     -6.19731e-06     1.40846e-05
1974     1.84057e-06     1.10104e-05     1.10102e-05     1.10105e-05     6.15666e-06     -4.153e-06     9.42453e-06
1978     9.20287e-07     5.52625e-06     5.52614e-06     5.52632e-06     3.09145e-06     -2.1108e-06     4.7338e-06
1982     4.60144e-06     2.77456e-05     2.77451e-05     2.7746e-05     1.55543e-05     -1.06475e-05     2.37926e-05
1986     9.20287e-07     5.57243e-06     5.57232e-06     5.5725e-06     3.12482e-06     -2.16649e-06     4.78187e-06
1990     4.60144e-06     2.7925e-05     2.79245e-05     2.79253e-05     1.56643e-05     -1.08723e-05     2.39679e-05
1994     9.20287e-07     5.60565e-06     5.60555e-06     5.60572e-06     3.1484e-06     -2.19485e-06     4.81498e-06
1998     9.20287e-07     5.6263e-06     5.62619e-06     5.62637e-06     3.15054e-06     -2.23302e-06     4.82982e-06
2002     2.76086e-06     1.69248e-05     1.69245e-05     1.6925e-05     1.72118e-05     1.79251e-05     1.68951e-05
2006     2.76086e-06     1.69996e-05     1.69993e-05     1.69998e-05     1.72878e-05     1.80043e-05     1.69698e-05
2010     1.84057e-06     1.13775e-05     1.13773e-05     1.13777e-05     1.15704e-05     1.205e-05     1.13576e-05
2014     9.20287e-07     5.71339e-06     5.71328e-06     5.71346e-06     5.81026e-06     6.05107e-06     5.70337e-06
2018     3.68115e-06     2.2909e-05     2.29086e-05     2.29093e-05     2.32974e-05     2.4263e-05     2.28688e-05
2022     1.84057e-06     1.14939e-05     1.14937e-05     1.14941e-05     1.16888e-05     1.21733e-05     1.14738e-05
2026     5.52172e-06     3.45903e-05     3.45897e-05     3.45907e-05     3.51768e-05     3.66347e-05     3.45297e-05
2030     2.76086e-06     1.73468e-05     1.73465e-05     1.7347e-05     1.76409e-05     1.83721e-05     1.73164e-05
2034     2.76086e-06     1.7413e-05     1.74126e-05     1.74132e-05     1.77082e-05     1.84421e-05     1.73824e-05
2038     3.68115e-06     2.33077e-05     2.33072e-05     2.3308e-05     2.37028e-05     2.46852e-05     2.32668e-05
2042     3.68115e-06     2.33898e-05     2.33894e-05     2.33901e-05     2.37864e-05     2.47722e-05     2.33488e-05
2046     5.52172e-06     3.52108e-05     3.52102e-05     3.52113e-05     3.58078e-05     3.72919e-05     3.51491e-05
2050     1.84057e-06     1.17783e-05     1.1778e-05     1.17784e-05     1.1978e-05     1.24744e-05     1.17576e-05
2054     1.84057e-06     1.18084e-05     1.18082e-05     1.18086e-05     1.20086e-05     1.25063e-05     1.17877e-05
2058     5.52172e-06     3.55442e-05     3.55435e-05     3.55446e-05     3.61468e-05     3.7645e-05     3.54819e-05
2062     3.68115e-06     2.37905e-05     2.379e-05     2.37907e-05     2.41938e-05     2.51966e-05     2.37487e-05
2066     2.76086e-06     1.78843e-05     1.7884e-05     1.78845e-05     1.81875e-05     1.89414e-05     1.7853e-05
2070     2.76086e-06     1.79662e-05     1.79658e-05     1.79664e-05     1.82708e-05     1.9028e-05     1.79346e-05
2074     4.60144e-06     3.0028e-05     3.00274e-05     3.00283e-05     3.05371e-05     3.18027e-05     2.99753e-05
2078     9.20287e-07     6.02983e-06     6.02971e-06     6.0299e-06     6.13206e-06     6.38621e-06     6.01925e-06
2082     1.84057e-06     1.21145e-05     1.21143e-05     1.21147e-05     1.23199e-05     1.28306e-05     1.20933e-05
2086     1.84057e-06     1.21236e-05     1.21233e-05     1.21237e-05     1.23291e-05     1.28401e-05     1.21023e-05
2090     9.20287e-07     6.08687e-06     6.08675e-06     6.08694e-06     6.19007e-06     6.44662e-06     6.07619e-06
2094     2.76086e-06     1.83092e-05     1.83089e-05     1.83094e-05     1.86196e-05     1.93913e-05     1.82771e-05
2098     9.20287e-07     6.12251e-06     6.12239e-06     6.12258e-06     6.22631e-06     6.48437e-06     6.11177e-06
2102     5.52172e-06     3.68854e-05     3.68847e-05     3.68858e-05     3.75107e-05     3.90654e-05     3.68207e-05
2106     9.20287e-07     6.16686e-06     6.16675e-06     6.16694e-06     6.27142e-06     6.53135e-06     6.15605e-06
2110     0     0     0     0     0     0     0
2114     1.84057e-06     1.24172e-05     1.2417e-05     1.24174e-05     1.26277e-05     1.31511e-05     1.23954e-05
2118     1.84057e-06     1.246e-05     1.24598e-05     1.24602e-05     1.26713e-05     1.31964e-05     1.24382e-05
2122     9.20287e-07     6.25358e-06     6.25346e-06     6.25366e-06     6.35961e-06     6.62319e-06     6.24261e-06
2126     4.60144e-06     3.13559e-05     3.13553e-05     3.13562e-05     3.18875e-05     3.32091e-05     3.13009e-05
2130     4.60144e-06     3.14677e-05     3.14671e-05     3.14681e-05     3.20012e-05     3.33275e-05     3.14125e-05
2134     9.20287e-07     6.31051e-06     6.31039e-06     6.31059e-06     6.4175e-06     6.68349e-06     6.29945e-06
2138     1.84057e-06     1.26629e-05     1.26626e-05     1.2663e-05     1.28775e-05     1.34113e-05     1.26406e-05
2142     1.84057e-06     1.27088e-05     1.27086e-05     1.2709e-05     1.29243e-05     1.346e-05     1.26865e-05
2146     2.76086e-06     1.91154e-05     1.9115e-05     1.91156e-05     1.94395e-05     2.02452e-05     1.90819e-05
2150     2.76086e-06     1.91875e-05     1.91871e-05     1.91877e-05     1.95128e-05     2.03215e-05     1.91538e-05
2154     1.84057e-06     1.28369e-05     1.28366e-05     1.2837e-05     1.30545e-05     1.35956e-05     1.28144e-05
2158     1.84057e-06     1.28751e-05     1.28749e-05     1.28753e-05     1.30934e-05     1.36361e-05     1.28525e-05
2162     9.20287e-07     6.45674e-06     6.45662e-06     6.45682e-06     6.56621e-06     6.83836e-06     6.44542e-06
2166     9.20287e-07     6.48416e-06     6.48404e-06     6.48424e-06     6.5941e-06     6.8674e-06     6.47279e-06
2170     9.20287e-07     6.50384e-06     6.50371e-06     6.50392e-06     6.61411e-06     6.88824e-06     6.49243e-06
2174     1.84057e-06     1.30391e-05     1.30388e-05     1.30392e-05     1.32601e-05     1.38097e-05     1.30162e-05
2178     9.20287e-07     6.53341e-06     6.53328e-06     6.53348e-06     6.64418e-06     6.91955e-06     6.52195e-06
2182     9.20287e-07     6.56131e-06     6.56118e-06     6.56139e-06     6.67255e-06     6.9491e-06     6.5498e-06
2186     1.84057e-06     1.31775e-05     1.31773e-05     1.31777e-05     1.34009e-05     1.39563e-05     1.31544e-05
2190     2.76086e-06     1.98227e-05     1.98224e-05     1.9823e-05     2.01588e-05     2.09943e-05     1.9788e-05
2194     9.20287e-07     6.61582e-06     6.6157e-06     6.6159e-06     6.72799e-06     7.00684e-06     6.60422e-06
2198     1.84057e-06     1.32825e-05     1.32822e-05     1.32827e-05     1.35077e-05     1.40675e-05     1.32592e-05
2202     2.76086e-06     1.99799e-05     1.99795e-05     1.99801e-05     2.03186e-05     2.11608e-05     1.99448e-05
2206     9.20287e-07     6.68399e-06     6.68386e-06     6.68407e-06     6.79731e-06     7.07904e-06     6.67227e-06
2210     1.84057e-06     1.34172e-05     1.3417e-05     1.34174e-05     1.36447e-05     1.42102e-05     1.33937e-05
2214     1.84057e-06     1.3463e-05     1.34628e-05     1.34632e-05     1.36913e-05     1.42587e-05     1.34394e-05
2218     0     0     0     0     0     0     0
2222     0     0     0     0     0     0     0
2226     1.84057e-06     1.35832e-05     1.3583e-05     1.35834e-05     1.38135e-05     1.43861e-05     1.35594e-05
2230     0     0     0     0     0     0     0
2234     0     0     0     0     0     0     0
2238     1.84057e-06     1.37024e-05     1.37021e-05     1.37025e-05     1.39347e-05     1.45122e-05     1.36783e-05
2242     9.20287e-07     6.87334e-06     6.87321e-06     6.87342e-06     6.98987e-06     7.27957e-06     6.86128e-06
2246     4.60144e-06     3.44552e-05     3.44545e-05     3.44556e-05     3.50393e-05     3.64916e-05     3.43947e-05
2250     9.20287e-07     6.91548e-06     6.91535e-06     6.91557e-06     7.03273e-06     7.32421e-06     6.90336e-06
2254     0     0     0     0     0     0     0
2258     0     0     0     0     0     0     0
2262     1.84057e-06     1.39505e-05     1.39503e-05     1.39507e-05     1.41871e-05     1.47751e-05     1.39261e-05
2266     9.20287e-07     7.00505e-06     7.00492e-06     7.00513e-06     7.12382e-06     7.41907e-06     6.99277e-06
2270     1.84057e-06     1.40402e-05     1.40399e-05     1.40403e-05     1.42782e-05     1.487e-05     1.40155e-05
2274     1.84057e-06     1.40824e-05     1.40821e-05     1.40825e-05     1.43211e-05     1.49147e-05     1.40577e-05
2278     1.84057e-06     1.41061e-05     1.41059e-05     1.41063e-05     1.43453e-05     1.49398e-05     1.40814e-05
2282     9.20287e-07     7.09091e-06     7.09077e-06     7.09099e-06     7.21113e-06     7.51e-06     7.07847e-06
2286     0     0     0     0     0     0     0
2290     9.20287e-07     7.12827e-06     7.12814e-06     7.12836e-06     7.24913e-06     7.54958e-06     7.11577e-06
2294     1.84057e-06     1.42844e-05     1.42842e-05     1.42846e-05     1.45266e-05     1.51287e-05     1.42594e-05
2298     0     0     0     0     0     0     0
2302     9.20287e-07     7.18381e-06     7.18367e-06     7.18389e-06     7.3056e-06     7.60839e-06     7.17121e-06
2306     0     0     0     0     0     0     0
2310     1.84057e-06     1.44756e-05     1.44753e-05     1.44757e-05     1.4721e-05     1.53311e-05     1.44502e-05
2314     1.84057e-06     1.45156e-05     1.45153e-05     1.45158e-05     1.47617e-05     1.53735e-05     1.44902e-05
2318     9.20287e-07     7.27859e-06     7.27845e-06     7.27867e-06     7.40199e-06     7.70878e-06     7.26582e-06
2322     9.20287e-07     7.2952e-06     7.29506e-06     7.29529e-06     7.41888e-06     7.72637e-06     7.2824e-06
2326     3.68115e-06     2.92631e-05     2.92625e-05     2.92635e-05     2.97592e-05     3.09927e-05     2.92118e-05
2330     9.20287e-07     7.32891e-06     7.32877e-06     7.32899e-06     7.45316e-06     7.76207e-06     7.31605e-06
2334     9.20287e-07     7.35756e-06     7.35742e-06     7.35765e-06     7.4823e-06     7.79242e-06     7.34466e-06
2338     1.84057e-06     1.47553e-05     1.4755e-05     1.47555e-05     1.50054e-05     1.56274e-05     1.47294e-05
2342     9.20287e-07     7.39659e-06     7.39645e-06     7.39668e-06     7.522e-06     7.83376e-06     7.38362e-06
2346     9.20287e-07     7.42546e-06     7.42532e-06     7.42555e-06     7.55136e-06     7.86433e-06     7.41244e-06
2350     9.20287e-07     7.43465e-06     7.43451e-06     7.43474e-06     7.5607e-06     7.87407e-06     7.42162e-06
2354     0     0     0     0     0     0     0
2358     1.84057e-06     1.49635e-05     1.49632e-05     1.49637e-05     1.52172e-05     1.58479e-05     1.49373e-05
2362     9.20287e-07     7.5111e-06     7.51096e-06     7.51119e-06     7.63845e-06     7.95504e-06     7.49793e-06
2366     1.84057e-06     1.50611e-05     1.50608e-05     1.50613e-05     1.53164e-05     1.59512e-05     1.50347e-05
2370     9.20287e-07     7.54863e-06     7.54848e-06     7.54872e-06     7.67661e-06     7.99478e-06     7.53539e-06
2374     9.20287e-07     7.57433e-06     7.57418e-06     7.57442e-06     7.70274e-06     8.02199e-06     7.56104e-06
2378     2.76086e-06     2.27782e-05     2.27778e-05     2.27785e-05     2.31644e-05     2.41245e-05     2.27383e-05
2382     9.20287e-07     7.61104e-06     7.6109e-06     7.61114e-06     7.74008e-06     8.06088e-06     7.5977e-06
2386     9.20287e-07     7.64013e-06     7.63998e-06     7.64022e-06     7.76966e-06     8.09169e-06     7.62673e-06
2390     9.20287e-07     7.64572e-06     7.64558e-06     7.64581e-06     7.77535e-06     8.09761e-06     7.63231e-06
2394     9.20287e-07     7.67583e-06     7.67568e-06     7.67592e-06     7.80596e-06     8.12949e-06     7.66236e-06
2398     9.20287e-07     7.6962e-06     7.69606e-06     7.69629e-06     7.82669e-06     8.15107e-06     7.6827e-06
2402     0     0     0     0     0     0     0
2406     1.84057e-06     1.54721e-05     1.54718e-05     1.54723e-05     1.57344e-05     1.63866e-05     1.5445e-05
2410     0     0     0     0     0     0     0
2414     9.20287e-07     7.77276e-06     7.77261e-06     7.77285e-06     7.90454e-06     8.23215e-06     7.75912e-06
2418     1.84057e-06     1.55976e-05     1.55973e-05     1.55978e-05     1.58621e-05     1.65195e-05     1.55703e-05
2422     0     0     0     0     0     0     0
2426     0     0     0     0     0     0     0
2430     9.20287e-07     7.86308e-06     7.86293e-06     7.86317e-06     7.99639e-06     8.32781e-06     7.84929e-06
2434     9.20287e-07     7.88141e-06     7.88126e-06     7.8815e-06     8.01503e-06     8.34723e-06     7.86759e-06
2438     0     0     0     0     0     0     0
2442     9.20287e-07     7.93318e-06     7.93303e-06     7.93327e-06     8.06768e-06     8.40206e-06     7.91927e-06
2446     9.20287e-07     7.94818e-06     7.94803e-06     7.94827e-06     8.08294e-06     8.41794e-06     7.93424e-06
2450     0     0     0     0     0     0     0
2454     0     0     0     0     0     0     0
2458     0     0     0     0     0     0     0
2462     0     0     0     0     0     0     0
2466     1.84057e-06     1.61123e-05     1.6112e-05     1.61125e-05     1.63855e-05     1.70646e-05     1.60841e-05
2470     9.20287e-07     8.08677e-06     8.08662e-06     8.08687e-06     8.22388e-06     8.56473e-06     8.07259e-06
2474     0     0     0     0     0     0     0
2478     0     0     0     0     0     0     0
2482     9.20287e-07     8.14822e-06     8.14807e-06     8.14832e-06     8.28637e-06     8.62981e-06     8.13393e-06
2486     0     0     0     0     0     0     0
2490     0     0     0     0     0     0     0
2494     0     0     0     0     0     0     0
2498     0     0     0     0     0     0     0
2502     0     0     0     0     0     0     0
2506     9.20287e-07     8.26822e-06     8.26806e-06     8.26832e-06     8.4084e-06     8.7569e-06     8.25372e-06
2510     0     0     0     0     0     0     0
2514     0     0     0     0     0     0     0
2518     0     0     0     0     0     0     0
2522     9.20287e-07     8.35918e-06     8.35902e-06     8.35928e-06     8.50091e-06     8.85324e-06     8.34452e-06
2526     0     0     0     0     0     0     0
2530     0     0     0     0     0     0     0
2534     0     0     0     0     0     0     0
2538     9.20287e-07     8.4395e-06     8.43934e-06     8.4396e-06     8.58259e-06     8.9383e-06     8.4247e-06
2542     9.20287e-07     8.47106e-06     8.4709e-06     8.47116e-06     8.61468e-06     8.97173e-06     8.4562e-06
2546     0     0     0     0     0     0     0
2550     0     0     0     0     0     0     0
2554     9.20287e-07     8.52885e-06     8.52869e-06     8.52895e-06     8.67345e-06     9.03294e-06     8.51389e-06
2558     0     0     0     0     0     0     0
2562     0     0     0     0     0     0     0
2566     1.84057e-06     1.72041e-05     1.72038e-05     1.72044e-05     1.74958e-05     1.8221e-05     1.7174e-05
2570     0     0     0     0     0     0     0
2574     9.20287e-07     8.65293e-06     8.65277e-06     8.65303e-06     8.79964e-06     9.16435e-06     8.63776e-06
2578     9.20287e-07     8.65562e-06     8.65546e-06     8.65572e-06     8.80237e-06     9.1672e-06     8.64044e-06
2582     0     0     0     0     0     0     0
2586     0     0     0     0     0     0     0
2590     0     0     0     0     0     0     0
2594     0     0     0     0     0     0     0
2598     9.20287e-07     8.78352e-06     8.78335e-06     8.78362e-06     8.93244e-06     9.30265e-06     8.76811e-06
2602     0     0     0     0     0     0     0
2606     0     0     0     0     0     0     0
2610     9.20287e-07     8.83803e-06     8.83786e-06     8.83814e-06     8.98787e-06     9.36039e-06     8.82253e-06
2614     9.20287e-07     8.86271e-06     8.86254e-06     8.86281e-06     9.01297e-06     9.38652e-06     8.84716e-06
2618     9.20287e-07     8.87335e-06     8.87318e-06     8.87346e-06     9.02379e-06     9.3978e-06     8.85779e-06
2622     0     0     0     0     0     0     0
2626     0     0     0     0     0     0     0
2630     0     0     0     0     0     0     0
2634     0     0     0     0     0     0     0
2638     0     0     0     0     0     0     0
2642     0     0     0     0     0     0     0
2646     0     0     0     0     0     0     0
2650     0     0     0     0     0     0     0
2654     9.20287e-07     9.07501e-06     9.07484e-06     9.07512e-06     9.22887e-06     9.61137e-06     9.05909e-06
2658     9.20287e-07     9.10097e-06     9.1008e-06     9.10108e-06     9.25528e-06     9.63887e-06     9.08501e-06
2662     0     0     0     0     0     0     0
2666     0     0     0     0     0     0     0
2670     0     0     0     0     0     0     0
2674     0     0     0     0     0     0     0
2678     9.20287e-07     9.21097e-06     9.21079e-06     9.21108e-06     9.36714e-06     9.75537e-06     9.19482e-06
2682     9.20287e-07     9.22479e-06     9.22461e-06     9.2249e-06     9.38119e-06     9.77e-06     9.20861e-06
2686     0     0     0     0     0     0     0
2690     0     0     0     0     0     0     0
2694     9.20287e-07     9.30263e-06     9.30246e-06     9.30274e-06     9.46035e-06     9.85245e-06     9.28632e-06
2698     9.20287e-07     9.31016e-06     9.30998e-06     9.31027e-06     9.46801e-06     9.86042e-06     9.29383e-06
2702     9.20287e-07     9.34892e-06     9.34874e-06     9.34903e-06     9.50742e-06     9.90147e-06     9.33252e-06
2706     9.20287e-07     9.36951e-06     9.36933e-06     9.36962e-06     9.52836e-06     9.92328e-06     9.35308e-06
2710     0     0     0     0     0     0     0
2714     0     0     0     0     0     0     0
2718     0     0     0     0     0     0     0
2722     0     0     0     0     0     0     0
2726     9.20287e-07     9.47838e-06     9.4782e-06     9.47849e-06     9.63908e-06     1.00386e-05     9.46175e-06
2730     0     0     0     0     0     0     0
2734     0     0     0     0     0     0     0
2738     9.20287e-07     9.53784e-06     9.53766e-06     9.53795e-06     9.69954e-06     1.01016e-05     9.52111e-06
2742     0     0     0     0     0     0     0
2746     0     0     0     0     0     0     0
2750     9.20287e-07     9.60815e-06     9.60797e-06     9.60827e-06     9.77106e-06     1.0176e-05     9.5913e-06
2754     0     0     0     0     0     0     0
2758     0     0     0     0     0     0     0
2762     0     0     0     0     0     0     0
2766     0     0     0     0     0     0     0
2770     9.20287e-07     9.70638e-06     9.70619e-06     9.70649e-06     9.87094e-06     1.02801e-05     9.68935e-06
2774     9.20287e-07     9.73213e-06     9.73194e-06     9.73225e-06     9.89713e-06     1.03073e-05     9.71506e-06
2778     0     0     0     0     0     0     0
2782     0     0     0     0     0     0     0
2786     0     0     0     0     0     0     0
2790     0     0     0     0     0     0     0
2794     0     0     0     0     0     0     0
2798     0     0     0     0     0     0     0
2802     0     0     0     0     0     0     0
2806     0     0     0     0     0     0     0
2810     0     0     0     0     0     0     0
2814     9.20287e-07     9.96083e-06     9.96064e-06     9.96095e-06     1.01297e-05     1.05495e-05     9.94336e-06
2818     0     0     0     0     0     0     0
2822     0     0     0     0     0     0     0
2826     0     0     0     0     0     0     0
2830     0     0     0     0     0     0     0
2834     0     0     0     0     0     0     0
2838     9.20287e-07     1.00923e-05     1.00921e-05     1.00924e-05     1.02634e-05     1.06888e-05     1.00746e-05
2842     0     0     0     0     0     0     0
2846     0     0     0     0     0     0     0
2850     0     0     0     0     0     0     0
2854     0     0     0     0     0     0     0
2858     0     0     0     0     0     0     0
2862     9.20287e-07     1.02321e-05     1.02319e-05     1.02322e-05     1.04055e-05     1.08368e-05     1.02141e-05
2866     0     0     0     0     0     0     0
2870     0     0     0     0     0     0     0
2874     9.20287e-07     1.02832e-05     1.0283e-05     1.02833e-05     1.04575e-05     1.08909e-05     1.02651e-05
2878     0     0     0     0     0     0     0
2882     9.20287e-07     1.03439e-05     1.03437e-05     1.03441e-05     1.05193e-05     1.09553e-05     1.03258e-05
2886     0     0     0     0     0     0     0
2890     0     0     0     0     0     0     0
2894     0     0     0     0     0     0     0
2898     0     0     0     0     0     0     0
2902     0     0     0     0     0     0     0
2906     0     0     0     0     0     0     0
2910     9.20287e-07     1.0486e-05     1.04858e-05     1.04861e-05     1.06638e-05     1.11058e-05     1.04676e-05
2914     0     0     0     0     0     0     0
2918     0     0     0     0     0     0     0
2922     9.20287e-07     1.05616e-05     1.05614e-05     1.05617e-05     1.07406e-05     1.11858e-05     1.0543e-05
2926     0     0     0     0     0     0     0
2930     0     0     0     0     0     0     0
2934     0     0     0     0     0     0     0
2938     0     0     0     0     0     0     0
2942     9.20287e-07     1.06627e-05     1.06625e-05     1.06628e-05     1.08435e-05     1.12929e-05     1.0644e-05
2946     0     0     0     0     0     0     0
2950     9.20287e-07     1.07095e-05     1.07093e-05     1.07096e-05     1.08911e-05     1.13425e-05     1.06907e-05
2954     9.20287e-07     1.07354e-05     1.07352e-05     1.07355e-05     1.09174e-05     1.13699e-05     1.07165e-05
2958     0     0     0     0     0     0     0
2962     0     0     0     0     0     0     0
2966     0     0     0     0     0     0     0
2970     0     0     0     0     0     0     0
2974     0     0     0     0     0     0     0
2978     0     0     0     0     0     0     0
2982     0     0     0     0     0     0     0
2986     0     0     0     0     0     0     0
2990     0     0     0     0     0     0     0
2994     0     0     0     0     0     0     0
2998     0     0     0     0     0     0     0
3002     9.20287e-07     1.10195e-05     1.10193e-05     1.10196e-05     1.12063e-05     1.16708e-05     1.10002e-05
3006     0     0     0     0     0     0     0
3010     0     0     0     0     0     0     0
3014     0     0     0     0     0     0     0
3018     0     0     0     0     0     0     0
3022     0     0     0     0     0     0     0
3026     0     0     0     0     0     0     0
3030     0     0     0     0     0     0     0
3034     0     0     0     0     0     0     0
3038     0     0     0     0     0     0     0
3042     0     0     0     0     0     0     0
3046     0     0     0     0     0     0     0
3050     0     0     0     0     0     0     0
3054     0     0     0     0     0     0     0
3058     0     0     0     0     0     0     0
3062     0     0     0     0     0     0     0
3066     0     0     0     0     0     0     0
3070     0     0     0     0     0     0     0
3074     0     0     0     0     0     0     0
3078     0     0     0     0     0     0     0
3082     0     0     0     0     0     0     0
3086     0     0     0     0     0     0     0
3090     9.20287e-07     1.14979e-05     1.14976e-05     1.1498e-05     1.16928e-05     1.21774e-05     1.14777e-05
3094     0     0     0     0     0     0     0
3098     0     0     0     0     0     0     0
3102     0     0     0     0     0     0     0
3106     0     0     0     0     0     0     0
3110     0     0     0     0     0     0     0
3114     0     0     0     0     0     0     0
3118     0     0     0     0     0     0     0
3122     0     0     0     0     0     0     0
3126     0     0     0     0     0     0     0
3130     0     0     0     0     0     0     0
3134     0     0     0     0     0     0     0
3138     0     0     0     0     0     0     0
3142     0     0     0     0     0     0     0
3146     0     0     0     0     0     0     0
3150     0     0     0     0     0     0     0
3154     0     0     0     0     0     0     0
3158     0     0     0     0     0     0     0
3162     0     0     0     0     0     0     0
3166     0     0     0     0     0     0     0
3170     0     0     0     0     0     0     0
3174     0     0     0     0     0     0     0
3178     0     0     0     0     0     0     0
3182     9.20287e-07     1.203e-05     1.20298e-05     1.20302e-05     1.2234e-05     1.2741e-05     1.20089e-05
3186     0     0     0     0     0     0     0
3190     0     0     0     0     0     0     0
3194     0     0     0     0     0     0     0
3198     0     0     0     0     0     0     0
3202     0     0     0     0     0     0     0
3206     0     0     0     0     0     0     0
3210     0     0     0     0     0     0     0
3214     0     0     0     0     0     0     0
3218     0     0     0     0     0     0     0
3222     0     0     0     0     0     0     0
3226     0     0     0     0     0     0     0
3230     0     0     0     0     0     0     0
3234     0     0     0     0     0     0     0
3238     0     0     0     0     0     0     0
3242     0     0     0     0     0     0     0
3246     0     0     0     0     0     0     0
3250     0     0     0     0     0     0     0
3254     0     0     0     0     0     0     0
3258     0     0     0     0     0     0     0
3262     0     0     0     0     0     0     0
3266     0     0     0     0     0     0     0
3270     0     0     0     0     0     0     0
3274     0     0     0     0     0     0     0
3278     0     0     0     0     0     0     0
3282     0     0     0     0     0     0     0
3286     0     0     0     0     0     0     0
3290     0     0     0     0     0     0     0
3294     0     0     0     0     0     0     0
3298     0     0     0     0     0     0     0
3302     0     0     0     0     0     0     0
3306     0     0     0     0     0     0     0
3310     0     0     0     0     0     0     0
3314     0     0     0     0     0     0     0
3318     0     0     0     0     0     0     0
3322     0     0     0     0     0     0     0
3326     0     0     0     0     0     0     0
3330     0     0     0     0     0     0     0
3334     0     0     0     0     0     0     0
3338     0     0     0     0     0     0     0
3342     0     0     0     0     0     0     0
3346     0     0     0     0     0     0     0
3350     0     0     0     0     0     0     0
3354     0     0     0     0     0     0     0
3358     0     0     0     0     0     0     0
3362     0     0     0     0     0     0     0
3366     0     0     0     0     0     0     0
3370     9.20287e-07     1.30886e-05     1.30884e-05     1.30888e-05     1.33105e-05     1.38622e-05     1.30657e-05
3374     0     0     0     0     0     0     0
3378     0     0     0     0     0     0     0
3382     0     0     0     0     0     0     0
3386     0     0     0     0     0     0     0
3390     0     0     0     0     0     0     0
3394     0     0     0     0     0     0     0
3398     0     0     0     0     0     0     0
3402     0     0     0     0     0     0     0
3406     0     0     0     0     0     0     0
3410     0     0     0     0     0     0     0
3414     0     0     0     0     0     0     0
3418     0     0     0     0     0     0     0
3422     0     0     0     0     0     0     0
3426     0     0     0     0     0     0     0
3430     0     0     0     0     0     0     0
3434     0     0     0     0     0     0     0
3438     0     0     0     0     0     0     0
3442     0     0     0     0     0     0     0
3446     0     0     0     0     0     0     0
3450     0     0     0     0     0     0     0
3454     0     0     0     0     0     0     0
3458     0     0     0     0     0     0     0
3462     0     0     0     0     0     0     0
3466     0     0     0     0     0     0     0
3470     0     0     0     0     0     0     0
3474     0     0     0     0     0     0     0
3478     0     0     0     0     0     0     0
3482     0     0     0     0     0     0     0
3486     0     0     0     0     0     0     0
3490     0     0     0     0     0     0     0
3494     0     0     0     0     0     0     0
3498     0     0     0     0     0     0     0
3502     0     0     0     0     0     0     0
3506     0     0     0     0     0     0     0
3510     0     0     0     0     0     0     0
3514     0     0     0     0     0     0     0
3518     0     0     0     0     0     0     0
3522     0     0     0     0     0     0     0
3526     0     0     0     0     0     0     0
3530     0     0     0     0     0     0     0
3534     0     0     0     0     0     0     0
3538     0     0     0     0     0     0     0
3542     0     0     0     0     0     0     0
3546     0     0     0     0     0     0     0
3550     0     0     0     0     0     0     0
3554     0     0     0     0     0     0     0
3558     0     0     0     0     0     0     0
3562     0     0     0     0     0     0     0
3566     0     0     0     0     0     0     0
3570     0     0     0     0     0     0     0
3574     9.20287e-07     1.42576e-05     1.42573e-05     1.42578e-05     1.44993e-05     1.51003e-05     1.42326e-05
3578     0     0     0     0     0     0     0
3582     0     0     0     0     0     0     0
3586     0     0     0     0     0     0     0
3590     0     0     0     0     0     0     0
3594     0     0     0     0     0     0     0
3598     0     0     0     0     0     0     0
3602     0     0     0     0     0     0     0
3606     0     0     0     0     0     0     0
3610     0     0     0     0     0     0     0
3614     0     0     0     0     0     0     0
3618     0     0     0     0     0     0     0
3622     0     0     0     0     0     0     0
3626     0     0     0     0     0     0     0
3630     0     0     0     0     0     0     0
3634     0     0     0     0     0     0     0
3638     9.20287e-07     1.46307e-05     1.46304e-05     1.46308e-05     1.48787e-05     1.54954e-05     1.4605e-05
3642     0     0     0     0     0     0     0
3646     0     0     0     0     0     0     0
3650     0     0     0     0     0     0     0
3654     0     0     0     0     0     0     0
3658     0     0     0     0     0     0     0
3662     0     0     0     0     0     0     0
3666     0     0     0     0     0     0     0
3670     0     0     0     0     0     0     0
3674     0     0     0     0     0     0     0
3678     0     0     0     0     0     0     0
3682     0     0     0     0     0     0     0
3686     0     0     0     0     0     0     0
3690     0     0     0     0     0     0     0
3694     0     0     0     0     0     0     0
3698     0     0     0     0     0     0     0
3702     0     0     0     0     0     0     0
3706     0     0     0     0     0     0     0
3710     0     0     0     0     0     0     0
3714     0     0     0     0     0     0     0
3718     0     0     0     0     0     0     0
3722     0     0     0     0     0     0     0
3726     0     0     0     0     0     0     0
3730     0     0     0     0     0     0     0
3734     0     0     0     0     0     0     0
3738     0     0     0     0     0     0     0
3742     0     0     0     0     0     0     0
3746     0     0     0     0     0     0     0
3750     0     0     0     0     0     0     0
3754     0     0     0     0     0     0     0
3758     0     0     0     0     0     0     0
3762     0     0     0     0     0     0     0
3766     0     0     0     0     0     0     0
3770     0     0     0     0     0     0     0
3774     9.20287e-07     1.54108e-05     1.54106e-05     1.5411e-05     1.56721e-05     1.63217e-05     1.53838e-05
3778     0     0     0     0     0     0     0
3782     0     0     0     0     0     0     0
3786     0     0     0     0     0     0     0
3790     0     0     0     0     0     0     0
3794     0     0     0     0     0     0     0
3798     0     0     0     0     0     0     0
3802     0     0     0     0     0     0     0
3806     0     0     0     0     0     0     0
3810     0     0     0     0     0     0     0
3814     0     0     0     0     0     0     0
3818     0     0     0     0     0     0     0
3822     0     0     0     0     0     0     0
3826     0     0     0     0     0     0     0
3830     0     0     0     0     0     0     0
3834     0     0     0     0     0     0     0
3838     0     0     0     0     0     0     0
3842     0     0     0     0     0     0     0
3846     0     0     0     0     0     0     0
3850     0     0     0     0     0     0     0
3854     0     0     0     0     0     0     0
3858     0     0     0     0     0     0     0
3862     0     0     0     0     0     0     0
3866     0     0     0     0     0     0     0
3870     0     0     0     0     0     0     0
3874     0     0     0     0     0     0     0
3878     0     0     0     0     0     0     0
3882     0     0     0     0     0     0     0
3886     0     0     0     0     0     0     0
3890     0     0     0     0     0     0     0
3894     0     0     0     0     0     0     0
3898     0     0     0     0     0     0     0
3902     0     0     0     0     0     0     0
3906     0     0     0     0     0     0     0
3910     0     0     0     0     0     0     0
3914     0     0     0     0     0     0     0
3918     0     0     0     0     0     0     0
3922     0     0     0     0     0     0     0
3926     0     0     0     0     0     0     0
3930     0     0     0     0     0     0     0
3934     0     0     0     0     0     0     0
3938     0     0     0     0     0     0     0
3942     0     0     0     0     0     0     0
3946     0     0     0     0     0     0     0
3950     0     0     0     0     0     0     0
3954     0     0     0     0     0     0     0
3958     0     0     0     0     0     0     0
3962     0     0     0     0     0     0     0
3966     9.20287e-07     1.65418e-05     1.65414e-05     1.6542e-05     1.68222e-05     1.75194e-05     1.65127e-05
3970     0     0     0     0     0     0     0
3974     0     0     0     0     0     0     0
3978     0     0     0     0     0     0     0
3982     0     0     0     0     0     0     0
3986     0     0     0     0     0     0     0
3990     0     0     0     0     0     0     0
3994     0     0     0     0     0     0     0
3998     0     0     0     0     0     0     0
