2     0     0     0     0     0     0     0
6     1.32147e-06     1.11135e-09     1.1113e-09     1.11137e-09     1.16778e-09     1.24742e-09     1.1314e-09
10     5.28586e-06     2.87681e-09     2.8767e-09     2.87688e-09     3.0229e-09     3.22904e-09     2.92873e-09
14     1.32147e-05     5.13766e-09     5.13746e-09     5.13778e-09     5.39855e-09     5.7667e-09     5.23038e-09
18     2.90722e-05     8.36725e-09     8.36693e-09     8.36746e-09     8.79215e-09     9.39172e-09     8.51826e-09
22     1.45361e-05     3.31058e-09     3.31045e-09     3.31066e-09     3.47869e-09     3.71592e-09     3.37033e-09
26     2.64293e-05     4.65e-09     4.64982e-09     4.65011e-09     4.88613e-09     5.21934e-09     4.73392e-09
30     5.55016e-05     8.26091e-09     8.26059e-09     8.26111e-09     8.68041e-09     9.27236e-09     8.41e-09
34     7.13592e-05     8.96304e-09     8.9627e-09     8.96326e-09     9.41819e-09     1.00605e-08     9.12481e-09
38     6.34304e-05     6.85996e-09     6.85969e-09     6.86012e-09     7.20831e-09     7.69987e-09     6.98376e-09
42     6.47518e-05     6.0658e-09     6.06556e-09     6.06595e-09     6.37382e-09     6.80848e-09     6.17527e-09
46     7.92879e-05     6.5342e-09     6.53395e-09     6.53436e-09     6.86601e-09     7.33423e-09     6.65212e-09
50     8.19309e-05     6.07669e-09     6.07646e-09     6.07684e-09     6.38527e-09     6.82071e-09     6.18636e-09
54     8.98597e-05     5.97137e-09     5.97114e-09     5.97151e-09     6.2746e-09     6.70249e-09     6.07914e-09
58     0.000124218     7.64563e-09     7.64534e-09     7.64582e-09     8.03388e-09     8.58174e-09     7.78362e-09
62     0.00011761     6.73893e-09     6.73867e-09     6.7391e-09     7.08114e-09     7.56403e-09     6.86055e-09
66     0.00014404     7.72405e-09     7.72375e-09     7.72424e-09     8.11628e-09     8.66976e-09     7.86345e-09
70     0.000136111     6.96078e-09     6.96051e-09     6.96095e-09     7.31426e-09     7.81304e-09     7.08641e-09
74     0.000154611     7.57176e-09     7.57147e-09     7.57194e-09     7.95626e-09     8.49883e-09     7.70841e-09
78     0.000146683     6.94196e-09     6.94169e-09     6.94213e-09     7.29447e-09     7.79191e-09     7.06724e-09
82     0.000174433     8.06338e-09     8.06307e-09     8.06358e-09     8.47285e-09     9.05064e-09     8.20891e-09
86     0.000166505     7.58925e-09     7.58896e-09     7.58943e-09     7.97464e-09     8.51846e-09     7.72622e-09
90     0.000204827     9.25796e-09     9.2576e-09     9.25818e-09     9.72808e-09     1.03915e-08     9.42504e-09
94     0.000218042     9.83675e-09     9.83637e-09     9.83699e-09     1.03363e-08     1.10411e-08     1.00143e-08
98     0.000228614     1.0355e-08     1.03546e-08     1.03552e-08     1.08808e-08     1.16228e-08     1.05418e-08
102     0.000240507     1.0984e-08     1.09836e-08     1.09843e-08     1.15418e-08     1.23289e-08     1.11823e-08
106     0.000237864     1.10105e-08     1.10101e-08     1.10108e-08     1.15697e-08     1.23586e-08     1.12092e-08
110     0.000229935     1.09043e-08     1.09039e-08     1.09046e-08     1.14581e-08     1.22394e-08     1.11011e-08
114     0.000244471     1.2002e-08     1.20016e-08     1.20023e-08     1.26115e-08     1.34715e-08     1.22186e-08
118     0.0002524     1.30575e-08     1.3057e-08     1.30578e-08     1.37206e-08     1.46562e-08     1.32932e-08
122     0.000294687     1.64227e-08     1.64221e-08     1.64231e-08     1.72567e-08     1.84335e-08     1.67191e-08
126     0.000289401     1.77767e-08     1.7776e-08     1.77771e-08     1.86794e-08     1.99532e-08     1.80975e-08
130     0.000334331     2.31124e-08     2.31115e-08     2.3113e-08     2.42861e-08     2.59423e-08     2.35296e-08
134     0.000277508     2.23699e-08     2.2369e-08     2.23704e-08     2.35058e-08     2.51088e-08     2.27736e-08
138     0.000330366     3.1999e-08     3.19978e-08     3.19998e-08     3.3624e-08     3.59169e-08     3.25765e-08
142     0.000314509     3.77664e-08     3.77649e-08     3.77673e-08     3.96842e-08     4.23904e-08     3.8448e-08
146     0.000327724     5.10501e-08     5.10482e-08     5.10514e-08     5.36425e-08     5.73006e-08     5.19715e-08
150     0.000333009     7.19072e-08     7.19044e-08     7.19089e-08     7.55586e-08     8.07113e-08     7.32049e-08
154     0.000338295     1.08766e-07     1.08762e-07     1.08769e-07     1.1429e-07     1.22083e-07     1.10729e-07
158     0.000375296     2.30845e-07     2.30836e-07     2.30851e-07     2.42567e-07     2.59109e-07     2.35011e-07
162     0.000356796     5.71812e-07     5.7179e-07     5.71826e-07     6.00849e-07     6.41824e-07     5.82132e-07
166     0.000387189     1.1719e-06     1.17185e-06     1.17193e-06     1.23141e-06     1.31538e-06     1.19305e-06
170     0.000373975     1.54054e-06     1.54048e-06     1.54058e-06     1.61877e-06     1.72916e-06     1.56835e-06
174     0.000372653     1.875e-06     1.87493e-06     1.87505e-06     1.97021e-06     2.10457e-06     1.90884e-06
178     0.000393797     2.32827e-06     2.32818e-06     2.32833e-06     2.4465e-06     2.61334e-06     2.37029e-06
182     0.000392475     2.78892e-06     2.78881e-06     2.78899e-06     2.93054e-06     3.13039e-06     2.83925e-06
186     0.000429476     3.72189e-06     3.72175e-06     3.72198e-06     3.91089e-06     4.17759e-06     3.78906e-06
190     0.000446655     4.49873e-06     4.49855e-06     4.49884e-06     4.72718e-06     5.04954e-06     4.57992e-06
194     0.000399083     4.51577e-06     4.51559e-06     4.51588e-06     4.74508e-06     5.06867e-06     4.59727e-06
198     0.000455906     5.70766e-06     5.70744e-06     5.7078e-06     5.99749e-06     6.40649e-06     5.81067e-06
202     0.000426833     5.82474e-06     5.82451e-06     5.82488e-06     6.12052e-06     6.53791e-06     5.92986e-06
206     0.000418905     6.23169e-06     6.23146e-06     6.23182e-06     6.54813e-06     6.9947e-06     6.34413e-06
210     0.000498193     8.01483e-06     8.01456e-06     8.015e-06     8.42746e-06     9.00469e-06     8.16332e-06
214     0.000487621     8.45374e-06     8.45344e-06     8.45391e-06     8.89718e-06     9.51024e-06     8.61601e-06
218     0.0005048     9.3917e-06     9.39138e-06     9.39189e-06     9.88658e-06     1.05688e-05     9.57351e-06
222     0.000496871     9.85304e-06     9.8527e-06     9.85323e-06     1.03735e-05     1.10899e-05     1.00446e-05
226     0.000544444     1.14827e-05     1.14823e-05     1.14829e-05     1.209e-05     1.29253e-05     1.17065e-05
230     0.000498193     1.11425e-05     1.11421e-05     1.11427e-05     1.17321e-05     1.25429e-05     1.13599e-05
234     0.0005233     1.24178e-05     1.24174e-05     1.2418e-05     1.30751e-05     1.39788e-05     1.26602e-05
238     0.000494228     1.24319e-05     1.24315e-05     1.24322e-05     1.30904e-05     1.39954e-05     1.26749e-05
242     0.000560301     1.48681e-05     1.48676e-05     1.48684e-05     1.5657e-05     1.67399e-05     1.51596e-05
246     0.00055898     1.56298e-05     1.56293e-05     1.56301e-05     1.64631e-05     1.76037e-05     1.5939e-05
250     0.000518015     1.5264e-05     1.52635e-05     1.52643e-05     1.60787e-05     1.71929e-05     1.55665e-05
254     0.000527265     1.63185e-05     1.63179e-05     1.63188e-05     1.71896e-05     1.83809e-05     1.6642e-05
258     0.000544444     1.76999e-05     1.76993e-05     1.77002e-05     1.86468e-05     1.994e-05     1.80522e-05
262     0.000535194     1.82535e-05     1.82529e-05     1.82539e-05     1.92338e-05     2.05694e-05     1.86195e-05
266     0.000552373     1.97041e-05     1.97035e-05     1.97045e-05     2.07613e-05     2.22024e-05     2.00984e-05
270     0.000605231     2.25997e-05     2.25989e-05     2.26001e-05     2.38147e-05     2.54689e-05     2.30536e-05
274     0.000585409     2.28289e-05     2.28282e-05     2.28293e-05     2.4062e-05     2.5736e-05     2.32913e-05
278     0.000605231     2.46409e-05     2.46401e-05     2.46413e-05     2.59817e-05     2.77937e-05     2.51466e-05
282     0.000650161     2.76358e-05     2.76349e-05     2.76363e-05     2.91311e-05     3.11589e-05     2.81972e-05
286     0.000643554     2.85156e-05     2.85147e-05     2.8516e-05     3.00631e-05     3.2158e-05     2.90981e-05
290     0.000688484     3.17502e-05     3.17492e-05     3.17507e-05     3.34857e-05     3.58246e-05     3.24073e-05
294     0.000656769     3.14783e-05     3.14773e-05     3.14788e-05     3.32088e-05     3.55328e-05     3.21364e-05
298     0.000666019     3.31932e-05     3.31922e-05     3.31938e-05     3.50166e-05     3.74666e-05     3.38861e-05
302     0.000664697     3.43664e-05     3.43654e-05     3.43669e-05     3.62497e-05     3.8784e-05     3.50806e-05
306     0.000673948     3.61986e-05     3.61975e-05     3.61992e-05     3.82056e-05     4.08871e-05     3.69668e-05
310     0.000708306     3.94277e-05     3.94265e-05     3.94283e-05     4.16299e-05     4.45588e-05     4.02755e-05
314     0.000672626     3.87988e-05     3.87976e-05     3.87993e-05     4.09777e-05     4.38659e-05     3.96411e-05
318     0.000695091     4.15413e-05     4.15401e-05     4.15419e-05     4.38848e-05     4.69826e-05     4.24504e-05
322     0.000722842     4.4645e-05     4.46437e-05     4.46456e-05     4.71564e-05     5.04819e-05     4.56171e-05
326     0.00067659     4.31748e-05     4.31736e-05     4.31754e-05     4.56193e-05     4.88432e-05     4.41257e-05
330     0.000799487     5.2709e-05     5.27075e-05     5.27096e-05     5.57124e-05     5.96576e-05     5.3883e-05
334     0.000746628     5.07354e-05     5.0734e-05     5.0736e-05     5.36409e-05     5.74454e-05     5.18757e-05
338     0.000762486     5.34446e-05     5.34432e-05     5.34452e-05     5.65211e-05     6.05358e-05     5.4657e-05
342     0.000716234     5.18503e-05     5.1849e-05     5.18509e-05     5.48658e-05     5.87744e-05     5.30483e-05
346     0.000745307     5.57892e-05     5.57878e-05     5.57898e-05     5.90508e-05     6.32622e-05     5.70912e-05
350     0.000733414     5.70653e-05     5.70639e-05     5.70658e-05     6.04538e-05     6.47866e-05     5.84335e-05
354     0.000795522     6.47234e-05     6.47219e-05     6.47239e-05     6.86285e-05     7.35738e-05     6.63176e-05
358     0.00085631     7.30591e-05     7.30575e-05     7.30596e-05     7.75078e-05     8.31122e-05     7.48858e-05
362     0.000804773     7.18913e-05     7.18898e-05     7.18917e-05     7.63192e-05     8.18623e-05     7.37218e-05
366     0.000794201     7.40872e-05     7.40858e-05     7.40876e-05     7.86917e-05     8.44264e-05     7.60012e-05
370     0.000815344     7.93543e-05     7.93528e-05     7.93546e-05     8.4383e-05     9.05761e-05     8.14698e-05
374     0.000864239     8.77554e-05     8.77538e-05     8.77557e-05     9.34008e-05     0.000100294     9.01514e-05
378     0.000796844     8.43572e-05     8.43557e-05     8.43575e-05     8.97609e-05     9.63787e-05     8.66433e-05
382     0.000853667     9.41368e-05     9.41352e-05     9.41369e-05     0.000100314     0.000107778     9.67856e-05
386     0.000890668     0.000101975     0.000101974     0.000101975     0.000108765     0.000116905     0.00010491
390     0.00085631     0.000101731     0.000101729     0.000101731     0.000108591     0.00011676     0.000104716
394     0.000902561     0.000110924     0.000110923     0.000110924     0.000118488     0.000127442     0.000114234
398     0.000918419     0.000116767     0.000116765     0.000116766     0.000124828     0.000134309     0.000120317
402     0.000936919     0.00012316     0.000123158     0.000123159     0.000131806     0.000141887     0.000126998
406     0.000918419     0.0001246     0.000124598     0.0001246     0.000133474     0.000143743     0.000128566
410     0.000950134     0.00013305     0.000133048     0.000133049     0.000142657     0.000153696     0.000137371
414     0.000931633     0.000134456     0.000134454     0.000134455     0.000144288     0.000155515     0.000138904
418     0.00100564     0.000149397     0.000149395     0.000149396     0.000160453     0.000173002     0.000154425
422     0.000926348     0.000141524     0.000141522     0.000141523     0.000152187     0.000164184     0.00014641
426     0.00100564     0.000157789     0.000157787     0.000157788     0.000169879     0.00018337     0.000163368
430     0.00103339     0.000166509     0.000166507     0.000166508     0.00017947     0.000193822     0.000172529
434     0.00103471     0.000171161     0.00017116     0.00017116     0.000184697     0.000199571     0.000177489
438     0.00100564     0.000170705     0.000170704     0.000170704     0.000184426     0.000199383     0.000177161
442     0.00112192     0.000195269     0.000195267     0.000195267     0.000211243     0.000228519     0.000202833
446     0.00105982     0.000188922     0.00018892     0.00018892     0.000204625     0.000221488     0.000196398
450     0.00103735     0.000189173     0.000189172     0.000189171     0.00020515     0.000222186     0.000196822
454     0.00112985     0.000210732     0.000210731     0.00021073     0.000228838     0.000247996     0.000219452
458     0.00111532     0.00021269     0.000212689     0.000212688     0.000231264     0.000250772     0.000221686
462     0.00106774     0.000208118     0.000208117     0.000208116     0.000226664     0.000245959     0.000217165
466     0.00110475     0.000220024     0.000220023     0.000220022     0.000239951     0.000260524     0.000229801
470     0.00112325     0.000228517     0.000228516     0.000228514     0.000249675     0.000271297     0.000238977
474     0.00119593     0.000248309     0.000248308     0.000248306     0.000271773     0.000295531     0.000259986
478     0.001151     0.000243726     0.000243725     0.000243722     0.000267069     0.000290569     0.000255389
482     0.00118403     0.000255821     0.000255821     0.000255817     0.00028101     0.00030608     0.000268506
486     0.00123689     0.000272512     0.000272512     0.000272508     0.00029979     0.000326767     0.000286309
490     0.00123028     0.000276308     0.000276308     0.000276304     0.000304516     0.000332195     0.00029065
494     0.00120253     0.000275238     0.000275238     0.000275234     0.000303919     0.000331828     0.000289902
498     0.00126332     0.000294593     0.000294593     0.000294588     0.000325906     0.000356129     0.000310688
502     0.00118932     0.000282278     0.000282279     0.000282274     0.000313222     0.000342724     0.000298312
506     0.00127654     0.000308498     0.000308499     0.000308493     0.000343028     0.000375693     0.000326476
510     0.00134657     0.000331304     0.000331305     0.000331298     0.000369116     0.000404638     0.000351074
514     0.0013479     0.000337562     0.000337563     0.000337556     0.00037687     0.00041354     0.000358201
518     0.00138093     0.000351823     0.000351825     0.000351816     0.000393793     0.000432618     0.000373971
522     0.00131222     0.000340106     0.000340108     0.000340099     0.000381817     0.000420042     0.000362241
526     0.00137829     0.000363267     0.000363269     0.000363259     0.000408548     0.00044981     0.000387374
530     0.00134261     0.000359617     0.00035962     0.00035961     0.000405414     0.000446828     0.00038411
534     0.00143511     0.000390719     0.000390722     0.00039071     0.000441602     0.000487245     0.000418061
538     0.00132807     0.000367362     0.000367365     0.000367354     0.000416     0.000459371     0.000393586
542     0.00145626     0.000409025     0.000409029     0.000409015     0.000464871     0.000514133     0.000439321
546     0.00157122     0.000448515     0.00044852     0.000448504     0.00051111     0.00056592     0.00048261
550     0.00160558     0.000465737     0.000465742     0.000465725     0.000532066     0.000589768     0.000501993
554     0.00154083     0.000454299     0.000454304     0.000454287     0.000520312     0.000577388     0.000490501
558     0.00154876     0.000463785     0.000463791     0.000463772     0.000532441     0.000591484     0.000501544
562     0.00159501     0.000484633     0.00048464     0.000484619     0.000559371     0.000622871     0.000526001
566     0.00158444     0.000487842     0.000487849     0.000487827     0.000564509     0.000629316     0.000530384
570     0.0016373     0.00051111     0.000511119     0.000511095     0.000592912     0.000661716     0.000556615
574     0.00170469     0.000540169     0.000540178     0.000540152     0.000628339     0.000702093     0.000589352
578     0.00157519     0.000507103     0.000507113     0.000507087     0.000591964     0.000662443     0.000554612
582     0.0016928     0.000553047     0.000553058     0.000553028     0.000648386     0.000726927     0.000606639
586     0.00171923     0.000569677     0.000569689     0.000569657     0.000669877     0.000751994     0.000626139
590     0.00175755     0.000591397     0.00059141     0.000591376     0.000697966     0.000784768     0.000651623
594     0.00174169     0.00059628     0.000596294     0.000596258     0.000706115     0.0007951     0.000658508
598     0.00183816     0.000640119     0.000640135     0.000640095     0.000760176     0.000857049     0.000708263
602     0.0018897     0.000668206     0.000668223     0.000668179     0.000797074     0.000900433     0.000741558
606     0.00194123     0.000695235     0.000695254     0.000695207     0.000832796     0.000942501     0.000773736
610     0.00195048     0.000707931     0.000707952     0.000707902     0.000850452     0.000963714     0.000789385
614     0.00202713     0.000746846     0.000746868     0.000746813     0.000899754     0.00102084     0.000834372
618     0.00204959     0.00076722     0.000767245     0.000767186     0.00092824     0.00105502     0.000859632
622     0.00197956     0.000753176     0.000753202     0.000753141     0.00091501     0.00104181     0.000846259
626     0.00207734     0.000802686     0.000802715     0.000802648     0.00097873     0.00111608     0.000904124
630     0.0021236     0.000832743     0.000832774     0.000832702     0.00101864     0.0011632     0.00094001
634     0.00209452     0.000833295     0.000833328     0.000833253     0.00102258     0.00116931     0.000942661
638     0.00215531     0.000870426     0.000870461     0.000870381     0.00107197     0.00122766     0.000987045
642     0.00218967     0.00089882     0.000898859     0.000898771     0.00111136     0.00127501     0.00102196
646     0.00215267     0.000898771     0.000898812     0.000898721     0.00111483     0.00128076     0.00102407
650     0.00221081     0.000939658     0.000939703     0.000939604     0.00116984     0.00134604     0.00107332
654     0.00224649     0.000971297     0.000971345     0.000971239     0.00121312     0.00139773     0.00111188
658     0.00223592     0.000983572     0.000983622     0.000983512     0.0012312     0.00141989     0.00112763
662     0.00227556     0.00101803     0.00101808     0.00101796     0.00127921     0.00147771     0.00117012
666     0.00231785     0.00105449     0.00105455     0.00105442     0.00132834     0.00153624     0.001214
670     0.00243546     0.00112753     0.0011276     0.00112745     0.00142439     0.00164942     0.00130053
674     0.00240639     0.00113321     0.00113328     0.00113313     0.00143501     0.00166347     0.00130916
678     0.00253325     0.00121412     0.0012142     0.00121404     0.00153999     0.00178649     0.00140415
682     0.00251739     0.00122745     0.00122753     0.00122736     0.00156445     0.00181846     0.00142425
686     0.00263632     0.00130794     0.00130803     0.00130784     0.00166957     0.001942     0.00151913
690     0.00258743     0.00130752     0.00130761     0.00130741     0.00167209     0.00194663     0.00152042
694     0.002635     0.00135792     0.00135802     0.00135781     0.0017398     0.00202732     0.00158091
698     0.00273015     0.00143652     0.00143664     0.00143641     0.0018438     0.00215045     0.00167428
702     0.0026905     0.00144509     0.0014452     0.00144496     0.0018585     0.00216985     0.00168634
706     0.0026839     0.0014711     0.00147123     0.00147097     0.00189246     0.00221007     0.00171685
710     0.002709     0.00151773     0.00151786     0.00151759     0.00195412     0.00228316     0.00177217
714     0.00275129     0.00157751     0.00157766     0.00157737     0.00203247     0.00237563     0.00184269
718     0.0028319     0.00166312     0.00166328     0.00166297     0.00214256     0.00250457     0.00194237
722     0.00282794     0.00169914     0.00169931     0.00169898     0.00219208     0.00256456     0.0019861
726     0.00294819     0.00181194     0.00181213     0.00181177     0.002337     0.00273447     0.00211729
730     0.00293762     0.00184752     0.00184771     0.00184733     0.00238055     0.00278495     0.00215713
734     0.00297594     0.00191734     0.00191754     0.00191715     0.00246773     0.00288619     0.00223668
738     0.00292044     0.00193125     0.00193146     0.00193105     0.00248371     0.00290443     0.00225152
742     0.00299973     0.0020389     0.00203914     0.00203869     0.002619     0.003062     0.00237468
746     0.0028993     0.00202721     0.00202744     0.00202699     0.00260004     0.00303876     0.00235826
750     0.00307505     0.00221208     0.00221235     0.00221184     0.00283097     0.00330653     0.00256915
754     0.00300766     0.00222464     0.00222491     0.0022244     0.00283951     0.00331365     0.00257876
758     0.00300369     0.00228332     0.0022836     0.00228307     0.00290628     0.00338829     0.00264148
762     0.0031028     0.00242624     0.00242656     0.00242597     0.00308034     0.00358835     0.00280153
766     0.00304069     0.0024514     0.00245172     0.00245112     0.003101     0.00360794     0.00282321
770     0.00310016     0.00257907     0.00257941     0.00257878     0.00325112     0.00377802     0.00296283
774     0.00296537     0.00254832     0.00254866     0.00254803     0.00320117     0.00371537     0.00292022
778     0.00300501     0.00266833     0.00266869     0.00266802     0.00333996     0.0038715     0.00304999
782     0.00300369     0.00275388     0.00275426     0.00275356     0.00342783     0.00396529     0.00313539
786     0.00293762     0.00278191     0.0027823     0.00278159     0.00344499     0.00397751     0.00315591
790     0.00290458     0.00283968     0.00284007     0.00283935     0.00350057     0.00403472     0.00321121
794     0.00285304     0.00288319     0.00288359     0.00288286     0.00353712     0.0040692     0.00324951
798     0.00276979     0.0028944     0.0028948     0.00289407     0.00353255     0.00405555     0.00325053
802     0.0029918     0.00323844     0.00323889     0.00323807     0.00392346     0.00449088     0.00361858
806     0.00279622     0.00313326     0.00313369     0.00313291     0.0037752     0.00431145     0.00348788
810     0.00277904     0.00322514     0.00322558     0.00322479     0.00386324     0.00440133     0.00357586
814     0.00280283     0.00336777     0.00336822     0.00336741     0.00400898     0.00455539     0.00371819
818     0.00268258     0.00333635     0.0033368     0.003336     0.00394662     0.00447241     0.00366784
822     0.00278829     0.00358597     0.00358644     0.0035856     0.00420737     0.00475044     0.00392082
826     0.0026905     0.00357766     0.00357812     0.0035773     0.00416945     0.00469316     0.00389428
830     0.00267465     0.0036729     0.00367335     0.00367254     0.0042521     0.00477196     0.00398024
834     0.00260064     0.00369429     0.00369474     0.00369394     0.0042465     0.00475062     0.00398433
838     0.00247114     0.00362535     0.00362578     0.00362503     0.00414049     0.00461885     0.00389311
842     0.00244735     0.00370514     0.00370555     0.00370481     0.00419057     0.00465304     0.00395341
846     0.00246189     0.00384345     0.00384386     0.00384313     0.00431483     0.00477322     0.00408133
850     0.00224121     0.0036047     0.00360507     0.00360442     0.00401765     0.00442841     0.00380994
854     0.0023641     0.0039148     0.00391426     0.00391542     0.00433173     0.00454058     0.00431484
858     0.00227689     0.00388104     0.00388052     0.00388164     0.004263     0.00448008     0.00423078
862     0.00218967     0.00383775     0.00383725     0.00383832     0.00417311     0.00440146     0.00412006
866     0.00213417     0.00384053     0.00384005     0.00384108     0.00414337     0.00438261     0.00407361
870     0.00207074     0.00381858     0.00381811     0.0038191     0.00408862     0.00433671     0.00400336
874     0.00199145     0.00376129     0.00376084     0.00376178     0.00399616     0.00425081     0.00389617
878     0.00192538     0.00371968     0.00371925     0.00372014     0.00392126     0.00418327     0.00380647
882     0.0019518     0.00385224     0.00385182     0.0038527     0.00402088     0.00427835     0.00390581
886     0.00178662     0.00360171     0.00360133     0.00360212     0.00372933     0.00394965     0.00363363
890     0.00185534     0.00381475     0.00381436     0.00381516     0.00392126     0.00413501     0.0038313
894     0.00177737     0.00372764     0.00372727     0.00372802     0.00380112     0.00398885     0.00372545
898     0.00171658     0.00366611     0.00366576     0.00366646     0.00371162     0.00387756     0.00364798
902     0.00166901     0.00362364     0.00362331     0.00362397     0.00362962     0.00376646     0.00358241
906     0.00164258     0.00362335     0.00362303     0.00362366     0.00360195     0.00371986     0.00356571
910     0.00149854     0.00335574     0.00335546     0.00335602     0.00331014     0.00340136     0.00328697
914     0.00147476     0.00334908     0.00334881     0.00334934     0.0032798     0.00335404     0.00326633
918     0.00144172     0.00331817     0.00331791     0.00331842     0.00322724     0.00328475     0.00322307
922     0.00145229     0.00338431     0.00338406     0.00338454     0.00325816     0.0032926     0.0032677
926     0.00140472     0.00331069     0.00331045     0.0033109     0.00316417     0.00318108     0.00318307
930     0.00138225     0.00329281     0.00329258     0.00329301     0.00312362     0.00312337     0.00315214
934     0.001299     0.00312656     0.00312635     0.00312674     0.00294442     0.00292849     0.00298042
938     0.00122368     0.00297392     0.00297373     0.00297409     0.00278024     0.00275015     0.00282299
942     0.001225     0.00300386     0.00300367     0.00300401     0.00278186     0.00273223     0.002836
946     0.00123293     0.00304779     0.00304761     0.00304794     0.00280302     0.00273832     0.0028661
950     0.00116025     0.00289003     0.00288986     0.00289017     0.00263923     0.00256386     0.00270695
954     0.00114835     0.00288152     0.00288136     0.00288165     0.00261261     0.002523     0.00268822
958     0.00104792     0.00264825     0.0026481     0.00264837     0.00238567     0.00229114     0.00246189
962     0.00105585     0.00268683     0.00268668     0.00268694     0.00239863     0.00228542     0.00248549
966     0.000931633     0.00238672     0.0023866     0.00238682     0.00211662     0.00200496     0.00219996
970     0.000913133     0.00235402     0.0023539     0.00235411     0.00207395     0.00195299     0.00216213
974     0.000962027     0.0024937     0.00249358     0.00249379     0.00218316     0.002044     0.00228265
978     0.000884061     0.00230412     0.00230401     0.0023042     0.0020037     0.00186436     0.00210156
982     0.000868203     0.00227449     0.00227438     0.00227456     0.00196085     0.00180974     0.00206496
986     0.000848381     0.00223403     0.00223392     0.0022341     0.00191451     0.00175689     0.00202182
990     0.000819309     0.00216865     0.00216855     0.00216872     0.00184674     0.00168435     0.0019561
994     0.000680555     0.00181041     0.00181033     0.00181046     0.00153199     0.00138863     0.00162757
998     0.000765129     0.00204539     0.00204529     0.00204545     0.00171999     0.00154918     0.00183281
1002     0.000784951     0.00210901     0.00210892     0.00210907     0.0017599     0.00157248     0.00188239
1006     0.000745307     0.0020122     0.00201211     0.00201226     0.00166937     0.00148233     0.00179066
1010     0.000695091     0.00188592     0.00188584     0.00188597     0.00155502     0.00137165     0.00167307
1014     0.000675269     0.00184074     0.00184066     0.00184079     0.00150934     0.0013232     0.00162844
1018     0.000638268     0.00174853     0.00174846     0.00174858     0.00142613     0.00124266     0.0015428
1022     0.000585409     0.00161137     0.00161131     0.00161142     0.0013045     0.0011269     0.00141658
1026     0.000606553     0.00167781     0.00167774     0.00167785     0.0013493     0.0011566     0.00147017
1030     0.000502157     0.00139553     0.00139548     0.00139557     0.00111731     0.00095251     0.00122022
1034     0.000529908     0.0014802     0.00148014     0.00148024     0.00117901     0.000998577     0.0012911
1038     0.000574838     0.00161346     0.0016134     0.0016135     0.00127754     0.00107403     0.00140333
1042     0.000528586     0.00149117     0.00149112     0.00149121     0.00117182     0.000975593     0.00129235
1046     0.000552373     0.00156596     0.00156589     0.00156599     0.0012251     0.00101374     0.0013544
1050     0.000474406     0.00135164     0.00135159     0.00135168     0.00105251     0.000865289     0.00116657
1054     0.000470442     0.00134702     0.00134697     0.00134705     0.0010441     0.000852846     0.00116017
1058     0.000494228     0.00142245     0.0014224     0.00142249     0.00109697     0.000889586     0.00122233
1062     0.000440048     0.00127322     0.00127317     0.00127325     0.000974206     0.000781273     0.00109019
1066     0.000424191     0.00123348     0.00123344     0.00123352     0.00094009     0.000749289     0.0010544
1070     0.000399083     0.0011666     0.00116655     0.00116663     0.000884886     0.000700132     0.000995161
1074     0.000384547     0.00113001     0.00112997     0.00113004     0.000853055     0.000669948     0.000961959
1078     0.000407011     0.00120257     0.00120252     0.0012026     0.000903582     0.00070429     0.00102168
1082     0.000401726     0.00119316     0.00119311     0.00119319     0.000890832     0.000687184     0.00101097
1086     0.000354153     0.00105763     0.00105759     0.00105766     0.00078585     0.000601328     0.000894335
1090     0.000354153     0.0010632     0.00106316     0.00106323     0.000786798     0.000597876     0.000897549
1094     0.000359439     0.00108531     0.00108527     0.00108534     0.000799429     0.000602447     0.000914497
1098     0.000327724     0.000995154     0.000995114     0.00099518     0.000730154     0.000546226     0.000837241
1102     0.000310544     0.000948207     0.000948168     0.000948232     0.00069186     0.000512228     0.000796007
1106     0.000377939     0.00116033     0.00116028     0.00116036     0.000842749     0.000618635     0.000972307
1110     0.000262972     0.000812003     0.00081197     0.000812024     0.000587022     0.000427118     0.000679177
1114     0.000299973     0.000931626     0.000931588     0.000931651     0.000670424     0.000483415     0.000777853
1118     0.00029733     0.0009286     0.000928562     0.000928624     0.000665686     0.000476194     0.000774217
1122     0.000280151     0.000880043     0.000880007     0.000880066     0.000628384     0.000445487     0.000732765
1126     0.000251078     0.000793364     0.000793332     0.000793385     0.000563972     0.000396108     0.000659482
1130     0.000273543     0.000869476     0.000869441     0.000869499     0.00061502     0.000427536     0.000721383
1134     0.0002709     0.000866066     0.000866031     0.000866089     0.00060999     0.000420065     0.000717436
1138     0.000249757     0.000803365     0.000803332     0.000803386     0.000564648     0.00038653     0.000665145
1142     0.000227292     0.000735357     0.000735327     0.000735376     0.000514707     0.000348708     0.000608024
1146     0.000262972     0.000856043     0.000856008     0.000856065     0.000596671     0.000400247     0.000706765
1150     0.000232578     0.000761587     0.000761556     0.000761607     0.000528888     0.000351558     0.000628003
1154     0.000202184     0.00066608     0.000666053     0.000666097     0.000460849     0.000303431     0.000548584
1158     0.000257686     0.000854084     0.000854049     0.000854106     0.000588906     0.000384318     0.000702645
1162     0.000223328     0.000744796     0.000744765     0.000744815     0.000510768     0.0003287     0.000611616
1166     0.000185005     0.000620808     0.000620782     0.000620824     0.00042449     0.000270874     0.000509361
1170     0.00020747     0.000700276     0.000700248     0.000700295     0.000477338     0.000301876     0.00057403
1174     0.00020747     0.000704876     0.000704848     0.000704895     0.000478733     0.000299608     0.000577165
1178     0.00018897     0.000645923     0.000645897     0.00064594     0.00043719     0.000270897     0.000528338
1182     0.000196898     0.000677151     0.000677124     0.000677169     0.000456567     0.000279478     0.0005533
1186     0.000187648     0.000649586     0.00064956     0.000649604     0.000435679     0.000262774     0.000529833
1190     0.000173112     0.000602626     0.000602602     0.000602642     0.000403238     0.000241309     0.000491232
1194     0.000171791     0.000601816     0.000601791     0.000601831     0.000401712     0.000238286     0.000490299
1198     0.000202184     0.000712966     0.000712937     0.000712984     0.000474112     0.000277845     0.000580211
1202     0.000179719     0.000637769     0.000637743     0.000637785     0.000422411     0.000244108     0.000518469
1206     0.000178398     0.000636946     0.00063692     0.000636962     0.000420821     0.000240933     0.000517505
1210     0.000148004     0.000531729     0.000531707     0.000531743     0.00035041     0.000198651     0.000431768
1214     0.000118932     0.000430103     0.000430086     0.000430115     0.000282481     0.000158182     0.000348935
1218     0.000175755     0.000639224     0.000639198     0.000639241     0.000418058     0.000230815     0.000517923
1222     0.000137432     0.000503211     0.000503191     0.000503224     0.000328548     0.000179631     0.000407712
1226     0.000141397     0.000521147     0.000521126     0.000521161     0.000339125     0.000183069     0.000421878
1230     0.00015329     0.00056842     0.000568397     0.000568435     0.000368682     0.000196505     0.000459758
1234     0.000163862     0.00061151     0.000611485     0.000611526     0.000395351     0.000207985     0.000494208
1238     0.000129504     0.000486262     0.000486242     0.000486275     0.00031343     0.000162789     0.000392706
1242     0.000114968     0.000434474     0.000434457     0.000434485     0.000279145     0.000142815     0.000350669
1246     0.00013479     0.000512591     0.000512571     0.000512605     0.000328722     0.000166522     0.000413614
1250     0.000129504     0.00049567     0.00049565     0.000495683     0.000316865     0.000158219     0.000399678
1254     0.000149326     0.000575138     0.000575114     0.000575152     0.000366597     0.000180617     0.000463451
1258     0.000112325     0.000435344     0.000435326     0.000435355     0.000276919     0.000134869     0.000350706
1262     0.000109682     0.00042806     0.000428043     0.000428071     0.000270923     0.000128997     0.000344397
1266     0.000114968     0.000451419     0.000451401     0.00045143     0.000285101     0.000134094     0.000363092
1270     9.91099e-05     0.000391641     0.000391626     0.000391652     0.000246604     0.000114178     0.00031482
1274     8.19309e-05     0.000325674     0.000325661     0.000325683     0.000204568     9.3442e-05     0.000261678
1278     0.000100431     0.000401818     0.000401802     0.000401828     0.000251985     0.000113791     0.000322835
1282     0.000111003     0.000446996     0.000446978     0.000447008     0.000279649     0.000124227     0.000359065
1286     9.11811e-05     0.000369355     0.00036934     0.000369365     0.000230343     0.000100571     0.000296496
1290     0.000107039     0.000436512     0.000436494     0.000436523     0.000271623     0.000116887     0.000350313
1294     8.58953e-05     0.000352551     0.000352537     0.00035256     0.000218883     9.27708e-05     0.000282857
1298     8.85382e-05     0.0003657     0.000365685     0.000365709     0.00022632     9.41353e-05     0.000293207
1302     8.32523e-05     0.000346011     0.000345997     0.00034602     0.000213581     8.71145e-05     0.00027736
1306     6.21089e-05     0.000259757     0.000259747     0.000259764     0.000160087     6.43388e-05     0.000208237
1310     0.000100431     0.000422398     0.000422381     0.000422409     0.000259809     0.000103007     0.000338516
1314     8.06094e-05     0.000341229     0.000341216     0.000341238     0.0002091     8.09098e-05     0.000273264
1318     8.19309e-05     0.000349027     0.000349013     0.000349036     0.000213116     8.05639e-05     0.000279294
1322     7.92879e-05     0.00033993     0.000339916     0.000339939     0.000207339     7.71482e-05     0.000272127
1326     8.72167e-05     0.000376198     0.000376183     0.000376207     0.00022907     8.38911e-05     0.000301144
1330     8.58953e-05     0.000372825     0.00037281     0.000372835     0.000226359     8.10453e-05     0.000298311
1334     8.85382e-05     0.000386603     0.000386587     0.000386613     0.000234147     8.21522e-05     0.000309229
1338     8.19309e-05     0.000360167     0.000360153     0.000360176     0.000217968     7.54152e-05     0.000288193
1342     8.19309e-05     0.000362319     0.000362305     0.000362329     0.000218482     7.32899e-05     0.000289773
1346     7.53236e-05     0.000335154     0.000335141     0.000335163     0.000201852     6.66135e-05     0.000268091
1350     6.60733e-05     0.000295717     0.000295705     0.000295725     0.00017781     5.76751e-05     0.000236528
1354     7.26806e-05     0.000327312     0.000327299     0.00032732     0.000196318     6.21191e-05     0.000261732
1358     5.55016e-05     0.000251513     0.000251503     0.000251519     0.000150515     4.6437e-05     0.000201099
1362     6.47518e-05     0.000295388     0.000295376     0.000295395     0.000176249     5.26299e-05     0.00023613
1366     4.49298e-05     0.000206167     0.000206158     0.000206172     0.000122949     3.61156e-05     0.000164891
1370     7.79665e-05     0.000359813     0.000359798     0.000359822     0.000214433     6.21037e-05     0.000287859
1374     4.75728e-05     0.000221012     0.000221003     0.000221017     0.00013136     3.68274e-05     0.000176785
1378     6.07874e-05     0.000283942     0.000283931     0.00028395     0.000168172     4.5551e-05     0.000226963
1382     5.28586e-05     0.000248513     0.000248503     0.000248519     0.000146845     3.84193e-05     0.000198651
1386     4.75728e-05     0.000224991     0.000224983     0.000224997     0.000132965     3.43479e-05     0.000179971
1390     3.83225e-05     0.000182564     0.000182557     0.000182568     0.000107438     2.63153e-05     0.000145957
1394     5.9466e-05     0.000284578     0.000284567     0.000284585     0.00016732     4.03431e-05     0.000227525
1398     5.28586e-05     0.000254467     0.000254457     0.000254473     0.000149605     3.54775e-05     0.000203581
1402     4.49298e-05     0.000217598     0.000217589     0.000217603     0.000127478     2.87209e-05     0.000174024
1406     5.02157e-05     0.000244779     0.00024477     0.000244786     0.000143366     3.15896e-05     0.000195889
1410     3.9644e-05     0.00019425     0.000194243     0.000194255     0.000113657     2.45298e-05     0.000155466
1414     4.09654e-05     0.000201939     0.000201931     0.000201944     0.000117843     2.42743e-05     0.000161601
1418     4.22869e-05     0.00020977     0.000209762     0.000209775     0.000122104     2.40424e-05     0.000167837
1422     5.02157e-05     0.000250584     0.000250574     0.00025059     0.000145495     2.71539e-05     0.0002005
1426     5.02157e-05     0.000252119     0.000252109     0.000252125     0.000146182     2.62249e-05     0.000201777
1430     4.75728e-05     0.000240191     0.000240182     0.000240197     0.000139177     2.41962e-05     0.000192322
1434     5.41801e-05     0.000275252     0.000275241     0.000275258     0.000159363     2.68384e-05     0.000220471
1438     3.56796e-05     0.000182275     0.000182268     0.00018228     0.000105366     1.69833e-05     0.000146017
1442     5.41801e-05     0.000278437     0.000278426     0.000278444     0.00016083     2.4767e-05     0.000223194
1446     4.36084e-05     0.000225186     0.000225177     0.000225192     0.000129754     1.88818e-05     0.000180461
1450     3.56796e-05     0.000185469     0.000185461     0.000185473     0.000106658     1.44837e-05     0.000148666
1454     4.22869e-05     0.000221051     0.000221042     0.000221057     0.000127039     1.65741e-05     0.000177261
1458     4.09654e-05     0.000215303     0.000215294     0.000215308     0.000123616     1.53563e-05     0.00017271
1462     3.17152e-05     0.000167722     0.000167716     0.000167727     9.599e-05     1.07145e-05     0.000134521
1466     3.7001e-05     0.000196751     0.000196744     0.000196756     0.000112492     1.1813e-05     0.000157862
1470     2.64293e-05     0.000141307     0.000141302     0.000141311     8.07226e-05     7.99001e-06     0.000113417
1474     3.03937e-05     0.000163411     0.000163404     0.000163415     9.32559e-05     8.57178e-06     0.000131213
1478     3.9644e-05     0.000214306     0.000214297     0.000214311     0.000122175     1.04039e-05     0.000172139
1482     3.56796e-05     0.000194072     0.000194064     0.000194077     0.000110508     8.44328e-06     0.000155969
1486     4.09654e-05     0.000223984     0.000223975     0.00022399     0.000127441     9.01053e-06     0.000180071
1490     3.30366e-05     0.00018176     0.000181753     0.000181765     0.000103291     6.48563e-06     0.000146181
1494     3.56796e-05     0.000197433     0.000197426     0.000197438     0.000111961     5.87694e-06     0.00015881
1498     2.90722e-05     0.000161705     0.000161698     0.000161709     9.15064e-05     4.00565e-06     0.00013006
1502     2.90722e-05     0.000162599     0.000162593     0.000162604     9.20977e-05     3.62521e-06     0.000130936
1506     2.77508e-05     0.000156167     0.000156161     0.000156171     8.83023e-05     2.59172e-06     0.0001258
1510     2.37864e-05     0.000134468     0.000134463     0.000134472     7.60059e-05     1.97887e-06     0.000108347
1514     2.90722e-05     0.00016534     0.000165333     0.000165344     9.33365e-05     1.58026e-06     0.000133284
1518     3.03937e-05     0.000173915     0.000173909     0.00017392     9.79862e-05     7.48695e-07     0.000140206
1522     2.77508e-05     0.000159585     0.000159579     0.000159589     8.99749e-05     2.2379e-07     0.000128798
1526     3.43581e-05     0.000198572     0.000198564     0.000198577     0.00011175     -7.80593e-07     0.000160288
1530     2.77508e-05     0.000161205     0.000161199     0.000161209     9.05749e-05     -1.34922e-06     0.000130136
1534     1.71791e-05     0.000100378     0.000100374     0.00010038     5.62964e-05     -1.37368e-06     8.10455e-05
1538     2.11435e-05     0.000124251     0.000124247     0.000124255     6.96518e-05     -2.18438e-06     0.000100385
1542     2.51078e-05     0.000148312     0.000148306     0.000148316     8.30663e-05     -3.35948e-06     0.000119902
1546     2.77508e-05     0.000164858     0.000164851     0.000164862     9.21708e-05     -4.67151e-06     0.000133315
1550     3.03937e-05     0.000181568     0.000181561     0.000181572     0.0001015     -5.74835e-06     0.00014693
1554     2.11435e-05     0.00012684     0.000126835     0.000126844     7.09042e-05     -4.2267e-06     0.00010268
1558     1.58576e-05     9.56192e-05     9.56154e-05     9.56215e-05     5.33607e-05     -3.75671e-06     7.74346e-05
1562     2.90722e-05     0.000176393     0.000176386     0.000176397     9.84443e-05     -7.62669e-06     0.000142981
1566     2.11435e-05     0.000128902     0.000128897     0.000128905     7.18226e-05     -6.14438e-06     0.000104491
1570     3.30366e-05     0.000202397     0.000202389     0.000202402     0.000112662     -1.04988e-05     0.000164129
1574     2.51078e-05     0.000154706     0.0001547     0.00015471     8.61508e-05     -8.49619e-06     0.000125571
1578     1.45361e-05     9.00304e-05     9.00269e-05     9.00327e-05     5.00513e-05     -5.45866e-06     7.30961e-05
1582     1.85005e-05     0.000115221     0.000115216     0.000115224     6.40676e-05     -7.42894e-06     9.36399e-05
1586     1.71791e-05     0.000107532     0.000107528     0.000107534     5.97246e-05     -7.44194e-06     8.74239e-05
1590     2.24649e-05     0.000141295     0.00014129     0.000141299     7.84525e-05     -1.02175e-05     0.000114931
1594     1.9822e-05     0.000125384     0.00012538     0.000125388     6.9554e-05     -9.74283e-06     0.000102054
1598     1.9822e-05     0.000125983     0.000125978     0.000125986     6.97861e-05     -1.03513e-05     0.000102556
1602     2.51078e-05     0.000160474     0.000160467     0.000160478     8.89402e-05     -1.37463e-05     0.000130771
1606     1.71791e-05     0.00011033     0.000110326     0.000110333     6.11139e-05     -9.93143e-06     8.9964e-05
1610     1.05717e-05     6.82213e-05     6.82186e-05     6.8223e-05     3.78028e-05     -6.26187e-06     5.56605e-05
1614     1.71791e-05     0.000111453     0.000111449     0.000111456     6.17807e-05     -1.0549e-05     9.10057e-05
1618     1.85005e-05     0.000120628     0.000120624     0.000120631     6.67145e-05     -1.22305e-05     9.85106e-05
1622     1.45361e-05     9.53319e-05     9.53282e-05     9.53343e-05     5.26207e-05     -1.03402e-05     7.78802e-05
1626     1.32147e-05     8.69425e-05     8.69391e-05     8.69447e-05     4.80043e-05     -9.54589e-06     7.10582e-05
1630     1.58576e-05     0.000104915     0.00010491     0.000104917     5.79543e-05     -1.18782e-05     8.58301e-05
1634     2.11435e-05     0.000140668     0.000140662     0.000140671     7.76475e-05     -1.6675e-05     0.000115158
1638     1.9822e-05     0.000132484     0.000132478     0.000132487     7.30057e-05     -1.64232e-05     0.000108475
1642     1.05717e-05     7.10184e-05     7.10157e-05     7.10202e-05     3.91459e-05     -9.09019e-06     5.82051e-05
1646     1.18932e-05     8.03868e-05     8.03837e-05     8.03888e-05     4.42664e-05     -1.07229e-05     6.59182e-05
1650     1.05717e-05     7.1729e-05     7.17262e-05     7.17308e-05     3.95195e-05     -9.6732e-06     5.88523e-05
1654     1.71791e-05     0.000117176     0.000117171     0.000117179     6.45974e-05     -1.61568e-05     9.62295e-05
1658     1.71791e-05     0.000117797     0.000117792     0.0001178     6.48379e-05     -1.69115e-05     9.67662e-05
1662     1.32147e-05     9.10157e-05     9.10122e-05     9.1018e-05     5.02145e-05     -1.31869e-05     7.48788e-05
1666     2.24649e-05     0.000155381     0.000155375     0.000155385     8.55905e-05     -2.34359e-05     0.000127873
1670     2.11435e-05     0.000147041     0.000147035     0.000147044     8.0931e-05     -2.28095e-05     0.000121056
1674     7.92879e-06     5.54092e-05     5.54071e-05     5.54106e-05     3.04847e-05     -8.84394e-06     4.56464e-05
1678     1.18932e-05     8.35487e-05     8.35454e-05     8.35507e-05     4.59722e-05     -1.35806e-05     6.88707e-05
1682     9.25026e-06     6.52401e-05     6.52375e-05     6.52417e-05     3.58604e-05     -1.10099e-05     5.38114e-05
1686     1.45361e-05     0.000103032     0.000103028     0.000103034     5.66325e-05     -1.77474e-05     8.5037e-05
1690     1.45361e-05     0.000103528     0.000103524     0.000103531     5.68986e-05     -1.82504e-05     8.55058e-05
1694     5.28586e-06     3.77598e-05     3.77583e-05     3.77607e-05     2.07507e-05     -6.74213e-06     3.11983e-05
1698     2.11435e-05     0.000152014     0.000152008     0.000152018     8.36066e-05     -2.76972e-05     0.000125736
1702     1.9822e-05     0.000143159     0.000143154     0.000143163     7.85671e-05     -2.72123e-05     0.000118452
1706     1.71791e-05     0.000124655     0.00012465     0.000124658     6.84261e-05     -2.3988e-05     0.000103195
1710     1.05717e-05     7.70594e-05     7.70564e-05     7.70613e-05     4.2308e-05     -1.50287e-05     6.3829e-05
1714     1.32147e-05     9.68399e-05     9.68362e-05     9.68423e-05     5.31991e-05     -1.93633e-05     8.03078e-05
1718     1.32147e-05     9.72308e-05     9.7227e-05     9.72332e-05     5.34676e-05     -1.96317e-05     8.07009e-05
1722     1.45361e-05     0.000107557     0.000107552     0.000107559     5.91811e-05     -2.21581e-05     8.93618e-05
1726     1.18932e-05     8.83529e-05     8.83495e-05     8.83551e-05     4.85712e-05     -1.86597e-05     7.34406e-05
1730     1.85005e-05     0.000138136     0.00013813     0.000138139     7.5945e-05     -2.97569e-05     0.000114909
1734     1.05717e-05     7.92552e-05     7.92522e-05     7.92572e-05     4.35822e-05     -1.72414e-05     6.59596e-05
1738     1.05717e-05     7.96585e-05     7.96554e-05     7.96604e-05     4.38089e-05     -1.76641e-05     6.63474e-05
1742     1.05717e-05     8.0046e-05     8.00428e-05     8.00479e-05     4.413e-05     -1.78703e-05     6.67674e-05
1746     9.25026e-06     7.02893e-05     7.02865e-05     7.0291e-05     3.86858e-05     -1.60738e-05     5.86339e-05
1750     7.92879e-06     6.05547e-05     6.05524e-05     6.05562e-05     3.33401e-05     -1.42045e-05     5.05727e-05
1754     3.9644e-06     3.03743e-05     3.03731e-05     3.0375e-05     1.67288e-05     -7.1361e-06     2.53729e-05
1758     1.05717e-05     8.1491e-05     8.14878e-05     8.1493e-05     4.48646e-05     -1.96111e-05     6.81242e-05
1762     1.18932e-05     9.20822e-05     9.20787e-05     9.20845e-05     5.07074e-05     -2.26064e-05     7.70483e-05
1766     9.25026e-06     7.18863e-05     7.18835e-05     7.1888e-05     3.95313e-05     -1.80665e-05     6.01664e-05
1770     1.18932e-05     9.28677e-05     9.28641e-05     9.287e-05     5.10712e-05     -2.36875e-05     7.77757e-05
1774     5.28586e-06     4.14778e-05     4.14762e-05     4.14788e-05     2.28259e-05     -1.07671e-05     3.47738e-05
1778     7.92879e-06     6.24361e-05     6.24337e-05     6.24377e-05     3.43581e-05     -1.63786e-05     5.23661e-05
1782     9.25026e-06     7.32438e-05     7.3241e-05     7.32456e-05     4.041e-05     -1.93055e-05     6.15198e-05
1786     1.18932e-05     9.46051e-05     9.46014e-05     9.46074e-05     5.20913e-05     -2.5675e-05     7.94836e-05
1790     6.60733e-06     5.2711e-05     5.2709e-05     5.27123e-05     2.90301e-05     -1.43753e-05     4.42996e-05
1794     5.28586e-06     4.23763e-05     4.23746e-05     4.23773e-05     2.33895e-05     -1.16536e-05     3.56634e-05
1798     3.9644e-06     3.19081e-05     3.19068e-05     3.19089e-05     1.7628e-05     -8.85813e-06     2.6876e-05
1802     1.32147e-06     1.06864e-05     1.0686e-05     1.06867e-05     5.89327e-06     -3.05395e-06     9.00474e-06
1806     5.28586e-06     4.29636e-05     4.29619e-05     4.29646e-05     2.37223e-05     -1.24341e-05     3.62427e-05
1810     1.18932e-05     9.70085e-05     9.70047e-05     9.70109e-05     5.35575e-05     -2.83248e-05     8.18612e-05
1814     9.25026e-06     7.58159e-05     7.58129e-05     7.58177e-05     4.1851e-05     -2.25032e-05     6.40195e-05
1818     9.25026e-06     7.61339e-05     7.61309e-05     7.61357e-05     4.20246e-05     -2.29055e-05     6.4325e-05
1822     5.28586e-06     4.36576e-05     4.36559e-05     4.36587e-05     2.41114e-05     -1.33355e-05     3.69202e-05
1826     6.60733e-06     5.47883e-05     5.47862e-05     5.47897e-05     3.0268e-05     -1.67692e-05     4.63439e-05
1830     5.28586e-06     4.40887e-05     4.4087e-05     4.40898e-05     2.43929e-05     -1.37091e-05     3.73451e-05
1834     6.60733e-06     5.52695e-05     5.52674e-05     5.52709e-05     3.05942e-05     -1.73566e-05     4.68475e-05
1838     7.92879e-06     6.66902e-05     6.66876e-05     6.66918e-05     3.69547e-05     -2.11259e-05     5.65777e-05
1842     1.32147e-06     1.11655e-05     1.11651e-05     1.11658e-05     6.18098e-06     -3.61689e-06     9.47789e-06
1846     6.60733e-06     5.59994e-05     5.59973e-05     5.60008e-05     3.11066e-05     -1.80849e-05     4.76016e-05
1850     1.32147e-06     1.12279e-05     1.12275e-05     1.12282e-05     6.24221e-06     -3.62325e-06     9.54746e-06
1854     7.92879e-06     6.77789e-05     6.77762e-05     6.77805e-05     3.75765e-05     -2.26209e-05     5.76521e-05
1858     0     0     0     0     0     0     0
1862     1.18932e-05     0.000102564     0.00010256     0.000102567     5.70329e-05     -3.48028e-05     8.74227e-05
1866     7.92879e-06     6.86188e-05     6.86161e-05     6.86205e-05     3.81275e-05     -2.36976e-05     5.85168e-05
1870     3.9644e-06     3.44517e-05     3.44504e-05     3.44526e-05     1.9153e-05     -1.19657e-05     2.93945e-05
1874     5.28586e-06     4.61633e-05     4.61615e-05     4.61645e-05     2.57172e-05     -1.61802e-05     3.944e-05
1878     1.32147e-06     1.15963e-05     1.15959e-05     1.15966e-05     6.46483e-06     -4.08371e-06     9.91275e-06
1882     9.25026e-06     8.14113e-05     8.14081e-05     8.14133e-05     4.53056e-05     -2.93844e-05     6.96186e-05
1886     3.9644e-06     3.49939e-05     3.49925e-05     3.49947e-05     1.94843e-05     -1.27353e-05     2.99433e-05
1890     7.92879e-06     7.03293e-05     7.03266e-05     7.03311e-05     3.91959e-05     -2.58233e-05     6.02291e-05
1894     5.28586e-06     4.70955e-05     4.70937e-05     4.70967e-05     2.62843e-05     -1.73852e-05     4.03669e-05
1898     9.25026e-06     8.27085e-05     8.27053e-05     8.27106e-05     4.62604e-05     -3.05863e-05     7.09641e-05
1902     7.92879e-06     7.11555e-05     7.11527e-05     7.11572e-05     3.97799e-05     -2.67854e-05     6.10908e-05
1906     1.32147e-06     1.19151e-05     1.19146e-05     1.19154e-05     6.66818e-06     -4.53311e-06     1.02396e-05
1910     5.28586e-06     4.78545e-05     4.78526e-05     4.78557e-05     2.67958e-05     -1.83027e-05     4.11451e-05
1914     3.9644e-06     3.60651e-05     3.60637e-05     3.6066e-05     2.02116e-05     -1.39168e-05     3.10331e-05
1918     1.32147e-06     1.20402e-05     1.20397e-05     1.20405e-05     6.75182e-06     -4.6799e-06     1.03667e-05
1922     1.32147e-06     1.20878e-05     1.20874e-05     1.20881e-05     6.78552e-06     -4.74797e-06     1.04175e-05
1926     6.60733e-06     6.07614e-05     6.0759e-05     6.07628e-05     3.41753e-05     -2.39459e-05     5.24167e-05
1930     3.9644e-06     3.65728e-05     3.65714e-05     3.65737e-05     2.05805e-05     -1.44252e-05     3.15578e-05
1934     5.28586e-06     4.89872e-05     4.89853e-05     4.89884e-05     2.75562e-05     -1.96414e-05     4.2297e-05
1938     1.32147e-06     1.22775e-05     1.2277e-05     1.22778e-05     6.91588e-06     -4.96535e-06     1.06113e-05
1942     2.64293e-06     2.47215e-05     2.47206e-05     2.47221e-05     1.39321e-05     -1.01245e-05     2.13837e-05
1946     6.60733e-06     6.19625e-05     6.19601e-05     6.1964e-05     3.49771e-05     -2.54904e-05     5.36445e-05
1950     2.64293e-06     2.4867e-05     2.4866e-05     2.48676e-05     1.40373e-05     -1.03325e-05     2.15394e-05
1954     2.64293e-06     2.49555e-05     2.49545e-05     2.49561e-05     1.40818e-05     -1.04605e-05     2.16219e-05
1958     0     0     0     0     0     0     0
1962     3.9644e-06     3.77018e-05     3.77003e-05     3.77027e-05     2.13605e-05     -1.59794e-05     3.27373e-05
1966     5.28586e-06     5.05406e-05     5.05386e-05     5.05418e-05     2.86022e-05     -2.17506e-05     4.38982e-05
1970     3.9644e-06     3.80617e-05     3.80602e-05     3.80626e-05     2.15632e-05     -1.65148e-05     3.30871e-05
1974     7.92879e-06     7.63891e-05     7.63861e-05     7.63909e-05     4.33121e-05     -3.32607e-05     6.64385e-05
1978     6.60733e-06     6.39403e-05     6.39378e-05     6.39418e-05     3.62705e-05     -2.81061e-05     5.56475e-05
1982     1.32147e-06     1.28043e-05     1.28038e-05     1.28046e-05     7.28031e-06     -5.65054e-06     1.11563e-05
1986     3.9644e-06     3.86514e-05     3.86499e-05     3.86523e-05     2.19857e-05     -1.7259e-05     3.37017e-05
1990     0     0     0     0     0     0     0
1994     0     0     0     0     0     0     0
1998     5.28586e-06     5.20544e-05     5.20524e-05     5.20556e-05     2.95693e-05     -2.36897e-05     4.5406e-05
2002     7.92879e-06     7.84628e-05     7.84597e-05     7.84647e-05     8.24472e-05     8.80696e-05     7.98789e-05
2006     1.32147e-06     1.31353e-05     1.31348e-05     1.31356e-05     1.38023e-05     1.47435e-05     1.33723e-05
2010     6.60733e-06     6.58098e-05     6.58073e-05     6.58114e-05     6.91517e-05     7.38674e-05     6.69975e-05
2014     2.64293e-06     2.64423e-05     2.64413e-05     2.6443e-05     2.77851e-05     2.96798e-05     2.69195e-05
2018     0     0     0     0     0     0     0
2022     0     0     0     0     0     0     0
2026     1.32147e-06     1.33528e-05     1.33523e-05     1.33531e-05     1.40308e-05     1.49877e-05     1.35938e-05
2030     2.64293e-06     2.68474e-05     2.68463e-05     2.6848e-05     2.82107e-05     3.01345e-05     2.73319e-05
2034     3.9644e-06     4.03806e-05     4.0379e-05     4.03815e-05     4.24311e-05     4.53246e-05     4.11093e-05
2038     5.28586e-06     5.40412e-05     5.40392e-05     5.40426e-05     5.67855e-05     6.06579e-05     5.50166e-05
2042     5.28586e-06     5.42199e-05     5.42178e-05     5.42212e-05     5.69732e-05     6.08584e-05     5.51984e-05
2046     1.32147e-06     1.35842e-05     1.35837e-05     1.35846e-05     1.42741e-05     1.52475e-05     1.38294e-05
2050     6.60733e-06     6.82794e-05     6.82767e-05     6.8281e-05     7.17466e-05     7.66393e-05     6.95116e-05
2054     1.32147e-06     1.37261e-05     1.37256e-05     1.37265e-05     1.44232e-05     1.54067e-05     1.39739e-05
2058     2.64293e-06     2.75019e-05     2.75009e-05     2.75026e-05     2.88985e-05     3.08692e-05     2.79983e-05
2062     2.64293e-06     2.76034e-05     2.76023e-05     2.76041e-05     2.90051e-05     3.09831e-05     2.81016e-05
2066     2.64293e-06     2.76807e-05     2.76796e-05     2.76814e-05     2.90863e-05     3.10698e-05     2.81803e-05
2070     3.9644e-06     4.17012e-05     4.16995e-05     4.17022e-05     4.38188e-05     4.68069e-05     4.24538e-05
2074     3.9644e-06     4.18463e-05     4.18446e-05     4.18473e-05     4.39712e-05     4.69698e-05     4.26015e-05
2078     0     0     0     0     0     0     0
2082     0     0     0     0     0     0     0
2086     2.64293e-06     2.82074e-05     2.82063e-05     2.82081e-05     2.96398e-05     3.16611e-05     2.87165e-05
2090     0     0     0     0     0     0     0
2094     3.9644e-06     4.26342e-05     4.26326e-05     4.26353e-05     4.47992e-05     4.78542e-05     4.34037e-05
2098     1.32147e-06     1.42519e-05     1.42514e-05     1.42523e-05     1.49757e-05     1.59969e-05     1.45091e-05
2102     1.32147e-06     1.42792e-05     1.42787e-05     1.42796e-05     1.50043e-05     1.60275e-05     1.45369e-05
2106     1.32147e-06     1.43407e-05     1.43401e-05     1.4341e-05     1.50689e-05     1.60965e-05     1.45995e-05
2110     2.64293e-06     2.87805e-05     2.87793e-05     2.87812e-05     3.02419e-05     3.23043e-05     2.92999e-05
2114     2.64293e-06     2.88816e-05     2.88805e-05     2.88823e-05     3.03482e-05     3.24178e-05     2.94028e-05
2118     3.9644e-06     4.35097e-05     4.35081e-05     4.35108e-05     4.57192e-05     4.8837e-05     4.4295e-05
2122     0     0     0     0     0     0     0
2126     0     0     0     0     0     0     0
2130     3.9644e-06     4.39294e-05     4.39277e-05     4.39305e-05     4.61602e-05     4.9308e-05     4.47222e-05
2134     0     0     0     0     0     0     0
2138     0     0     0     0     0     0     0
2142     1.32147e-06     1.47918e-05     1.47912e-05     1.47921e-05     1.55429e-05     1.66028e-05     1.50587e-05
2146     1.32147e-06     1.48522e-05     1.48516e-05     1.48525e-05     1.56064e-05     1.66706e-05     1.51202e-05
2150     3.9644e-06     4.46979e-05     4.46962e-05     4.4699e-05     4.69677e-05     5.01706e-05     4.55046e-05
2154     2.64293e-06     2.98774e-05     2.98762e-05     2.98781e-05     3.13946e-05     3.35355e-05     3.04166e-05
2158     3.9644e-06     4.50096e-05     4.50078e-05     4.50107e-05     4.72952e-05     5.05204e-05     4.58219e-05
2162     1.32147e-06     1.50675e-05     1.5067e-05     1.50679e-05     1.58327e-05     1.69124e-05     1.53395e-05
2166     1.32147e-06     1.50796e-05     1.5079e-05     1.508e-05     1.58453e-05     1.69259e-05     1.53518e-05
2170     2.64293e-06     3.02535e-05     3.02523e-05     3.02542e-05     3.17898e-05     3.39576e-05     3.07995e-05
2174     1.32147e-06     1.52177e-05     1.52171e-05     1.52181e-05     1.59905e-05     1.70809e-05     1.54924e-05
2178     0     0     0     0     0     0     0
2182     3.9644e-06     4.58467e-05     4.58449e-05     4.58478e-05     4.81748e-05     5.14601e-05     4.66741e-05
2186     3.9644e-06     4.60901e-05     4.60883e-05     4.60912e-05     4.84306e-05     5.17332e-05     4.69219e-05
2190     1.32147e-06     1.53732e-05     1.53726e-05     1.53736e-05     1.61539e-05     1.72555e-05     1.56507e-05
2194     0     0     0     0     0     0     0
2198     1.32147e-06     1.55184e-05     1.55178e-05     1.55188e-05     1.63065e-05     1.74185e-05     1.57985e-05
2202     2.64293e-06     3.11207e-05     3.11195e-05     3.11215e-05     3.27011e-05     3.49311e-05     3.16824e-05
2206     0     0     0     0     0     0     0
2210     2.64293e-06     3.13334e-05     3.13322e-05     3.13342e-05     3.29245e-05     3.51698e-05     3.18989e-05
2214     1.32147e-06     1.57056e-05     1.5705e-05     1.5706e-05     1.65031e-05     1.76285e-05     1.5989e-05
2218     1.32147e-06     1.57342e-05     1.57336e-05     1.57346e-05     1.65332e-05     1.76606e-05     1.60181e-05
2222     0     0     0     0     0     0     0
2226     0     0     0     0     0     0     0
2230     0     0     0     0     0     0     0
2234     1.32147e-06     1.59348e-05     1.59342e-05     1.59352e-05     1.6744e-05     1.78858e-05     1.62224e-05
2238     1.32147e-06     1.59922e-05     1.59916e-05     1.59926e-05     1.68043e-05     1.79503e-05     1.62808e-05
2242     1.32147e-06     1.60555e-05     1.60549e-05     1.60559e-05     1.68709e-05     1.80213e-05     1.63453e-05
2246     1.32147e-06     1.60857e-05     1.60851e-05     1.60861e-05     1.69025e-05     1.80552e-05     1.6376e-05
2250     1.32147e-06     1.6156e-05     1.61554e-05     1.61564e-05     1.69764e-05     1.81341e-05     1.64476e-05
2254     2.64293e-06     3.24355e-05     3.24343e-05     3.24363e-05     3.40826e-05     3.64069e-05     3.30209e-05
2258     0     0     0     0     0     0     0
2262     0     0     0     0     0     0     0
2266     0     0     0     0     0     0     0
2270     0     0     0     0     0     0     0
2274     0     0     0     0     0     0     0
2278     2.64293e-06     3.30551e-05     3.30539e-05     3.30559e-05     3.47337e-05     3.71023e-05     3.36517e-05
2282     1.32147e-06     1.65742e-05     1.65736e-05     1.65746e-05     1.74159e-05     1.86036e-05     1.68734e-05
2286     0     0     0     0     0     0     0
2290     0     0     0     0     0     0     0
2294     0     0     0     0     0     0     0
2298     0     0     0     0     0     0     0
2302     3.9644e-06     5.04005e-05     5.03985e-05     5.04017e-05     5.29598e-05     5.65714e-05     5.13101e-05
2306     0     0     0     0     0     0     0
2310     1.32147e-06     1.68953e-05     1.68946e-05     1.68957e-05     1.77532e-05     1.89639e-05     1.72002e-05
2314     1.32147e-06     1.69679e-05     1.69673e-05     1.69683e-05     1.78296e-05     1.90454e-05     1.72742e-05
2318     0     0     0     0     0     0     0
2322     0     0     0     0     0     0     0
2326     0     0     0     0     0     0     0
2330     1.32147e-06     1.71587e-05     1.71581e-05     1.71592e-05     1.80301e-05     1.92596e-05     1.74684e-05
2334     2.64293e-06     3.44515e-05     3.44502e-05     3.44523e-05     3.62009e-05     3.86696e-05     3.50733e-05
2338     1.32147e-06     1.72854e-05     1.72847e-05     1.72858e-05     1.81632e-05     1.94018e-05     1.75974e-05
2342     0     0     0     0     0     0     0
2346     0     0     0     0     0     0     0
2350     0     0     0     0     0     0     0
2354     0     0     0     0     0     0     0
2358     0     0     0     0     0     0     0
2362     0     0     0     0     0     0     0
2366     0     0     0     0     0     0     0
2370     0     0     0     0     0     0     0
2374     0     0     0     0     0     0     0
2378     1.32147e-06     1.77917e-05     1.7791e-05     1.77921e-05     1.86952e-05     1.99701e-05     1.81128e-05
2382     0     0     0     0     0     0     0
2386     1.32147e-06     1.79108e-05     1.79101e-05     1.79112e-05     1.88203e-05     2.01037e-05     1.8234e-05
2390     0     0     0     0     0     0     0
2394     1.32147e-06     1.79825e-05     1.79818e-05     1.7983e-05     1.88957e-05     2.01842e-05     1.83071e-05
2398     2.64293e-06     3.61033e-05     3.61019e-05     3.61042e-05     3.79366e-05     4.05237e-05     3.67549e-05
2402     0     0     0     0     0     0     0
2406     2.64293e-06     3.62878e-05     3.62864e-05     3.62887e-05     3.81305e-05     4.07308e-05     3.69427e-05
2410     1.32147e-06     1.81805e-05     1.81798e-05     1.8181e-05     1.91038e-05     2.04065e-05     1.85087e-05
2414     2.64293e-06     3.65322e-05     3.65308e-05     3.65331e-05     3.83873e-05     4.10051e-05     3.71915e-05
2418     0     0     0     0     0     0     0
2422     0     0     0     0     0     0     0
2426     0     0     0     0     0     0     0
2430     1.32147e-06     1.84779e-05     1.84772e-05     1.84784e-05     1.94163e-05     2.07403e-05     1.88114e-05
2434     0     0     0     0     0     0     0
2438     0     0     0     0     0     0     0
2442     0     0     0     0     0     0     0
2446     2.64293e-06     3.73702e-05     3.73688e-05     3.73711e-05     3.92679e-05     4.19458e-05     3.80447e-05
2450     0     0     0     0     0     0     0
2454     0     0     0     0     0     0     0
2458     0     0     0     0     0     0     0
2462     0     0     0     0     0     0     0
2466     0     0     0     0     0     0     0
2470     0     0     0     0     0     0     0
2474     0     0     0     0     0     0     0
2478     0     0     0     0     0     0     0
2482     0     0     0     0     0     0     0
2486     0     0     0     0     0     0     0
2490     1.32147e-06     1.92353e-05     1.92346e-05     1.92358e-05     2.02121e-05     2.15904e-05     1.95825e-05
2494     0     0     0     0     0     0     0
2498     5.28586e-06     7.74405e-05     7.74375e-05     7.74424e-05     8.1373e-05     8.69221e-05     7.88381e-05
2502     1.32147e-06     1.94216e-05     1.94209e-05     1.94221e-05     2.04079e-05     2.17996e-05     1.97721e-05
2506     0     0     0     0     0     0     0
2510     1.32147e-06     1.94937e-05     1.94929e-05     1.94942e-05     2.04836e-05     2.18805e-05     1.98455e-05
2514     0     0     0     0     0     0     0
2518     0     0     0     0     0     0     0
2522     0     0     0     0     0     0     0
2526     0     0     0     0     0     0     0
2530     0     0     0     0     0     0     0
2534     0     0     0     0     0     0     0
2538     0     0     0     0     0     0     0
2542     0     0     0     0     0     0     0
2546     0     0     0     0     0     0     0
2550     0     0     0     0     0     0     0
2554     1.32147e-06     2.00966e-05     2.00959e-05     2.00971e-05     2.11172e-05     2.25572e-05     2.04593e-05
2558     0     0     0     0     0     0     0
2562     0     0     0     0     0     0     0
2566     0     0     0     0     0     0     0
2570     0     0     0     0     0     0     0
2574     0     0     0     0     0     0     0
2578     0     0     0     0     0     0     0
2582     1.32147e-06     2.04418e-05     2.0441e-05     2.04423e-05     2.14798e-05     2.29446e-05     2.08107e-05
2586     0     0     0     0     0     0     0
2590     0     0     0     0     0     0     0
2594     0     0     0     0     0     0     0
2598     0     0     0     0     0     0     0
2602     1.32147e-06     2.07225e-05     2.07217e-05     2.0723e-05     2.17748e-05     2.32597e-05     2.10965e-05
2606     0     0     0     0     0     0     0
2610     0     0     0     0     0     0     0
2614     1.32147e-06     2.0842e-05     2.08411e-05     2.08425e-05     2.19003e-05     2.33938e-05     2.12181e-05
2618     0     0     0     0     0     0     0
2622     0     0     0     0     0     0     0
2626     0     0     0     0     0     0     0
2630     0     0     0     0     0     0     0
2634     0     0     0     0     0     0     0
2638     0     0     0     0     0     0     0
2642     0     0     0     0     0     0     0
2646     0     0     0     0     0     0     0
2650     0     0     0     0     0     0     0
2654     2.64293e-06     4.27901e-05     4.27884e-05     4.27911e-05     4.4963e-05     4.80292e-05     4.35623e-05
2658     0     0     0     0     0     0     0
2662     0     0     0     0     0     0     0
2666     0     0     0     0     0     0     0
2670     0     0     0     0     0     0     0
2674     0     0     0     0     0     0     0
2678     0     0     0     0     0     0     0
2682     0     0     0     0     0     0     0
2686     0     0     0     0     0     0     0
2690     0     0     0     0     0     0     0
2694     0     0     0     0     0     0     0
2698     0     0     0     0     0     0     0
2702     0     0     0     0     0     0     0
2706     0     0     0     0     0     0     0
2710     0     0     0     0     0     0     0
2714     0     0     0     0     0     0     0
2718     0     0     0     0     0     0     0
2722     0     0     0     0     0     0     0
2726     1.32147e-06     2.23264e-05     2.23256e-05     2.2327e-05     2.34602e-05     2.506e-05     2.27294e-05
2730     0     0     0     0     0     0     0
2734     0     0     0     0     0     0     0
2738     0     0     0     0     0     0     0
2742     0     0     0     0     0     0     0
2746     0     0     0     0     0     0     0
2750     0     0     0     0     0     0     0
2754     0     0     0     0     0     0     0
2758     0     0     0     0     0     0     0
2762     0     0     0     0     0     0     0
2766     0     0     0     0     0     0     0
2770     0     0     0     0     0     0     0
2774     0     0     0     0     0     0     0
2778     0     0     0     0     0     0     0
2782     0     0     0     0     0     0     0
2786     1.32147e-06     2.31729e-05     2.3172e-05     2.31735e-05     2.43496e-05     2.60101e-05     2.35911e-05
2790     0     0     0     0     0     0     0
2794     0     0     0     0     0     0     0
2798     1.32147e-06     2.3328e-05     2.33271e-05     2.33286e-05     2.45126e-05     2.61842e-05     2.3749e-05
2802     0     0     0     0     0     0     0
2806     0     0     0     0     0     0     0
2810     0     0     0     0     0     0     0
2814     0     0     0     0     0     0     0
2818     0     0     0     0     0     0     0
2822     0     0     0     0     0     0     0
2826     0     0     0     0     0     0     0
2830     0     0     0     0     0     0     0
2834     0     0     0     0     0     0     0
2838     1.32147e-06     2.38575e-05     2.38565e-05     2.38581e-05     2.5069e-05     2.67785e-05     2.4288e-05
2842     0     0     0     0     0     0     0
2846     0     0     0     0     0     0     0
2850     0     0     0     0     0     0     0
2854     0     0     0     0     0     0     0
2858     0     0     0     0     0     0     0
2862     1.32147e-06     2.41793e-05     2.41784e-05     2.41799e-05     2.54072e-05     2.71398e-05     2.46157e-05
2866     0     0     0     0     0     0     0
2870     0     0     0     0     0     0     0
2874     0     0     0     0     0     0     0
2878     0     0     0     0     0     0     0
2882     1.32147e-06     2.44221e-05     2.44212e-05     2.44227e-05     2.56623e-05     2.74123e-05     2.48629e-05
2886     0     0     0     0     0     0     0
2890     0     0     0     0     0     0     0
2894     0     0     0     0     0     0     0
2898     0     0     0     0     0     0     0
2902     0     0     0     0     0     0     0
2906     0     0     0     0     0     0     0
2910     0     0     0     0     0     0     0
2914     0     0     0     0     0     0     0
2918     0     0     0     0     0     0     0
2922     0     0     0     0     0     0     0
2926     0     0     0     0     0     0     0
2930     0     0     0     0     0     0     0
2934     0     0     0     0     0     0     0
2938     0     0     0     0     0     0     0
2942     0     0     0     0     0     0     0
2946     0     0     0     0     0     0     0
2950     0     0     0     0     0     0     0
2954     0     0     0     0     0     0     0
2958     0     0     0     0     0     0     0
2962     0     0     0     0     0     0     0
2966     0     0     0     0     0     0     0
2970     0     0     0     0     0     0     0
2974     0     0     0     0     0     0     0
2978     0     0     0     0     0     0     0
2982     0     0     0     0     0     0     0
2986     0     0     0     0     0     0     0
2990     0     0     0     0     0     0     0
2994     0     0     0     0     0     0     0
2998     0     0     0     0     0     0     0
3002     0     0     0     0     0     0     0
3006     0     0     0     0     0     0     0
3010     0     0     0     0     0     0     0
3014     0     0     0     0     0     0     0
3018     0     0     0     0     0     0     0
3022     0     0     0     0     0     0     0
3026     0     0     0     0     0     0     0
3030     0     0     0     0     0     0     0
3034     0     0     0     0     0     0     0
3038     0     0     0     0     0     0     0
3042     0     0     0     0     0     0     0
3046     0     0     0     0     0     0     0
3050     0     0     0     0     0     0     0
3054     0     0     0     0     0     0     0
3058     1.32147e-06     2.67962e-05     2.67952e-05     2.67968e-05     2.81569e-05     3.0077e-05     2.72798e-05
3062     0     0     0     0     0     0     0
3066     0     0     0     0     0     0     0
3070     0     0     0     0     0     0     0
3074     0     0     0     0     0     0     0
3078     0     0     0     0     0     0     0
3082     0     0     0     0     0     0     0
3086     0     0     0     0     0     0     0
3090     0     0     0     0     0     0     0
3094     0     0     0     0     0     0     0
3098     0     0     0     0     0     0     0
3102     0     0     0     0     0     0     0
3106     0     0     0     0     0     0     0
3110     0     0     0     0     0     0     0
3114     0     0     0     0     0     0     0
3118     0     0     0     0     0     0     0
3122     0     0     0     0     0     0     0
3126     0     0     0     0     0     0     0
3130     0     0     0     0     0     0     0
3134     0     0     0     0     0     0     0
3138     0     0     0     0     0     0     0
3142     0     0     0     0     0     0     0
3146     0     0     0     0     0     0     0
3150     0     0     0     0     0     0     0
3154     0     0     0     0     0     0     0
3158     0     0     0     0     0     0     0
3162     0     0     0     0     0     0     0
3166     0     0     0     0     0     0     0
3170     0     0     0     0     0     0     0
3174     0     0     0     0     0     0     0
3178     0     0     0     0     0     0     0
3182     0     0     0     0     0     0     0
3186     0     0     0     0     0     0     0
3190     0     0     0     0     0     0     0
3194     0     0     0     0     0     0     0
3198     0     0     0     0     0     0     0
3202     0     0     0     0     0     0     0
3206     0     0     0     0     0     0     0
3210     0     0     0     0     0     0     0
3214     0     0     0     0     0     0     0
3218     0     0     0     0     0     0     0
3222     1.32147e-06     2.90272e-05     2.9026e-05     2.90279e-05     3.05012e-05     3.25812e-05     2.9551e-05
3226     0     0     0     0     0     0     0
3230     0     0     0     0     0     0     0
3234     0     0     0     0     0     0     0
3238     0     0     0     0     0     0     0
3242     0     0     0     0     0     0     0
3246     0     0     0     0     0     0     0
3250     0     0     0     0     0     0     0
3254     0     0     0     0     0     0     0
3258     0     0     0     0     0     0     0
3262     0     0     0     0     0     0     0
3266     0     0     0     0     0     0     0
3270     0     0     0     0     0     0     0
3274     0     0     0     0     0     0     0
3278     0     0     0     0     0     0     0
3282     0     0     0     0     0     0     0
3286     0     0     0     0     0     0     0
3290     0     0     0     0     0     0     0
3294     0     0     0     0     0     0     0
3298     0     0     0     0     0     0     0
3302     0     0     0     0     0     0     0
3306     0     0     0     0     0     0     0
3310     0     0     0     0     0     0     0
3314     0     0     0     0     0     0     0
3318     0     0     0     0     0     0     0
3322     0     0     0     0     0     0     0
3326     0     0     0     0     0     0     0
3330     0     0     0     0     0     0     0
3334     0     0     0     0     0     0     0
3338     0     0     0     0     0     0     0
3342     0     0     0     0     0     0     0
3346     1.32147e-06     3.07359e-05     3.07347e-05     3.07367e-05     3.22967e-05     3.44991e-05     3.12906e-05
3350     0     0     0     0     0     0     0
3354     0     0     0     0     0     0     0
3358     0     0     0     0     0     0     0
3362     0     0     0     0     0     0     0
3366     0     0     0     0     0     0     0
3370     0     0     0     0     0     0     0
3374     0     0     0     0     0     0     0
3378     0     0     0     0     0     0     0
3382     0     0     0     0     0     0     0
3386     0     0     0     0     0     0     0
3390     0     0     0     0     0     0     0
3394     0     0     0     0     0     0     0
3398     0     0     0     0     0     0     0
3402     0     0     0     0     0     0     0
3406     0     0     0     0     0     0     0
3410     0     0     0     0     0     0     0
3414     0     0     0     0     0     0     0
3418     0     0     0     0     0     0     0
3422     0     0     0     0     0     0     0
3426     0     0     0     0     0     0     0
3430     0     0     0     0     0     0     0
3434     0     0     0     0     0     0     0
3438     0     0     0     0     0     0     0
3442     0     0     0     0     0     0     0
3446     0     0     0     0     0     0     0
3450     0     0     0     0     0     0     0
3454     0     0     0     0     0     0     0
3458     0     0     0     0     0     0     0
3462     0     0     0     0     0     0     0
3466     0     0     0     0     0     0     0
3470     0     0     0     0     0     0     0
3474     0     0     0     0     0     0     0
3478     0     0     0     0     0     0     0
3482     0     0     0     0     0     0     0
3486     0     0     0     0     0     0     0
3490     0     0     0     0     0     0     0
3494     0     0     0     0     0     0     0
3498     0     0     0     0     0     0     0
3502     0     0     0     0     0     0     0
3506     0     0     0     0     0     0     0
3510     0     0     0     0     0     0     0
3514     0     0     0     0     0     0     0
3518     0     0     0     0     0     0     0
3522     0     0     0     0     0     0     0
3526     0     0     0     0     0     0     0
3530     0     0     0     0     0     0     0
3534     0     0     0     0     0     0     0
3538     0     0     0     0     0     0     0
3542     0     0     0     0     0     0     0
3546     0     0     0     0     0     0     0
3550     0     0     0     0     0     0     0
3554     0     0     0     0     0     0     0
3558     0     0     0     0     0     0     0
3562     0     0     0     0     0     0     0
3566     0     0     0     0     0     0     0
3570     0     0     0     0     0     0     0
3574     0     0     0     0     0     0     0
3578     0     0     0     0     0     0     0
3582     0     0     0     0     0     0     0
3586     0     0     0     0     0     0     0
3590     0     0     0     0     0     0     0
3594     0     0     0     0     0     0     0
3598     0     0     0     0     0     0     0
3602     0     0     0     0     0     0     0
3606     0     0     0     0     0     0     0
3610     0     0     0     0     0     0     0
3614     0     0     0     0     0     0     0
3618     0     0     0     0     0     0     0
3622     0     0     0     0     0     0     0
3626     0     0     0     0     0     0     0
3630     0     0     0     0     0     0     0
3634     1.32147e-06     3.47105e-05     3.47091e-05     3.47113e-05     3.64731e-05     3.89603e-05     3.53369e-05
3638     0     0     0     0     0     0     0
3642     0     0     0     0     0     0     0
3646     0     0     0     0     0     0     0
3650     0     0     0     0     0     0     0
3654     0     0     0     0     0     0     0
3658     0     0     0     0     0     0     0
3662     0     0     0     0     0     0     0
3666     0     0     0     0     0     0     0
3670     0     0     0     0     0     0     0
3674     0     0     0     0     0     0     0
3678     0     0     0     0     0     0     0
3682     0     0     0     0     0     0     0
3686     0     0     0     0     0     0     0
3690     0     0     0     0     0     0     0
3694     0     0     0     0     0     0     0
3698     0     0     0     0     0     0     0
3702     0     0     0     0     0     0     0
3706     0     0     0     0     0     0     0
3710     0     0     0     0     0     0     0
3714     0     0     0     0     0     0     0
3718     0     0     0     0     0     0     0
3722     0     0     0     0     0     0     0
3726     0     0     0     0     0     0     0
3730     0     0     0     0     0     0     0
3734     0     0     0     0     0     0     0
3738     0     0     0     0     0     0     0
3742     0     0     0     0     0     0     0
3746     0     0     0     0     0     0     0
3750     0     0     0     0     0     0     0
3754     0     0     0     0     0     0     0
3758     0     0     0     0     0     0     0
3762     0     0     0     0     0     0     0
3766     0     0     0     0     0     0     0
3770     0     0     0     0     0     0     0
3774     0     0     0     0     0     0     0
3778     0     0     0     0     0     0     0
3782     0     0     0     0     0     0     0
3786     0     0     0     0     0     0     0
3790     0     0     0     0     0     0     0
3794     0     0     0     0     0     0     0
3798     0     0     0     0     0     0     0
3802     0     0     0     0     0     0     0
3806     0     0     0     0     0     0     0
3810     0     0     0     0     0     0     0
3814     0     0     0     0     0     0     0
3818     0     0     0     0     0     0     0
3822     0     0     0     0     0     0     0
3826     0     0     0     0     0     0     0
3830     0     0     0     0     0     0     0
3834     0     0     0     0     0     0     0
3838     0     0     0     0     0     0     0
3842     0     0     0     0     0     0     0
3846     0     0     0     0     0     0     0
3850     0     0     0     0     0     0     0
3854     0     0     0     0     0     0     0
3858     0     0     0     0     0     0     0
3862     0     0     0     0     0     0     0
3866     0     0     0     0     0     0     0
3870     0     0     0     0     0     0     0
3874     0     0     0     0     0     0     0
3878     0     0     0     0     0     0     0
3882     0     0     0     0     0     0     0
3886     0     0     0     0     0     0     0
3890     0     0     0     0     0     0     0
3894     0     0     0     0     0     0     0
3898     0     0     0     0     0     0     0
3902     0     0     0     0     0     0     0
3906     0     0     0     0     0     0     0
3910     0     0     0     0     0     0     0
3914     0     0     0     0     0     0     0
3918     0     0     0     0     0     0     0
3922     0     0     0     0     0     0     0
3926     0     0     0     0     0     0     0
3930     0     0     0     0     0     0     0
3934     0     0     0     0     0     0     0
3938     0     0     0     0     0     0     0
3942     0     0     0     0     0     0     0
3946     0     0     0     0     0     0     0
3950     0     0     0     0     0     0     0
3954     0     0     0     0     0     0     0
3958     0     0     0     0     0     0     0
3962     0     0     0     0     0     0     0
3966     0     0     0     0     0     0     0
3970     0     0     0     0     0     0     0
3974     0     0     0     0     0     0     0
3978     0     0     0     0     0     0     0
3982     0     0     0     0     0     0     0
3986     0     0     0     0     0     0     0
3990     0     0     0     0     0     0     0
3994     0     0     0     0     0     0     0
3998     0     0     0     0     0     0     0
