2     0     0     0     0     0     0     0
6     1.78008e-06     1.08584e-09     1.08582e-09     1.08585e-09     1.13244e-09     1.22863e-09     1.09429e-09
10     9.49375e-06     3.55575e-09     3.55569e-09     3.5558e-09     3.70835e-09     4.02333e-09     3.58341e-09
14     8.90039e-06     2.37475e-09     2.37471e-09     2.37478e-09     2.47666e-09     2.68702e-09     2.39322e-09
18     1.12738e-05     2.13313e-09     2.13309e-09     2.13315e-09     2.22467e-09     2.41363e-09     2.14972e-09
22     1.60207e-05     2.36301e-09     2.36297e-09     2.36304e-09     2.46442e-09     2.67374e-09     2.38139e-09
26     2.84813e-05     3.34803e-09     3.34797e-09     3.34807e-09     3.49171e-09     3.78829e-09     3.37408e-09
30     3.26348e-05     3.15054e-09     3.15049e-09     3.15058e-09     3.28575e-09     3.56484e-09     3.17505e-09
34     4.4502e-05     3.59909e-09     3.59903e-09     3.59914e-09     3.75355e-09     4.07237e-09     3.62709e-09
38     3.7975e-05     2.62586e-09     2.62581e-09     2.62589e-09     2.73854e-09     2.97115e-09     2.64628e-09
42     4.39086e-05     2.64909e-09     2.64905e-09     2.64913e-09     2.76278e-09     2.99745e-09     2.6697e-09
46     5.2809e-05     2.83579e-09     2.83574e-09     2.83583e-09     2.95749e-09     3.2087e-09     2.85785e-09
50     6.7643e-05     3.2509e-09     3.25084e-09     3.25094e-09     3.39041e-09     3.67839e-09     3.27619e-09
54     6.46762e-05     2.82385e-09     2.8238e-09     2.82389e-09     2.94504e-09     3.19518e-09     2.84582e-09
58     6.34895e-05     2.54501e-09     2.54496e-09     2.54504e-09     2.65422e-09     2.87967e-09     2.5648e-09
62     7.89168e-05     2.9353e-09     2.93525e-09     2.93534e-09     3.06127e-09     3.32129e-09     2.95814e-09
66     8.90039e-05     3.11652e-09     3.11646e-09     3.11656e-09     3.25026e-09     3.52634e-09     3.14076e-09
70     0.000104431     3.46576e-09     3.4657e-09     3.46581e-09     3.61449e-09     3.92151e-09     3.49272e-09
74     9.67176e-05     3.08426e-09     3.0842e-09     3.08429e-09     3.21661e-09     3.48983e-09     3.10825e-09
78     0.000113925     3.51579e-09     3.51573e-09     3.51583e-09     3.66667e-09     3.97811e-09     3.54314e-09
82     0.000123419     3.71831e-09     3.71825e-09     3.71836e-09     3.87788e-09     4.20727e-09     3.74724e-09
86     0.000125199     3.71518e-09     3.71511e-09     3.71522e-09     3.87461e-09     4.20372e-09     3.74408e-09
90     0.000141813     4.17161e-09     4.17153e-09     4.17166e-09     4.35063e-09     4.72017e-09     4.20406e-09
94     0.000125199     3.67662e-09     3.67656e-09     3.67667e-09     3.8344e-09     4.16009e-09     3.70523e-09
98     0.000153087     4.51276e-09     4.51268e-09     4.51282e-09     4.70643e-09     5.10619e-09     4.54787e-09
102     0.000164361     4.88468e-09     4.8846e-09     4.88474e-09     5.09431e-09     5.52701e-09     4.92268e-09
106     0.000166141     5.00627e-09     5.00618e-09     5.00633e-09     5.22111e-09     5.66459e-09     5.04521e-09
110     0.000168514     5.19095e-09     5.19086e-09     5.19101e-09     5.41372e-09     5.87355e-09     5.23133e-09
114     0.000179195     5.72217e-09     5.72207e-09     5.72224e-09     5.96774e-09     6.47463e-09     5.76669e-09
118     0.000188095     6.3144e-09     6.31428e-09     6.31447e-09     6.58537e-09     7.14473e-09     6.36352e-09
122     0.000177415     6.42068e-09     6.42056e-09     6.42076e-09     6.69622e-09     7.26499e-09     6.47063e-09
126     0.000179195     7.12866e-09     7.12853e-09     7.12875e-09     7.43458e-09     8.06607e-09     7.18412e-09
130     0.000198775     8.99108e-09     8.99092e-09     8.99119e-09     9.37692e-09     1.01734e-08     9.06102e-09
134     0.000183348     9.62711e-09     9.62694e-09     9.62723e-09     1.00403e-08     1.08931e-08     9.702e-09
138     0.000187502     1.1724e-08     1.17237e-08     1.17241e-08     1.22271e-08     1.32656e-08     1.18152e-08
142     0.000194622     1.52589e-08     1.52586e-08     1.52591e-08     1.59137e-08     1.72654e-08     1.53776e-08
146     0.000216576     2.19862e-08     2.19858e-08     2.19865e-08     2.29297e-08     2.48774e-08     2.21573e-08
150     0.000249804     3.49805e-08     3.49799e-08     3.49809e-08     3.64817e-08     3.95804e-08     3.52526e-08
154     0.000229037     4.79446e-08     4.79437e-08     4.79452e-08     5.00021e-08     5.42493e-08     4.83176e-08
158     0.000218356     8.69297e-08     8.69281e-08     8.69308e-08     9.06602e-08     9.83608e-08     8.7606e-08
162     0.000244464     2.60595e-07     2.6059e-07     2.60598e-07     2.71778e-07     2.94863e-07     2.62622e-07
166     0.000273539     5.41756e-07     5.41746e-07     5.41763e-07     5.65005e-07     6.12996e-07     5.45971e-07
170     0.000264045     7.08868e-07     7.08855e-07     7.08876e-07     7.39288e-07     8.02083e-07     7.14382e-07
174     0.000253365     8.30807e-07     8.30792e-07     8.30817e-07     8.66461e-07     9.40057e-07     8.3727e-07
178     0.000276506     1.06367e-06     1.06365e-06     1.06368e-06     1.10931e-06     1.20354e-06     1.07194e-06
182     0.000267605     1.24073e-06     1.24071e-06     1.24075e-06     1.29398e-06     1.40389e-06     1.25038e-06
186     0.000277692     1.56257e-06     1.56254e-06     1.56259e-06     1.62962e-06     1.76804e-06     1.57472e-06
190     0.000280659     1.8351e-06     1.83507e-06     1.83512e-06     1.91385e-06     2.07641e-06     1.84938e-06
194     0.000274132     2.02846e-06     2.02843e-06     2.02849e-06     2.11551e-06     2.2952e-06     2.04424e-06
198     0.00029846     2.4351e-06     2.43505e-06     2.43513e-06     2.5396e-06     2.75531e-06     2.45404e-06
202     0.000306174     2.72566e-06     2.72561e-06     2.7257e-06     2.84263e-06     3.08408e-06     2.74687e-06
206     0.000296086     2.86886e-06     2.86883e-06     2.86888e-06     2.99198e-06     3.24613e-06     2.89117e-06
210     0.000268792     2.81986e-06     2.81982e-06     2.81987e-06     2.94257e-06     3.19329e-06     2.84294e-06
214     0.000309734     3.49975e-06     3.49971e-06     3.49977e-06     3.65418e-06     3.9665e-06     3.52986e-06
218     0.00029312     3.53665e-06     3.53661e-06     3.53667e-06     3.6929e-06     4.00862e-06     3.56721e-06
222     0.000341182     4.39985e-06     4.3998e-06     4.39987e-06     4.59516e-06     4.98844e-06     4.4385e-06
226     0.000334061     4.58068e-06     4.58063e-06     4.58071e-06     4.78439e-06     5.19404e-06     4.62117e-06
230     0.000354236     5.15331e-06     5.15326e-06     5.15334e-06     5.38267e-06     5.84362e-06     5.19898e-06
234     0.000338215     5.21903e-06     5.21898e-06     5.21906e-06     5.45116e-06     5.91791e-06     5.26517e-06
238     0.000358983     5.87195e-06     5.87188e-06     5.87197e-06     6.13245e-06     6.65725e-06     5.92341e-06
242     0.000354236     6.12304e-06     6.12298e-06     6.12307e-06     6.39621e-06     6.94428e-06     6.17774e-06
246     0.000359576     6.54177e-06     6.5417e-06     6.5418e-06     6.83414e-06     7.41999e-06     6.60056e-06
250     0.000353049     6.75432e-06     6.75425e-06     6.75434e-06     7.056e-06     7.66077e-06     6.81489e-06
254     0.000353642     7.1201e-06     7.12003e-06     7.12013e-06     7.43797e-06     8.07539e-06     7.18384e-06
258     0.000375003     7.93401e-06     7.93394e-06     7.93404e-06     8.28879e-06     8.99938e-06     8.00544e-06
262     0.000369663     8.19244e-06     8.19236e-06     8.19247e-06     8.5619e-06     9.29732e-06     8.26833e-06
266     0.000377377     8.75493e-06     8.75485e-06     8.75496e-06     9.149e-06     9.9345e-06     8.83551e-06
270     0.00037441     9.0897e-06     9.08962e-06     9.08973e-06     9.4994e-06     1.03152e-05     9.17373e-06
274     0.00037441     9.49654e-06     9.49645e-06     9.49656e-06     9.92577e-06     1.07788e-05     9.58513e-06
278     0.000375003     9.93391e-06     9.93383e-06     9.93393e-06     1.03842e-05     1.12772e-05     1.00274e-05
282     0.000386277     1.0678e-05     1.0678e-05     1.06781e-05     1.11611e-05     1.21205e-05     1.07779e-05
286     0.000414758     1.19453e-05     1.19452e-05     1.19453e-05     1.2487e-05     1.3561e-05     1.20579e-05
290     0.000423659     1.27013e-05     1.27012e-05     1.27013e-05     1.32815e-05     1.44258e-05     1.28239e-05
294     0.00038153     1.18994e-05     1.18993e-05     1.18994e-05     1.2446e-05     1.35196e-05     1.20163e-05
298     0.000411198     1.33271e-05     1.3327e-05     1.33271e-05     1.39377e-05     1.51394e-05     1.3457e-05
302     0.000395771     1.33139e-05     1.33138e-05     1.33139e-05     1.39209e-05     1.51197e-05     1.34416e-05
306     0.000419505     1.46506e-05     1.46505e-05     1.46506e-05     1.53266e-05     1.66502e-05     1.47966e-05
310     0.000428999     1.55416e-05     1.55415e-05     1.55415e-05     1.62639e-05     1.76707e-05     1.57e-05
314     0.000425439     1.59652e-05     1.59651e-05     1.59652e-05     1.67106e-05     1.81576e-05     1.61302e-05
318     0.000425439     1.65204e-05     1.65204e-05     1.65204e-05     1.72947e-05     1.87936e-05     1.66932e-05
322     0.000438493     1.76218e-05     1.76217e-05     1.76218e-05     1.84425e-05     2.00386e-05     1.78026e-05
326     0.000458667     1.90391e-05     1.90391e-05     1.90391e-05     1.99304e-05     2.16573e-05     1.92375e-05
330     0.000469941     2.01313e-05     2.01313e-05     2.01313e-05     2.10784e-05     2.29068e-05     2.03443e-05
334     0.00045214     1.99974e-05     1.99973e-05     1.99973e-05     2.09428e-05     2.27612e-05     2.02121e-05
338     0.000470534     2.14658e-05     2.14658e-05     2.14657e-05     2.24848e-05     2.44388e-05     2.16993e-05
342     0.000454513     2.13907e-05     2.13907e-05     2.13906e-05     2.24148e-05     2.4366e-05     2.16295e-05
346     0.00045392     2.20965e-05     2.20965e-05     2.20964e-05     2.31591e-05     2.51764e-05     2.23467e-05
350     0.000477061     2.41482e-05     2.41483e-05     2.4148e-05     2.53167e-05     2.75248e-05     2.44267e-05
354     0.000446206     2.36129e-05     2.36129e-05     2.36127e-05     2.4763e-05     2.69262e-05     2.38903e-05
358     0.000493675     2.73865e-05     2.73866e-05     2.73863e-05     2.87297e-05     3.12439e-05     2.77144e-05
362     0.000485368     2.82021e-05     2.82022e-05     2.82018e-05     2.95976e-05     3.2194e-05     2.85478e-05
366     0.000473501     2.87463e-05     2.87465e-05     2.87459e-05     3.01791e-05     3.28314e-05     2.91056e-05
370     0.000481808     3.05079e-05     3.05081e-05     3.05074e-05     3.20595e-05     3.48911e-05     3.09101e-05
374     0.000478841     3.16496e-05     3.16499e-05     3.16492e-05     3.32819e-05     3.62319e-05     3.20821e-05
378     0.000523937     3.61141e-05     3.61144e-05     3.61136e-05     3.79573e-05     4.1314e-05     3.65941e-05
382     0.000523343     3.757e-05     3.75704e-05     3.75694e-05     3.95389e-05     4.30596e-05     3.81037e-05
386     0.000531057     3.96326e-05     3.9633e-05     3.96319e-05     4.17325e-05     4.54597e-05     4.02107e-05
390     0.00051741     4.00039e-05     4.00043e-05     4.00032e-05     4.21424e-05     4.59156e-05     4.05998e-05
394     0.00052631     4.21505e-05     4.2151e-05     4.21497e-05     4.44251e-05     4.84133e-05     4.27925e-05
398     0.000523343     4.33214e-05     4.33219e-05     4.33206e-05     4.56803e-05     4.97915e-05     4.3995e-05
402     0.000489522     4.18887e-05     4.18893e-05     4.18879e-05     4.41985e-05     4.81909e-05     4.25589e-05
406     0.000501982     4.43808e-05     4.43814e-05     4.43799e-05     4.68614e-05     5.11107e-05     4.51128e-05
410     0.000499015     4.55616e-05     4.55622e-05     4.55606e-05     4.81335e-05     5.25109e-05     4.63296e-05
414     0.000510289     4.79921e-05     4.79928e-05     4.79911e-05     5.07243e-05     5.5349e-05     4.8816e-05
418     0.000532837     5.15986e-05     5.15993e-05     5.15974e-05     5.4569e-05     5.95605e-05     5.25059e-05
422     0.000557165     5.54794e-05     5.54803e-05     5.54781e-05     5.87138e-05     6.41055e-05     5.64811e-05
426     0.000547078     5.59667e-05     5.59676e-05     5.59654e-05     5.92697e-05     6.4733e-05     5.70033e-05
430     0.000527497     5.54358e-05     5.54367e-05     5.54345e-05     5.87485e-05     6.41843e-05     5.64893e-05
434     0.000504356     5.44146e-05     5.44155e-05     5.44133e-05     5.77096e-05     6.30709e-05     5.54771e-05
438     0.000567845     6.28619e-05     6.2863e-05     6.28604e-05     6.67275e-05     7.29554e-05     6.41281e-05
442     0.000599887     6.80697e-05     6.80709e-05     6.8068e-05     7.23128e-05     7.90922e-05     6.94774e-05
446     0.000575559     6.68888e-05     6.689e-05     6.68871e-05     7.10986e-05     7.77865e-05     6.82974e-05
450     0.000548264     6.52451e-05     6.52463e-05     6.52435e-05     6.94121e-05     7.59731e-05     6.6658e-05
454     0.000593953     7.2355e-05     7.23564e-05     7.23532e-05     7.70465e-05     8.43652e-05     7.39672e-05
458     0.000570219     7.10033e-05     7.10046e-05     7.10015e-05     7.56506e-05     8.28591e-05     7.26134e-05
462     0.000590393     7.51321e-05     7.51336e-05     7.51302e-05     8.01402e-05     8.78201e-05     7.68954e-05
466     0.000577932     7.51905e-05     7.5192e-05     7.51885e-05     8.02648e-05     8.79862e-05     7.69964e-05
470     0.000581492     7.72947e-05     7.72962e-05     7.72927e-05     8.2599e-05     9.0587e-05     7.92091e-05
474     0.000608194     8.2529e-05     8.25306e-05     8.25268e-05     8.82828e-05     9.68645e-05     8.46323e-05
478     0.000597513     8.27109e-05     8.27125e-05     8.27087e-05     8.85515e-05     9.71965e-05     8.48668e-05
482     0.000606414     8.56595e-05     8.56613e-05     8.56572e-05     9.18598e-05     0.000100905     8.79898e-05
486     0.00060938     8.77868e-05     8.77886e-05     8.77844e-05     9.41847e-05     0.000103485     9.02015e-05
490     0.000619467     9.10453e-05     9.10472e-05     9.10428e-05     9.77985e-05     0.000107516     9.36253e-05
494     0.0005987     8.96375e-05     8.96394e-05     8.9635e-05     9.64029e-05     0.000106041     9.22531e-05
498     0.000633708     9.6684e-05     9.66861e-05     9.66813e-05     0.000104068     0.000114516     9.95612e-05
502     0.000624808     9.70698e-05     9.70719e-05     9.70671e-05     0.000104703     0.000115325     0.000100101
506     0.000661596     0.0001047     0.000104702     0.000104697     0.000113066     0.000124605     0.000108054
510     0.000651509     0.000104981     0.000104983     0.000104978     0.000113508     0.000125165     0.000108432
514     0.000615907     0.000101048     0.00010105     0.000101045     0.000109408     0.000120725     0.000104466
518     0.00066753     0.000111472     0.000111474     0.000111468     0.000120864     0.000133457     0.00011535
522     0.000642608     0.000109205     0.000109207     0.000109202     0.000118659     0.000131155     0.000113166
526     0.000663969     0.00011475     0.000114752     0.000114747     0.000124775     0.000137962     0.000118968
530     0.000653882     0.000114898     0.0001149     0.000114894     0.000125125     0.000138444     0.000119244
534     0.000709065     0.000126644     0.000126647     0.00012664     0.000138139     0.000152953     0.000131578
538     0.000682957     0.000123943     0.000123945     0.000123939     0.000135341     0.000149929     0.000128868
542     0.000694824     0.000128128     0.000128131     0.000128124     0.000140202     0.000155456     0.000133407
546     0.000734579     0.000137658     0.000137661     0.000137654     0.00015086     0.000167388     0.000143477
550     0.000740513     0.000141096     0.0001411     0.000141092     0.000154906     0.000172019     0.00014724
554     0.000696604     0.000134943     0.000134946     0.000134939     0.000148426     0.000164963     0.000140994
558     0.000714405     0.000140618     0.000140621     0.000140614     0.000154968     0.00017239     0.000147114
562     0.000744073     0.000148569     0.000148572     0.000148564     0.00016423     0.000182951     0.00015575
566     0.000774334     0.000156725     0.000156729     0.000156721     0.000173492     0.0001934     0.000164454
570     0.000774334     0.000158921     0.000158925     0.000158916     0.000176219     0.000196596     0.000166945
574     0.000738733     0.000153971     0.000153975     0.000153967     0.000171057     0.000191003     0.000161953
578     0.000781455     0.000165411     0.000165415     0.000165406     0.000184123     0.000205773     0.000174213
582     0.000764841     0.000164299     0.000164303     0.000164294     0.000183416     0.000205251     0.000173379
586     0.000726866     0.000158347     0.000158351     0.000158342     0.000177101     0.000198355     0.000167306
590     0.00075416     0.000166915     0.000166919     0.00016691     0.000187155     0.000209857     0.000176657
594     0.000782048     0.000176008     0.000176012     0.000176002     0.000197787     0.000222004     0.000186555
598     0.000773148     0.000177102     0.000177107     0.000177097     0.000199394     0.000224007     0.000187951
602     0.00074704     0.000173636     0.000173641     0.000173631     0.000196088     0.000220608     0.000184645
606     0.0007595     0.000178785     0.00017879     0.000178779     0.000202463     0.000228073     0.000190471
610     0.000795102     0.000189642     0.000189647     0.000189636     0.000215208     0.000242668     0.000202318
614     0.000779081     0.000188564     0.000188569     0.000188558     0.000214444     0.000242044     0.000201456
618     0.000808749     0.00019883     0.000198836     0.000198824     0.000226789     0.000256316     0.000212848
622     0.000840791     0.00020998     0.000209986     0.000209973     0.000240225     0.000271867     0.000225235
626     0.000817056     0.000207076     0.000207082     0.000207069     0.000237551     0.000269174     0.000222527
630     0.000841977     0.000216425     0.000216432     0.000216418     0.000248922     0.000282392     0.000232977
634     0.000792728     0.000206551     0.000206557     0.000206544     0.000238179     0.000270522     0.00022273
638     0.000850878     0.000224844     0.000224851     0.000224837     0.00026     0.000295681     0.000242909
642     0.000875205     0.000234775     0.000234783     0.000234768     0.000272314     0.000310128     0.00025415
646     0.000843757     0.000229982     0.000229989     0.000229974     0.000267487     0.000305013     0.000249414
650     0.000858591     0.000237918     0.000237926     0.00023791     0.000277613     0.000317018     0.000258579
654     0.000892413     0.000251231     0.000251238     0.000251222     0.000294034     0.000336219     0.000273603
658     0.000910807     0.000260333     0.000260342     0.000260324     0.000305368     0.000349524     0.000283941
662     0.000880546     0.000255554     0.000255562     0.000255545     0.00030084     0.000344904     0.000279394
666     0.00089716     0.000264253     0.000264262     0.000264244     0.000311874     0.000357986     0.000289387
670     0.000892413     0.000266871     0.000266879     0.000266861     0.000315963     0.000363203     0.000292868
674     0.000874612     0.00026543     0.000265439     0.000265421     0.000315147     0.000362723     0.000291835
678     0.000864525     0.000266157     0.000266166     0.000266148     0.000316666     0.000364815     0.000293037
682     0.000903093     0.000282066     0.000282076     0.000282056     0.000337506     0.000389776     0.00031175
686     0.000930388     0.000294715     0.000294725     0.000294705     0.000353496     0.000408682     0.000326252
690     0.000961243     0.000309     0.00030901     0.000308988     0.000371707     0.000430305     0.000342722
694     0.000917334     0.000299662     0.000299672     0.000299651     0.000361619     0.000419238     0.000333061
698     0.000945815     0.00031408     0.000314091     0.000314069     0.000380214     0.000441439     0.000349808
702     0.00096955     0.000327114     0.000327126     0.000327102     0.000397775     0.000462774     0.000365407
706     0.00096955     0.000332332     0.000332344     0.00033232     0.000404993     0.000471639     0.00037176
710     0.000986757     0.000343861     0.000343873     0.000343848     0.000420255     0.000490043     0.000385395
714     0.000992691     0.000352094     0.000352106     0.00035208     0.000431586     0.000503911     0.000395396
718     0.000983197     0.000354998     0.000355011     0.000354985     0.000436238     0.000509918     0.000399315
722     0.00100159     0.00036772     0.000367734     0.000367706     0.000454213     0.000532154     0.000415048
726     0.000914961     0.000341262     0.000341275     0.000341249     0.000422733     0.000495935     0.000385897
730     0.000995657     0.000377356     0.00037737     0.000377341     0.000468616     0.000550412     0.000427406
734     0.000996251     0.000383946     0.000383961     0.000383931     0.000477988     0.000562064     0.000435579
738     0.00096955     0.000380401     0.000380416     0.000380387     0.000474907     0.000559136     0.000432363
742     0.0010004     0.000399957     0.000399973     0.000399942     0.000501511     0.000591625     0.000455901
746     0.0010188     0.00041538     0.000415396     0.000415364     0.000522355     0.000617056     0.000474364
750     0.00102295     0.000425085     0.000425102     0.000425069     0.00053578     0.000633611     0.000486156
754     0.00102117     0.000432081     0.000432098     0.000432064     0.000545654     0.000645892     0.00049477
758     0.000989724     0.000426272     0.000426289     0.000426255     0.000539362     0.000639022     0.00048873
762     0.00103067     0.000452032     0.000452051     0.000452014     0.000574517     0.000682015     0.000519791
766     0.00104135     0.000465643     0.000465663     0.000465625     0.000593105     0.000704843     0.000536181
770     0.00102295     0.000466906     0.000466925     0.000466887     0.000595834     0.000708757     0.000538269
774     0.00104253     0.000485994     0.000486014     0.000485974     0.000621451     0.000739962     0.000560995
778     0.00101346     0.000482692     0.000482713     0.000482673     0.000618915     0.000737879     0.000558169
782     0.00101939     0.000495616     0.000495637     0.000495596     0.00063725     0.000760801     0.000574113
786     0.00102295     0.00050734     0.000507362     0.000507319     0.000653048     0.000780205     0.000588059
790     0.00108229     0.000547836     0.00054786     0.000547814     0.000706351     0.000844643     0.000635637
794     0.00103541     0.000535397     0.000535421     0.000535376     0.000691649     0.000827867     0.000621953
798     0.00101702     0.000537441     0.000537464     0.000537419     0.000695602     0.000833372     0.000625073
802     0.00104609     0.000565793     0.000565818     0.00056577     0.000733226     0.000879113     0.00065852
806     0.00102889     0.000569713     0.000569738     0.00056969     0.000739133     0.000886794     0.000663506
810     0.00101405     0.000574916     0.000574942     0.000574893     0.000746966     0.000896925     0.00067014
814     0.00104669     0.000607841     0.000607868     0.000607816     0.000790881     0.000950443     0.000709116
818     0.00103245     0.00061424     0.000614268     0.000614215     0.000799927     0.000961895     0.000716931
822     0.000990317     0.000603405     0.000603433     0.000603381     0.000786576     0.000946326     0.00070469
826     0.00106983     0.000667826     0.000667857     0.000667799     0.000870706     0.00104771     0.000779973
830     0.000990317     0.000633687     0.000633716     0.000633662     0.000826469     0.000994904     0.000740145
834     0.00102711     0.000674154     0.000674185     0.000674127     0.00087968     0.00105965     0.000787484
838     0.00102473     0.000690474     0.000690505     0.000690446     0.000901632     0.00108708     0.000806696
842     0.00102058     0.000706366     0.000706399     0.000706339     0.000922351     0.00111244     0.000825086
846     0.000980823     0.000696514     0.000696547     0.000696487     0.0009081     0.00109453     0.000812737
850     0.00103541     0.000755367     0.000755402     0.000755338     0.000984257     0.00118615     0.000881009
854     0.00101346     0.000760016     0.000760052     0.000759987     0.000989951     0.00119315     0.000886086
858     0.000991504     0.000764559     0.000764595     0.00076453     0.000995003     0.00119935     0.000890647
862     0.000974296     0.000773044     0.00077308     0.000773015     0.00100595     0.00121319     0.000900197
866     0.000954716     0.000778824     0.00077886     0.000778795     0.0010117     0.00121964     0.000905704
870     0.00098913     0.000830432     0.00083047     0.000830401     0.00107607     0.00129632     0.000963963
874     0.00098557     0.000851017     0.000851056     0.000850986     0.00110038     0.00132478     0.000986284
878     0.000981417     0.000871509     0.000871548     0.000871477     0.00112585     0.00135528     0.00100928
882     0.000910214     0.000832774     0.000832812     0.000832744     0.00107243     0.00128961     0.000962253
886     0.000929795     0.000876028     0.000876067     0.000875997     0.00112573     0.00135278     0.00101068
890     0.000920301     0.000893356     0.000893397     0.000893326     0.00114519     0.00137521     0.0010288
894     0.000920301     0.000921178     0.000921219     0.000921147     0.00117749     0.00141291     0.00105857
898     0.000901313     0.000930451     0.000930492     0.000930421     0.00118557     0.00142143     0.00106668
902     0.000935135     0.000995773     0.000995817     0.000995741     0.00126447     0.00151434     0.00113876
906     0.000898346     0.000985582     0.000985625     0.000985551     0.00124717     0.00149145     0.00112446
910     0.00090428     0.00102291     0.00102296     0.00102288     0.00129052     0.00154149     0.00116464
914     0.000891819     0.00104133     0.00104137     0.0010413     0.00130958     0.00156245     0.00118296
918     0.000841977     0.00101422     0.00101426     0.00101419     0.00127023     0.00151329     0.00114881
922     0.00082655     0.00102745     0.00102749     0.00102742     0.0012801     0.00152225     0.00115953
926     0.000814089     0.00104343     0.00104347     0.0010434     0.00129506     0.00153781     0.00117446
930     0.000823583     0.00108949     0.00108953     0.00108946     0.00134651     0.00159627     0.00122275
934     0.000827737     0.00112899     0.00112904     0.00112896     0.0013896     0.00164461     0.00126353
938     0.000829517     0.00116752     0.00116756     0.00116749     0.00143054     0.00168989     0.00130266
942     0.000773741     0.00112292     0.00112296     0.00112289     0.0013675     0.00161114     0.00124779
946     0.000764841     0.0011451     0.00114515     0.00114508     0.00138784     0.00163165     0.0012684
950     0.000809342     0.00124837     0.00124841     0.00124834     0.00150587     0.00176682     0.00137843
954     0.00075416     0.0011997     0.00119974     0.00119968     0.00143981     0.00168566     0.00132018
958     0.000733392     0.00120294     0.00120298     0.00120292     0.001436     0.0016774     0.001319
962     0.000701351     0.00118561     0.00118564     0.00118558     0.00140594     0.00163759     0.00129424
966     0.000735173     0.00128099     0.00128103     0.00128097     0.00151067     0.0017551     0.00139328
970     0.000661596     0.00118766     0.0011877     0.00118764     0.00139304     0.00161437     0.0012872
974     0.000639048     0.00118098     0.00118102     0.00118096     0.00137777     0.00159261     0.0012755
978     0.000712625     0.00135497     0.001355     0.00135494     0.00157182     0.00181197     0.00145806
982     0.000663376     0.00129722     0.00129725     0.00129719     0.0014934     0.00171502     0.00138911
986     0.00067465     0.0013569     0.00135694     0.00135688     0.00155313     0.00177838     0.0014477
990     0.000634301     0.00131192     0.00131195     0.0013119     0.00149259     0.00170372     0.00139436
994     0.000618874     0.00131595     0.00131598     0.00131593     0.00148817     0.00169329     0.00139333
998     0.000629555     0.00137455     0.00137458     0.00137453     0.00154516     0.00175255     0.00144992
1002     0.000602853     0.00135171     0.00135165     0.00135178     0.00150733     0.00159285     0.00151611
1006     0.000574965     0.00132278     0.00132273     0.00132285     0.00146604     0.00155282     0.00146959
1010     0.000571405     0.00134852     0.00134846     0.00134858     0.00148555     0.00157712     0.00148411
1014     0.000554198     0.00134183     0.00134177     0.00134189     0.00146855     0.00156299     0.00146167
1018     0.000539364     0.00133817     0.00133811     0.00133823     0.00145542     0.00155276     0.00144337
1022     0.00053165     0.00135056     0.00135051     0.00135062     0.00145687     0.00155931     0.00143782
1026     0.000519783     0.00135135     0.0013513     0.0013514     0.00144852     0.00155425     0.00142414
1030     0.000542331     0.00144279     0.00144274     0.00144285     0.00153671     0.00165307     0.00150497
1034     0.000482401     0.00131186     0.00131182     0.00131191     0.00138877     0.00149758     0.00135493
1038     0.000504949     0.0014037     0.00140365     0.00140375     0.00147637     0.00159623     0.00143449
1042     0.000469941     0.00133431     0.00133426     0.00133436     0.00139157     0.00150975     0.00134472
1046     0.000449767     0.00130327     0.00130323     0.00130332     0.00135035     0.00145872     0.00130841
1050     0.000455107     0.00134478     0.00134474     0.00134483     0.00138494     0.00148999     0.0013453
1054     0.00045392     0.00136729     0.00136724     0.00136733     0.00139914     0.0014987     0.00136274
1058     0.000436713     0.00134025     0.00134021     0.00134029     0.00136251     0.00145282     0.00133074
1062     0.000414758     0.00129625     0.00129621     0.00129629     0.00130644     0.00138448     0.00128068
1066     0.000390431     0.00124154     0.00124151     0.00124158     0.00124362     0.00131198     0.00122234
1070     0.000386277     0.00124921     0.00124917     0.00124924     0.00124353     0.00130584     0.00122556
1074     0.000408825     0.00134385     0.00134381     0.00134389     0.00132926     0.00138918     0.00131371
1078     0.000367883     0.00122822     0.00122819     0.00122825     0.00120719     0.00125543     0.00119641
1082     0.000402891     0.00136575     0.00136571     0.00136578     0.00133081     0.00137462     0.00132402
1086     0.000389837     0.00134117     0.00134113     0.0013412     0.00129889     0.00133503     0.00129582
1090     0.000362543     0.00126484     0.0012648     0.00126486     0.00121727     0.00124466     0.00121787
1094     0.000361356     0.00127789     0.00127786     0.00127792     0.0012223     0.00124338     0.00122635
1098     0.000353049     0.00126492     0.00126489     0.00126495     0.00120278     0.00121735     0.00121005
1102     0.000337622     0.00122515     0.00122512     0.00122518     0.00115551     0.00116118     0.00116691
1106     0.000334061     0.00122694     0.00122691     0.00122696     0.00115005     0.00114931     0.00116478
1110     0.000325161     0.00120817     0.00120815     0.0012082     0.0011256     0.00111865     0.00114331
1114     0.000303207     0.00113927     0.00113924     0.00113929     0.00105509     0.00104276     0.00107475
1118     0.00030914     0.00117435     0.00117433     0.00117437     0.00108089     0.00106201     0.0011043
1122     0.000290746     0.001116     0.00111598     0.00111602     0.0010194     0.00099418     0.00104534
1126     0.000288966     0.00112041     0.00112038     0.00112043     0.00101734     0.000986289     0.00104628
1130     0.000284813     0.00111485     0.00111483     0.00111487     0.0010062     0.000969535     0.00103792
1134     0.000281846     0.00111358     0.00111355     0.0011136     0.000999284     0.000957135     0.00103375
1138     0.000267012     0.00106445     0.00106442     0.00106446     0.000949838     0.000904342     0.000985382
1142     0.000262858     0.00105697     0.00105695     0.00105699     0.000936537     0.000884824     0.000975077
1146     0.000258111     0.00104657     0.00104655     0.00104659     0.000922239     0.000865991     0.000962894
1150     0.000256925     0.00105019     0.00105016     0.0010502     0.000920205     0.000858539     0.000963577
1154     0.00023675     0.000975322     0.000975302     0.000975336     0.000849895     0.000787881     0.000892512
1158     0.000230224     0.000955526     0.000955507     0.00095554     0.000827876     0.000762315     0.000871995
1162     0.000241497     0.00100955     0.00100953     0.00100956     0.000868161     0.000792216     0.00091804
1166     0.000245058     0.00103152     0.0010315     0.00103153     0.000882542     0.000800213     0.000935798
1170     0.000205896     0.000872599     0.000872582     0.000872611     0.000742694     0.000668954     0.000789722
1174     0.000224883     0.000959208     0.00095919     0.000959221     0.000812279     0.000726845     0.000866084
1178     0.000190468     0.000817663     0.000817647     0.000817673     0.000688518     0.000611565     0.000736373
1182     0.000204116     0.000881711     0.000881694     0.000881722     0.000737855     0.000649821     0.000791858
1186     0.000202336     0.000879026     0.00087901     0.000879037     0.000731606     0.000639514     0.000787504
1190     0.000183941     0.000803847     0.000803832     0.000803857     0.000665505     0.000577394     0.000718469
1194     0.000201149     0.000884068     0.000884052     0.000884079     0.000728306     0.000627357     0.000788464
1198     0.000188688     0.000833829     0.000833814     0.00083384     0.000683513     0.000584479     0.000742049
1202     0.000191655     0.000851333     0.000851318     0.000851344     0.000693387     0.000587154     0.000755537
1206     0.000189875     0.00084794     0.000847924     0.00084795     0.000687355     0.000577754     0.000751018
1210     0.000163174     0.000732482     0.000732468     0.00073249     0.000590984     0.000493044     0.000647482
1214     0.000156647     0.000706597     0.000706584     0.000706605     0.000567516     0.000470002     0.000623414
1218     0.0001519     0.000688508     0.000688495     0.000688516     0.00054999     0.000451497     0.000606069
1222     0.00015546     0.000707995     0.000707981     0.000708003     0.000562642     0.000457701     0.000621948
1226     0.000176228     0.000806296     0.000806281     0.000806306     0.000637802     0.000514726     0.000706971
1230     0.000159614     0.000733594     0.00073358     0.000733603     0.000577606     0.000462346     0.000642024
1234     0.000147747     0.000682126     0.000682114     0.000682135     0.000534473     0.000424071     0.000595825
1238     0.00015546     0.000720979     0.000720965     0.000720988     0.000562324     0.00044239     0.000628621
1242     0.000143     0.000665979     0.000665966     0.000665988     0.000516528     0.000402031     0.000579424
1246     0.000138846     0.000649535     0.000649522     0.000649543     0.000501743     0.00038739     0.000564258
1250     0.000140033     0.000657703     0.00065769     0.000657711     0.000505902     0.000387324     0.000570435
1254     0.00014122     0.000666162     0.00066615     0.000666171     0.00051014     0.00038707     0.00057681
1258     0.000118672     0.00056196     0.000561949     0.000561967     0.000428678     0.000322577     0.0004859
1262     0.000109772     0.000521978     0.000521968     0.000521985     0.000395688     0.000293871     0.00045027
1266     0.000113332     0.000541131     0.000541121     0.000541138     0.00040862     0.000300867     0.000466155
1270     0.000129946     0.000622875     0.000622863     0.000622883     0.000468463     0.000341839     0.000535804
1274     0.000132913     0.000639658     0.000639646     0.000639667     0.000479047     0.000346156     0.00054942
1278     0.000122232     0.000590571     0.00059056     0.000590579     0.000440739     0.000315785     0.000506661
1282     0.000113925     0.000552594     0.000552583     0.000552601     0.000410477     0.000290696     0.000473346
1286     0.000122232     0.000595153     0.000595142     0.000595161     0.000440132     0.00030836     0.00050902
1290     0.000121045     0.000591564     0.000591553     0.000591572     0.000435903     0.000302593     0.000505353
1294     0.000104431     0.000512254     0.000512244     0.00051226     0.000376177     0.000258806     0.000437118
1298     0.000100871     0.000496728     0.000496718     0.000496734     0.000363183     0.00024703     0.000423249
1302     9.79043e-05     0.000483906     0.000483897     0.000483912     0.000352201     0.000236515     0.000411741
1306     9.43442e-05     0.000467998     0.000467989     0.000468004     0.000339544     0.000225892     0.000397832
1310     8.72239e-05     0.000434354     0.000434346     0.00043436     0.000313926     0.000206551     0.000368794
1314     9.25641e-05     0.000462659     0.000462651     0.000462666     0.000333122     0.000216814     0.000392358
1318     9.61243e-05     0.00048218     0.00048217     0.000482186     0.000345719     0.000222271     0.000408361
1322     8.78172e-05     0.000442124     0.000442116     0.00044213     0.000315803     0.000200492     0.000374063
1326     9.55309e-05     0.000482756     0.000482747     0.000482763     0.000343763     0.000216029     0.00040809
1330     8.60371e-05     0.000436303     0.000436295     0.000436309     0.000309595     0.000192369     0.00036844
1334     9.31575e-05     0.000474255     0.000474246     0.000474262     0.000335122     0.000205324     0.000400014
1338     8.78172e-05     0.000448644     0.000448636     0.00044865     0.000316317     0.000192174     0.00037821
1342     8.2477e-05     0.000422834     0.000422826     0.00042284     0.000296719     0.000177337     0.000355986
1346     9.25641e-05     0.000476339     0.00047633     0.000476345     0.000333326     0.000197065     0.000400758
1350     8.42571e-05     0.000435146     0.000435138     0.000435152     0.000303574     0.0001774     0.000365815
1354     7.53567e-05     0.000390581     0.000390573     0.000390586     0.000271607     0.000156756     0.000328078
1358     7.00164e-05     0.000364245     0.000364238     0.00036425     0.000252521     0.000143966     0.000305725
1362     7.71367e-05     0.000402712     0.000402704     0.000402718     0.000277966     0.000155708     0.000337636
1366     8.60371e-05     0.000450839     0.00045083     0.000450845     0.000310433     0.000171895     0.000377819
1370     7.595e-05     0.000399388     0.00039938     0.000399393     0.000274428     0.000150453     0.000334568
1374     7.417e-05     0.000391485     0.000391478     0.000391491     0.000268246     0.000145239     0.000327741
1378     7.29832e-05     0.00038655     0.000386542     0.000386555     0.000263736     0.000140309     0.000323232
1382     5.69625e-05     0.000302844     0.000302838     0.000302848     0.00020587     0.000107605     0.000253043
1386     6.70496e-05     0.000357721     0.000357714     0.000357725     0.000242751     0.000125607     0.000298832
1390     6.82364e-05     0.000365397     0.00036539     0.000365402     0.000247069     0.000125651     0.000304992
1394     7.06098e-05     0.00037942     0.000379413     0.000379425     0.000255824     0.000128309     0.000316491
1398     6.82364e-05     0.000367975     0.000367968     0.00036798     0.00024766     0.000122773     0.000306897
1402     6.58629e-05     0.000356548     0.000356541     0.000356553     0.000238983     0.000115953     0.000297103
1406     5.63692e-05     0.000306215     0.000306209     0.000306219     0.000204851     9.81639e-05     0.000255101
1410     5.2809e-05     0.000287975     0.00028797     0.000287979     0.00019214     9.0614e-05     0.000239801
1414     5.87426e-05     0.000321465     0.000321459     0.000321469     0.000213951     9.9427e-05     0.000267567
1418     5.81492e-05     0.000319352     0.000319346     0.000319356     0.000211932     9.68114e-05     0.00026566
1422     5.22156e-05     0.000287854     0.000287849     0.000287858     0.000190273     8.48752e-05     0.000239273
1426     4.98422e-05     0.000275741     0.000275736     0.000275745     0.00018188     7.99035e-05     0.000229145
1430     4.98422e-05     0.000276715     0.000276709     0.000276718     0.000182204     7.89848e-05     0.000229916
1434     5.63692e-05     0.000314162     0.000314156     0.000314166     0.000206367     8.78575e-05     0.000260963
1438     4.92488e-05     0.000275475     0.00027547     0.000275479     0.000180539     7.56078e-05     0.000228748
1442     4.21285e-05     0.000236496     0.000236491     0.000236499     0.000154669     6.35514e-05     0.000196371
1446     4.4502e-05     0.000250709     0.000250704     0.000250712     0.000163404     6.56216e-05     0.000208023
1450     4.4502e-05     0.000251625     0.00025162     0.000251629     0.000163635     6.45166e-05     0.000208729
1454     4.50953e-05     0.000255885     0.00025588     0.000255888     0.00016615     6.45075e-05     0.000212259
1458     3.38215e-05     0.000192703     0.0001927     0.000192706     0.000124883     4.76105e-05     0.00015983
1462     4.98422e-05     0.000284967     0.000284962     0.000284971     0.000183989     6.80548e-05     0.000236211
1466     4.09418e-05     0.00023489     0.000234885     0.000234893     0.000151357     5.49547e-05     0.000194664
1470     3.08547e-05     0.000177662     0.000177659     0.000177665     0.000114255     4.06527e-05     0.00014722
1474     4.6282e-05     0.000267475     0.00026747     0.000267479     0.000171708     5.99194e-05     0.000221629
1478     4.15352e-05     0.000240935     0.00024093     0.000240938     0.000154363     5.27138e-05     0.000199614
1482     4.4502e-05     0.000259075     0.000259071     0.000259079     0.000165658     5.51611e-05     0.000214656
1486     3.61949e-05     0.000211525     0.000211521     0.000211528     0.00013501     4.39726e-05     0.000175256
1490     4.03485e-05     0.000236621     0.000236616     0.000236624     0.000150743     4.80547e-05     0.00019602
1494     3.44149e-05     0.000202548     0.000202544     0.000202551     0.000128724     3.99493e-05     0.000167749
1498     3.44149e-05     0.000203299     0.000203296     0.000203302     0.00012885     3.8799e-05     0.000168314
1502     3.38215e-05     0.000200551     0.000200547     0.000200554     0.00012701     3.74183e-05     0.00016612
1506     3.26348e-05     0.000194228     0.000194224     0.00019423     0.000122791     3.53206e-05     0.000160872
1510     3.50082e-05     0.000209112     0.000209108     0.000209114     0.000131986     3.70433e-05     0.000173202
1514     4.68754e-05     0.000281037     0.000281032     0.000281041     0.000177018     4.81502e-05     0.000232769
1518     2.84813e-05     0.000171365     0.000171362     0.000171367     0.000107697     2.84047e-05     0.000141903
1522     4.21285e-05     0.000254349     0.000254344     0.000254352     0.000159716     4.10101e-05     0.000210722
1526     2.61078e-05     0.000158238     0.000158235     0.00015824     9.91537e-05     2.46397e-05     0.000131079
1530     3.44149e-05     0.000209372     0.000209368     0.000209375     0.000130893     3.1369e-05     0.000173406
1534     3.32281e-05     0.000202909     0.000202906     0.000202912     0.0001266     2.92993e-05     0.000168041
1538     3.14481e-05     0.000192759     0.000192755     0.000192761     0.000120114     2.69793e-05     0.000159664
1542     3.44149e-05     0.000211661     0.000211658     0.000211664     0.000131653     2.83335e-05     0.000175353
1546     2.25477e-05     0.000139229     0.000139226     0.00013923     8.64409e-05     1.79194e-05     0.000115341
1550     2.43277e-05     0.000150747     0.000150745     0.000150749     9.34713e-05     1.86839e-05     0.000124911
1554     2.72945e-05     0.000169765     0.000169762     0.000169767     0.000105154     2.03672e-05     0.0001407
1558     2.84813e-05     0.000177782     0.000177779     0.000177784     0.000109923     2.0386e-05     0.000147347
1562     3.20414e-05     0.000200777     0.000200773     0.000200779     0.000123998     2.1968e-05     0.000166474
1566     2.25477e-05     0.000141765     0.000141763     0.000141767     8.73636e-05     1.46988e-05     0.00011753
1570     2.55145e-05     0.000161026     0.000161023     0.000161028     9.91247e-05     1.60009e-05     0.000133531
1574     2.49211e-05     0.000157856     0.000157853     0.000157858     9.70893e-05     1.50311e-05     0.000130947
1578     2.19543e-05     0.000139597     0.000139594     0.000139598     8.57113e-05     1.25581e-05     0.000115805
1582     2.13609e-05     0.000136289     0.000136287     0.000136291     8.35915e-05     1.1552e-05     0.000113113
1586     1.89875e-05     0.000121609     0.000121607     0.000121611     7.44812e-05     9.72518e-06     0.000100941
1590     1.72074e-05     0.000110595     0.000110593     0.000110596     6.76714e-05     8.40411e-06     9.18214e-05
1594     1.89875e-05     0.000122528     0.000122526     0.000122529     7.48584e-05     8.59264e-06     0.000101757
1598     2.90746e-05     0.000188281     0.000188277     0.000188283     0.000114843     1.23022e-05     0.000156362
1602     2.3141e-05     0.000150408     0.000150405     0.00015041     9.16764e-05     9.10196e-06     0.00012498
1606     2.72945e-05     0.000178035     0.000178032     0.000178037     0.000108409     1.0044e-05     0.000147973
1610     2.01742e-05     0.000132076     0.000132074     0.000132078     8.03885e-05     6.96042e-06     0.000109829
1614     2.25477e-05     0.000148142     0.000148139     0.000148144     9.01069e-05     7.24056e-06     0.000123234
1618     1.18672e-05     7.82662e-05     7.82647e-05     7.82672e-05     4.75049e-05     3.34655e-06     6.51046e-05
1622     1.4834e-05     9.81771e-05     9.81753e-05     9.81783e-05     5.94478e-05     3.45719e-06     8.16726e-05
1626     2.49211e-05     0.00016553     0.000165527     0.000165532     0.000100212     5.26171e-06     0.000137782
1630     1.00871e-05     6.72302e-05     6.72289e-05     6.7231e-05     4.06839e-05     1.93648e-06     5.59796e-05
1634     1.66141e-05     0.000111156     0.000111154     0.000111157     6.71918e-05     2.66589e-06     9.25827e-05
1638     1.78008e-05     0.00011953     0.000119528     0.000119532     7.21061e-05     2.11615e-06     9.9559e-05
1642     1.06805e-05     7.19761e-05     7.19748e-05     7.1977e-05     4.33941e-05     9.25854e-07     5.99868e-05
1646     1.72074e-05     0.000116419     0.000116416     0.00011642     7.00963e-05     8.87883e-07     9.70493e-05
1650     1.42406e-05     9.6629e-05     9.66272e-05     9.66303e-05     5.81702e-05     4.98719e-07     8.05816e-05
1654     1.89875e-05     0.000129389     0.000129387     0.000129391     7.78651e-05     1.03808e-07     0.00010797
1658     1.72074e-05     0.00011769     0.000117688     0.000117691     7.07065e-05     -5.53512e-07     9.82158e-05
1662     1.83941e-05     0.000126177     0.000126175     0.000126179     7.58788e-05     -9.24937e-07     0.000105408
1666     1.24606e-05     8.58233e-05     8.58217e-05     8.58244e-05     5.15202e-05     -1.18122e-06     7.17115e-05
1670     1.83941e-05     0.000127117     0.000127115     0.000127119     7.6253e-05     -2.1534e-06     0.000106233
1674     1.78008e-05     0.000123496     0.000123494     0.000123498     7.4005e-05     -2.73151e-06     0.000103245
1678     1.24606e-05     8.67372e-05     8.67356e-05     8.67383e-05     5.19507e-05     -2.26716e-06     7.25465e-05
1682     1.24606e-05     8.70796e-05     8.7078e-05     8.70807e-05     5.2082e-05     -2.8398e-06     7.28603e-05
1686     1.4834e-05     0.000103996     0.000103994     0.000103997     6.2165e-05     -3.82288e-06     8.70521e-05
1690     1.24606e-05     8.77101e-05     8.77085e-05     8.77113e-05     5.2388e-05     -3.69108e-06     7.34577e-05
1694     2.25477e-05     0.000159274     0.000159271     0.000159276     9.51034e-05     -7.17235e-06     0.000133441
1698     1.00871e-05     7.14702e-05     7.14689e-05     7.14711e-05     4.26695e-05     -3.45409e-06     5.99092e-05
1702     1.00871e-05     7.17272e-05     7.17258e-05     7.17281e-05     4.27341e-05     -4.01304e-06     6.01372e-05
1706     1.18672e-05     8.47452e-05     8.47436e-05     8.47462e-05     5.047e-05     -5.11502e-06     7.10904e-05
1710     1.12738e-05     8.07825e-05     8.0781e-05     8.07835e-05     4.80991e-05     -5.16721e-06     6.78003e-05
1714     1.12738e-05     8.10499e-05     8.10484e-05     8.1051e-05     4.82551e-05     -5.42031e-06     6.80566e-05
1718     1.42406e-05     0.000102721     0.000102719     0.000102722     6.11681e-05     -7.19922e-06     8.6309e-05
1722     1.06805e-05     7.73347e-05     7.73332e-05     7.73356e-05     4.60562e-05     -5.75615e-06     6.50303e-05
1726     1.18672e-05     8.6225e-05     8.62234e-05     8.62261e-05     5.12917e-05     -6.87005e-06     7.25261e-05
1730     1.54273e-05     0.000112457     0.000112455     0.000112459     6.68638e-05     -9.37275e-06     9.46246e-05
1734     1.60207e-05     0.00011723     0.000117228     0.000117232     6.96804e-05     -1.03162e-05     9.87012e-05
1738     7.71367e-06     5.66169e-05     5.66158e-05     5.66176e-05     3.36409e-05     -5.19455e-06     4.76897e-05
1742     1.18672e-05     8.74236e-05     8.7422e-05     8.74247e-05     5.2019e-05     -8.22976e-06     7.37218e-05
1746     1.24606e-05     9.21489e-05     9.21472e-05     9.21501e-05     5.47048e-05     -9.38775e-06     7.77107e-05
1750     1.06805e-05     7.9265e-05     7.92635e-05     7.9266e-05     4.7061e-05     -8.29868e-06     6.688e-05
1754     1.42406e-05     0.000106055     0.000106054     0.000106057     6.29887e-05     -1.13521e-05     8.9535e-05
1758     1.30539e-05     9.75403e-05     9.75385e-05     9.75415e-05     5.78751e-05     -1.09964e-05     8.23799e-05
1762     7.12032e-06     5.3393e-05     5.3392e-05     5.33937e-05     3.1674e-05     -6.29101e-06     4.51262e-05
1766     9.49375e-06     7.14338e-05     7.14325e-05     7.14347e-05     4.23158e-05     -8.81935e-06     6.03832e-05
1770     7.71367e-06     5.82499e-05     5.82488e-05     5.82506e-05     3.44942e-05     -7.41765e-06     4.92604e-05
1774     9.49375e-06     7.19534e-05     7.19521e-05     7.19543e-05     4.26233e-05     -9.42186e-06     6.08936e-05
1778     7.12032e-06     5.41635e-05     5.41625e-05     5.41642e-05     3.20696e-05     -7.33423e-06     4.58583e-05
1782     2.9668e-06     2.26354e-05     2.26349e-05     2.26356e-05     1.34209e-05     -3.12025e-06     1.91856e-05
1786     1.12738e-05     8.63491e-05     8.63475e-05     8.63502e-05     5.1109e-05     -1.24877e-05     7.32005e-05
1790     9.49375e-06     7.29473e-05     7.29459e-05     7.29482e-05     4.31877e-05     -1.0773e-05     6.1876e-05
1794     7.12032e-06     5.48825e-05     5.48814e-05     5.48831e-05     3.2516e-05     -8.17423e-06     4.65784e-05
1798     1.12738e-05     8.72148e-05     8.72131e-05     8.72158e-05     5.16869e-05     -1.33787e-05     7.40791e-05
1802     4.74688e-06     3.68493e-05     3.68486e-05     3.68498e-05     2.18041e-05     -5.93291e-06     3.13101e-05
1806     1.12738e-05     8.78161e-05     8.78145e-05     8.78172e-05     5.19738e-05     -1.44093e-05     7.46577e-05
1810     8.90039e-06     6.95951e-05     6.95938e-05     6.9596e-05     4.11728e-05     -1.18339e-05     5.92066e-05
1814     5.34024e-06     4.18995e-05     4.18987e-05     4.19e-05     2.47792e-05     -7.27684e-06     3.56578e-05
1818     1.18672e-05     9.33827e-05     9.3381e-05     9.33839e-05     5.52083e-05     -1.65887e-05     7.95043e-05
1822     6.52696e-06     5.15352e-05     5.15343e-05     5.15359e-05     3.04776e-05     -9.38517e-06     4.39111e-05
1826     7.12032e-06     5.64254e-05     5.64243e-05     5.64261e-05     3.33914e-05     -1.04272e-05     4.81116e-05
1830     8.90039e-06     7.07973e-05     7.0796e-05     7.07982e-05     4.18995e-05     -1.34068e-05     6.04073e-05
1834     8.90039e-06     7.10145e-05     7.10132e-05     7.10153e-05     4.20324e-05     -1.36289e-05     6.06175e-05
1838     1.00871e-05     8.07202e-05     8.07188e-05     8.07212e-05     4.78108e-05     -1.57211e-05     6.89538e-05
1842     8.30703e-06     6.67182e-05     6.6717e-05     6.6719e-05     3.94584e-05     -1.35101e-05     5.70134e-05
1846     5.9336e-06     4.78258e-05     4.78249e-05     4.78264e-05     2.83545e-05     -9.68021e-06     4.0916e-05
1850     7.71367e-06     6.23859e-05     6.23848e-05     6.23867e-05     3.69648e-05     -1.29054e-05     5.33903e-05
1854     7.12032e-06     5.77817e-05     5.77807e-05     5.77825e-05     3.42062e-05     -1.23308e-05     4.94731e-05
1858     5.9336e-06     4.83087e-05     4.83078e-05     4.83093e-05     2.86187e-05     -1.03984e-05     4.1386e-05
1862     7.12032e-06     5.81642e-05     5.81632e-05     5.8165e-05     3.44791e-05     -1.276e-05     4.98718e-05
1866     1.00871e-05     8.26995e-05     8.2698e-05     8.27006e-05     4.89704e-05     -1.86866e-05     7.09353e-05
1870     7.71367e-06     6.34398e-05     6.34387e-05     6.34406e-05     3.75814e-05     -1.44803e-05     5.44425e-05
1874     7.12032e-06     5.87426e-05     5.87415e-05     5.87433e-05     3.48279e-05     -1.35375e-05     5.04457e-05
1878     5.9336e-06     4.91178e-05     4.91169e-05     4.91184e-05     2.9148e-05     -1.14546e-05     4.22135e-05
1882     4.74688e-06     3.94265e-05     3.94258e-05     3.9427e-05     2.33576e-05     -9.52647e-06     3.3895e-05
1886     5.34024e-06     4.45005e-05     4.44997e-05     4.45011e-05     2.63655e-05     -1.09586e-05     3.8281e-05
1890     5.34024e-06     4.46418e-05     4.4641e-05     4.46423e-05     2.6459e-05     -1.1097e-05     3.84204e-05
1894     4.15352e-06     3.48479e-05     3.48473e-05     3.48483e-05     2.06749e-05     -8.75676e-06     3.00154e-05
1898     5.34024e-06     4.49454e-05     4.49445e-05     4.49459e-05     2.6702e-05     -1.13539e-05     3.87431e-05
1902     5.9336e-06     5.0136e-05     5.01351e-05     5.01366e-05     2.97662e-05     -1.2997e-05     4.32402e-05
1906     4.15352e-06     3.52181e-05     3.52174e-05     3.52185e-05     2.09216e-05     -9.28116e-06     3.03986e-05
1910     7.12032e-06     6.05214e-05     6.05203e-05     6.05222e-05     3.5961e-05     -1.60629e-05     5.22563e-05
1914     8.90039e-06     7.5917e-05     7.59156e-05     7.5918e-05     4.51273e-05     -2.04154e-05     6.55896e-05
1918     5.34024e-06     4.56816e-05     4.56808e-05     4.56822e-05     2.7166e-05     -1.24466e-05     3.9492e-05
1922     1.00871e-05     8.66078e-05     8.66062e-05     8.66088e-05     5.1529e-05     -2.39932e-05     7.49303e-05
1926     3.56016e-06     3.06791e-05     3.06785e-05     3.06795e-05     1.82787e-05     -8.55882e-06     2.65652e-05
1930     5.9336e-06     5.12683e-05     5.12674e-05     5.12689e-05     3.05468e-05     -1.44869e-05     4.44131e-05
1934     7.12032e-06     6.17022e-05     6.17011e-05     6.1703e-05     3.67616e-05     -1.76952e-05     5.34774e-05
1938     4.74688e-06     4.12837e-05     4.1283e-05     4.12842e-05     2.46105e-05     -1.19651e-05     3.58024e-05
1942     2.37344e-06     2.0699e-05     2.06986e-05     2.06992e-05     1.23414e-05     -6.10715e-06     1.79629e-05
1946     4.74688e-06     4.15279e-05     4.15272e-05     4.15285e-05     2.47766e-05     -1.23153e-05     3.60553e-05
1950     2.9668e-06     2.60536e-05     2.60532e-05     2.60539e-05     1.55493e-05     -7.83994e-06     2.26348e-05
1954     8.30703e-06     7.31688e-05     7.31675e-05     7.31697e-05     4.36604e-05     -2.23737e-05     6.35978e-05
1958     4.74688e-06     4.19484e-05     4.19477e-05     4.19489e-05     2.50599e-05     -1.29181e-05     3.64883e-05
1962     5.9336e-06     5.26145e-05     5.26136e-05     5.26152e-05     3.14703e-05     -1.63698e-05     4.58066e-05
1966     4.74688e-06     4.22314e-05     4.22307e-05     4.2232e-05     2.52293e-05     -1.34443e-05     3.67778e-05
1970     5.34024e-06     4.76401e-05     4.76393e-05     4.76407e-05     2.84746e-05     -1.52717e-05     4.15071e-05
1974     2.9668e-06     2.6549e-05     2.65485e-05     2.65494e-05     1.58825e-05     -8.5771e-06     2.31463e-05
1978     4.15352e-06     3.72993e-05     3.72986e-05     3.72998e-05     2.23181e-05     -1.22026e-05     3.25361e-05
1982     5.34024e-06     4.81053e-05     4.81044e-05     4.81059e-05     2.88316e-05     -1.58517e-05     4.20022e-05
1986     1.78008e-06     1.60874e-05     1.60871e-05     1.60876e-05     9.64258e-06     -5.38911e-06     1.40552e-05
1990     2.9668e-06     2.68903e-05     2.68898e-05     2.68907e-05     1.6125e-05     -9.04448e-06     2.35013e-05
1994     4.74688e-06     4.31767e-05     4.3176e-05     4.31773e-05     2.58725e-05     -1.47306e-05     3.7743e-05
1998     3.56016e-06     3.24686e-05     3.2468e-05     3.2469e-05     1.94287e-05     -1.11677e-05     2.83743e-05
2002     1.78008e-06     1.62798e-05     1.62795e-05     1.628e-05     1.69785e-05     1.84206e-05     1.64065e-05
2006     2.9668e-06     2.72393e-05     2.72388e-05     2.72396e-05     2.84082e-05     3.08212e-05     2.74512e-05
2010     6.52696e-06     6.01177e-05     6.01166e-05     6.01184e-05     6.26976e-05     6.80231e-05     6.05854e-05
2014     2.9668e-06     2.74124e-05     2.74119e-05     2.74128e-05     2.85888e-05     3.10171e-05     2.76257e-05
2018     1.18672e-06     1.10053e-05     1.10051e-05     1.10055e-05     1.14776e-05     1.24525e-05     1.1091e-05
2022     4.15352e-06     3.85884e-05     3.85877e-05     3.85889e-05     4.02444e-05     4.36628e-05     3.88886e-05
2026     2.37344e-06     2.21155e-05     2.21151e-05     2.21158e-05     2.30646e-05     2.50237e-05     2.22876e-05
2030     3.56016e-06     3.33033e-05     3.33027e-05     3.33037e-05     3.47324e-05     3.76826e-05     3.35623e-05
2034     4.15352e-06     3.8966e-05     3.89653e-05     3.89665e-05     4.06382e-05     4.409e-05     3.92691e-05
2038     1.78008e-06     1.67468e-05     1.67465e-05     1.6747e-05     1.74655e-05     1.8949e-05     1.68771e-05
2042     4.15352e-06     3.92004e-05     3.91997e-05     3.92009e-05     4.08827e-05     4.43552e-05     3.95054e-05
2046     2.9668e-06     2.80988e-05     2.80983e-05     2.80992e-05     2.93047e-05     3.17938e-05     2.83174e-05
2050     3.56016e-06     3.38012e-05     3.38006e-05     3.38016e-05     3.52518e-05     3.8246e-05     3.40642e-05
2054     3.56016e-06     3.39035e-05     3.39029e-05     3.39039e-05     3.53584e-05     3.83618e-05     3.41672e-05
2058     1.78008e-06     1.69953e-05     1.6995e-05     1.69955e-05     1.77246e-05     1.92301e-05     1.71275e-05
2062     2.9668e-06     2.84176e-05     2.84171e-05     2.84179e-05     2.96371e-05     3.21545e-05     2.86387e-05
2066     5.9336e-07     5.70467e-06     5.70457e-06     5.70474e-06     5.94948e-06     6.45483e-06     5.74905e-06
2070     2.9668e-06     2.86143e-05     2.86138e-05     2.86146e-05     2.98422e-05     3.2377e-05     2.88369e-05
2074     2.37344e-06     2.2948e-05     2.29475e-05     2.29482e-05     2.39328e-05     2.59656e-05     2.31265e-05
2078     2.9668e-06     2.87691e-05     2.87686e-05     2.87695e-05     3.00037e-05     3.25522e-05     2.89929e-05
2082     2.9668e-06     2.88757e-05     2.88751e-05     2.8876e-05     3.01148e-05     3.26728e-05     2.91003e-05
2086     1.78008e-06     1.73707e-05     1.73704e-05     1.73709e-05     1.81162e-05     1.96549e-05     1.75058e-05
2090     2.37344e-06     2.32487e-05     2.32483e-05     2.3249e-05     2.42464e-05     2.63059e-05     2.34296e-05
2094     2.9668e-06     2.91114e-05     2.91109e-05     2.91117e-05     3.03607e-05     3.29395e-05     2.93378e-05
2098     0     0     0     0     0     0     0
2102     3.56016e-06     3.51485e-05     3.51479e-05     3.51489e-05     3.66569e-05     3.97705e-05     3.54219e-05
2106     4.15352e-06     4.11266e-05     4.11259e-05     4.11271e-05     4.28915e-05     4.65347e-05     4.14466e-05
2110     2.37344e-06     2.35726e-05     2.35722e-05     2.35729e-05     2.45842e-05     2.66724e-05     2.3756e-05
2114     1.18672e-06     1.18275e-05     1.18273e-05     1.18277e-05     1.23351e-05     1.33828e-05     1.19195e-05
2118     5.9336e-07     5.93481e-06     5.9347e-06     5.93488e-06     6.1895e-06     6.71523e-06     5.98098e-06
2122     2.37344e-06     2.37886e-05     2.37882e-05     2.37889e-05     2.48095e-05     2.69168e-05     2.39737e-05
2126     2.37344e-06     2.38622e-05     2.38618e-05     2.38625e-05     2.48862e-05     2.7e-05     2.40478e-05
2130     1.18672e-06     1.1967e-05     1.19668e-05     1.19671e-05     1.24806e-05     1.35406e-05     1.20601e-05
2134     3.56016e-06     3.60088e-05     3.60082e-05     3.60093e-05     3.75541e-05     4.07439e-05     3.6289e-05
2138     1.18672e-06     1.20295e-05     1.20293e-05     1.20297e-05     1.25458e-05     1.36114e-05     1.21231e-05
2142     2.37344e-06     2.41288e-05     2.41284e-05     2.41291e-05     2.51643e-05     2.73017e-05     2.43165e-05
2146     3.56016e-06     3.63298e-05     3.63292e-05     3.63303e-05     3.78889e-05     4.11071e-05     3.66125e-05
2150     1.78008e-06     1.8208e-05     1.82077e-05     1.82082e-05     1.89894e-05     2.06023e-05     1.83496e-05
2154     2.37344e-06     2.43599e-05     2.43595e-05     2.43602e-05     2.54053e-05     2.75632e-05     2.45494e-05
2158     5.9336e-07     6.10645e-06     6.10634e-06     6.10652e-06     6.3685e-06     6.90943e-06     6.15395e-06
2162     2.9668e-06     3.06401e-05     3.06395e-05     3.06405e-05     3.1955e-05     3.46692e-05     3.08785e-05
2166     1.18672e-06     1.22749e-05     1.22747e-05     1.22751e-05     1.28017e-05     1.38891e-05     1.23704e-05
2170     2.37344e-06     2.46261e-05     2.46257e-05     2.46264e-05     2.56829e-05     2.78644e-05     2.48177e-05
2174     1.78008e-06     1.85238e-05     1.85235e-05     1.85241e-05     1.93188e-05     2.09597e-05     1.86679e-05
2178     1.18672e-06     1.23943e-05     1.2394e-05     1.23944e-05     1.29261e-05     1.40241e-05     1.24907e-05
2182     1.78008e-06     1.863e-05     1.86296e-05     1.86302e-05     1.94295e-05     2.10798e-05     1.87749e-05
2186     1.18672e-06     1.2461e-05     1.24607e-05     1.24611e-05     1.29957e-05     1.40995e-05     1.25579e-05
2190     3.56016e-06     3.74819e-05     3.74812e-05     3.74824e-05     3.90904e-05     4.24107e-05     3.77735e-05
2194     3.56016e-06     3.75794e-05     3.75787e-05     3.75798e-05     3.91921e-05     4.2521e-05     3.78717e-05
2198     1.18672e-06     1.25701e-05     1.25699e-05     1.25703e-05     1.31096e-05     1.42231e-05     1.26679e-05
2202     1.18672e-06     1.25952e-05     1.2595e-05     1.25954e-05     1.31357e-05     1.42515e-05     1.26932e-05
2206     5.9336e-07     6.31621e-06     6.3161e-06     6.31629e-06     6.58727e-06     7.14678e-06     6.36535e-06
2210     4.15352e-06     4.43526e-05     4.43518e-05     4.43531e-05     4.62559e-05     5.01849e-05     4.46976e-05
2214     5.9336e-07     6.36358e-06     6.36346e-06     6.36365e-06     6.63666e-06     7.20038e-06     6.41308e-06
2218     1.18672e-06     1.27389e-05     1.27387e-05     1.2739e-05     1.32856e-05     1.4414e-05     1.2838e-05
2222     5.9336e-07     6.38677e-06     6.38665e-06     6.38685e-06     6.66085e-06     7.22662e-06     6.43645e-06
2226     5.9336e-07     6.40991e-06     6.40979e-06     6.40998e-06     6.68498e-06     7.2528e-06     6.45977e-06
2230     1.18672e-06     1.28489e-05     1.28486e-05     1.2849e-05     1.34003e-05     1.45385e-05     1.29488e-05
2234     5.9336e-07     6.43592e-06     6.43581e-06     6.436e-06     6.71212e-06     7.28224e-06     6.48599e-06
2238     1.18672e-06     1.29188e-05     1.29185e-05     1.29189e-05     1.34732e-05     1.46176e-05     1.30193e-05
2242     1.18672e-06     1.29554e-05     1.29552e-05     1.29555e-05     1.35114e-05     1.4659e-05     1.30562e-05
2246     1.78008e-06     1.95022e-05     1.95019e-05     1.95025e-05     2.03391e-05     2.20667e-05     1.96539e-05
2250     1.18672e-06     1.30283e-05     1.30281e-05     1.30285e-05     1.35874e-05     1.47415e-05     1.31297e-05
2254     1.78008e-06     1.95876e-05     1.95873e-05     1.95878e-05     2.04282e-05     2.21633e-05     1.974e-05
2258     1.18672e-06     1.30932e-05     1.3093e-05     1.30934e-05     1.36551e-05     1.4815e-05     1.31951e-05
2262     2.37344e-06     2.62704e-05     2.62699e-05     2.62707e-05     2.73978e-05     2.97249e-05     2.64748e-05
2266     1.78008e-06     1.97708e-05     1.97705e-05     1.97711e-05     2.06193e-05     2.23706e-05     1.99246e-05
2270     5.9336e-07     6.61337e-06     6.61325e-06     6.61345e-06     6.89718e-06     7.48302e-06     6.66482e-06
2274     5.9336e-07     6.62739e-06     6.62727e-06     6.62747e-06     6.9118e-06     7.49888e-06     6.67894e-06
2278     5.9336e-07     6.64428e-06     6.64416e-06     6.64436e-06     6.92941e-06     7.51799e-06     6.69597e-06
2282     5.9336e-07     6.65406e-06     6.65394e-06     6.65414e-06     6.93961e-06     7.52905e-06     6.70582e-06
2286     5.9336e-07     6.67312e-06     6.673e-06     6.6732e-06     6.95949e-06     7.55063e-06     6.72503e-06
2290     1.18672e-06     1.3397e-05     1.33967e-05     1.33971e-05     1.39719e-05     1.51587e-05     1.35012e-05
2294     2.37344e-06     2.68439e-05     2.68434e-05     2.68442e-05     2.79958e-05     3.03738e-05     2.70527e-05
2298     5.9336e-07     6.73743e-06     6.73731e-06     6.73751e-06     7.02656e-06     7.62339e-06     6.78984e-06
2302     5.9336e-07     6.74732e-06     6.74719e-06     6.7474e-06     7.03687e-06     7.63458e-06     6.79981e-06
2306     1.18672e-06     1.35402e-05     1.354e-05     1.35404e-05     1.41213e-05     1.53207e-05     1.36455e-05
2310     1.78008e-06     2.0367e-05     2.03666e-05     2.03672e-05     2.1241e-05     2.30452e-05     2.05254e-05
2314     1.18672e-06     1.36044e-05     1.36041e-05     1.36045e-05     1.41882e-05     1.53933e-05     1.37102e-05
2318     1.18672e-06     1.36567e-05     1.36565e-05     1.36569e-05     1.42428e-05     1.54525e-05     1.3763e-05
2322     0     0     0     0     0     0     0
2326     5.9336e-07     6.86225e-06     6.86212e-06     6.86233e-06     7.15674e-06     7.76462e-06     6.91563e-06
2330     1.18672e-06     1.37467e-05     1.37464e-05     1.37468e-05     1.43366e-05     1.55543e-05     1.38536e-05
2334     1.18672e-06     1.37875e-05     1.37873e-05     1.37877e-05     1.43792e-05     1.56005e-05     1.38948e-05
2338     0     0     0     0     0     0     0
2342     1.18672e-06     1.3874e-05     1.38738e-05     1.38742e-05     1.44694e-05     1.56984e-05     1.3982e-05
2346     1.18672e-06     1.38925e-05     1.38923e-05     1.38927e-05     1.44887e-05     1.57194e-05     1.40006e-05
2350     5.9336e-07     6.96099e-06     6.96087e-06     6.96108e-06     7.25972e-06     7.87635e-06     7.01515e-06
2354     5.9336e-07     6.98408e-06     6.98395e-06     6.98416e-06     7.2838e-06     7.90247e-06     7.03841e-06
2358     5.9336e-07     7.00189e-06     7.00177e-06     7.00198e-06     7.30238e-06     7.92263e-06     7.05636e-06
2362     5.9336e-07     7.01928e-06     7.01915e-06     7.01936e-06     7.3205e-06     7.9423e-06     7.07388e-06
2366     2.9668e-06     3.52213e-05     3.52207e-05     3.52217e-05     3.67328e-05     3.98529e-05     3.54953e-05
2370     1.78008e-06     2.11753e-05     2.11749e-05     2.11756e-05     2.2084e-05     2.39598e-05     2.134e-05
2374     0     0     0     0     0     0     0
2378     5.9336e-07     7.09293e-06     7.0928e-06     7.09301e-06     7.39732e-06     8.02564e-06     7.14811e-06
2382     1.18672e-06     1.42269e-05     1.42266e-05     1.4227e-05     1.48374e-05     1.60977e-05     1.43375e-05
2386     1.18672e-06     1.42702e-05     1.427e-05     1.42704e-05     1.48826e-05     1.61467e-05     1.43812e-05
2390     0     0     0     0     0     0     0
2394     1.18672e-06     1.43455e-05     1.43452e-05     1.43457e-05     1.49611e-05     1.62319e-05     1.44571e-05
2398     1.18672e-06     1.43738e-05     1.43735e-05     1.4374e-05     1.49906e-05     1.62639e-05     1.44856e-05
2402     0     0     0     0     0     0     0
2406     5.9336e-07     7.21921e-06     7.21908e-06     7.2193e-06     7.52902e-06     8.16853e-06     7.27537e-06
2410     1.78008e-06     2.17364e-05     2.17361e-05     2.17367e-05     2.26693e-05     2.45948e-05     2.19055e-05
2414     1.18672e-06     1.45362e-05     1.45359e-05     1.45364e-05     1.516e-05     1.64477e-05     1.46493e-05
2418     5.9336e-07     7.27575e-06     7.27562e-06     7.27584e-06     7.58799e-06     8.2325e-06     7.33235e-06
2422     0     0     0     0     0     0     0
2426     1.18672e-06     1.46272e-05     1.46269e-05     1.46273e-05     1.52549e-05     1.65506e-05     1.4741e-05
2430     5.9336e-07     7.34387e-06     7.34373e-06     7.34395e-06     7.65902e-06     8.30957e-06     7.401e-06
2434     5.9336e-07     7.36239e-06     7.36226e-06     7.36248e-06     7.67834e-06     8.33053e-06     7.41966e-06
2438     0     0     0     0     0     0     0
2442     1.78008e-06     2.21746e-05     2.21742e-05     2.21748e-05     2.31262e-05     2.50905e-05     2.23471e-05
2446     1.18672e-06     1.48161e-05     1.48158e-05     1.48163e-05     1.54519e-05     1.67644e-05     1.49313e-05
2450     5.9336e-07     7.42491e-06     7.42477e-06     7.42499e-06     7.74354e-06     8.40127e-06     7.48267e-06
2454     1.78008e-06     2.23468e-05     2.23464e-05     2.23471e-05     2.33058e-05     2.52854e-05     2.25207e-05
2458     0     0     0     0     0     0     0
2462     5.9336e-07     7.4865e-06     7.48636e-06     7.48659e-06     7.80778e-06     8.47096e-06     7.54474e-06
2466     5.9336e-07     7.50535e-06     7.50521e-06     7.50544e-06     7.82743e-06     8.49229e-06     7.56373e-06
2470     0     0     0     0     0     0     0
2474     0     0     0     0     0     0     0
2478     0     0     0     0     0     0     0
2482     0     0     0     0     0     0     0
2486     1.18672e-06     1.5204e-05     1.52037e-05     1.52042e-05     1.58565e-05     1.72033e-05     1.53223e-05
2490     1.78008e-06     2.28627e-05     2.28623e-05     2.2863e-05     2.38439e-05     2.58692e-05     2.30406e-05
2494     0     0     0     0     0     0     0
2498     5.9336e-07     7.6508e-06     7.65067e-06     7.6509e-06     7.97913e-06     8.65687e-06     7.71032e-06
2502     5.9336e-07     7.66878e-06     7.66864e-06     7.66888e-06     7.99788e-06     8.67722e-06     7.72844e-06
2506     5.9336e-07     7.69925e-06     7.69912e-06     7.69935e-06     8.02966e-06     8.71169e-06     7.75915e-06
2510     1.18672e-06     1.54179e-05     1.54176e-05     1.54181e-05     1.60795e-05     1.74453e-05     1.55378e-05
2514     5.9336e-07     7.73081e-06     7.73067e-06     7.7309e-06     8.06257e-06     8.7474e-06     7.79095e-06
2518     5.9336e-07     7.74537e-06     7.74523e-06     7.74546e-06     8.07775e-06     8.76387e-06     7.80562e-06
2522     5.9336e-07     7.76834e-06     7.7682e-06     7.76844e-06     8.10172e-06     8.78987e-06     7.82878e-06
2526     0     0     0     0     0     0     0
2530     5.9336e-07     7.79757e-06     7.79743e-06     7.79766e-06     8.13219e-06     8.82293e-06     7.85823e-06
2534     5.9336e-07     7.82021e-06     7.82007e-06     7.82031e-06     8.15581e-06     8.84856e-06     7.88105e-06
2538     5.9336e-07     7.84194e-06     7.8418e-06     7.84204e-06     8.17847e-06     8.87314e-06     7.90295e-06
2542     0     0     0     0     0     0     0
2546     5.9336e-07     7.87258e-06     7.87243e-06     7.87267e-06     8.21042e-06     8.90781e-06     7.93382e-06
2550     0     0     0     0     0     0     0
2554     5.9336e-07     7.91358e-06     7.91344e-06     7.91368e-06     8.25319e-06     8.95421e-06     7.97515e-06
2558     2.37344e-06     3.1726e-05     3.17254e-05     3.17264e-05     3.30875e-05     3.58979e-05     3.19728e-05
2562     0     0     0     0     0     0     0
2566     5.9336e-07     7.97007e-06     7.96993e-06     7.97017e-06     8.3121e-06     9.01812e-06     8.03207e-06
2570     5.9336e-07     8.00027e-06     8.00013e-06     8.00037e-06     8.3436e-06     9.0523e-06     8.06251e-06
2574     1.78008e-06     2.40392e-05     2.40388e-05     2.40395e-05     2.50708e-05     2.72003e-05     2.42262e-05
2578     5.9336e-07     8.02444e-06     8.0243e-06     8.02454e-06     8.3688e-06     9.07964e-06     8.08687e-06
2582     0     0     0     0     0     0     0
2586     0     0     0     0     0     0     0
2590     0     0     0     0     0     0     0
2594     5.9336e-07     8.09576e-06     8.09561e-06     8.09586e-06     8.44318e-06     9.16034e-06     8.15874e-06
2598     5.9336e-07     8.12303e-06     8.12288e-06     8.12312e-06     8.47162e-06     9.19119e-06     8.18622e-06
2602     5.9336e-07     8.14557e-06     8.14542e-06     8.14566e-06     8.49513e-06     9.2167e-06     8.20893e-06
2606     1.78008e-06     2.44956e-05     2.44951e-05     2.44959e-05     2.55468e-05     2.77167e-05     2.46861e-05
2610     5.9336e-07     8.18782e-06     8.18768e-06     8.18792e-06     8.5392e-06     9.26451e-06     8.25152e-06
2614     1.78008e-06     2.45921e-05     2.45917e-05     2.45924e-05     2.56474e-05     2.78259e-05     2.47834e-05
2618     0     0     0     0     0     0     0
2622     5.9336e-07     8.22867e-06     8.22852e-06     8.22877e-06     8.5818e-06     9.31073e-06     8.29268e-06
2626     5.9336e-07     8.25338e-06     8.25323e-06     8.25348e-06     8.60757e-06     9.33869e-06     8.31759e-06
2630     0     0     0     0     0     0     0
2634     5.9336e-07     8.29276e-06     8.29261e-06     8.29286e-06     8.64864e-06     9.38325e-06     8.35727e-06
2638     0     0     0     0     0     0     0
2642     0     0     0     0     0     0     0
2646     0     0     0     0     0     0     0
2650     0     0     0     0     0     0     0
2654     1.18672e-06     1.67907e-05     1.67904e-05     1.67909e-05     1.75113e-05     1.89987e-05     1.69213e-05
2658     1.18672e-06     1.68179e-05     1.68176e-05     1.68181e-05     1.75396e-05     1.90294e-05     1.69487e-05
2662     0     0     0     0     0     0     0
2666     1.18672e-06     1.69022e-05     1.69019e-05     1.69024e-05     1.76276e-05     1.91249e-05     1.70337e-05
2670     0     0     0     0     0     0     0
2674     5.9336e-07     8.47624e-06     8.47609e-06     8.47634e-06     8.83999e-06     9.59085e-06     8.54218e-06
2678     0     0     0     0     0     0     0
2682     0     0     0     0     0     0     0
2686     0     0     0     0     0     0     0
2690     0     0     0     0     0     0     0
2694     0     0     0     0     0     0     0
2698     0     0     0     0     0     0     0
2702     0     0     0     0     0     0     0
2706     1.18672e-06     1.72834e-05     1.72831e-05     1.72836e-05     1.80251e-05     1.95562e-05     1.74179e-05
2710     0     0     0     0     0     0     0
2714     5.9336e-07     8.66683e-06     8.66668e-06     8.66694e-06     9.03877e-06     9.80651e-06     8.73426e-06
2718     5.9336e-07     8.684e-06     8.68384e-06     8.6841e-06     9.05667e-06     9.82593e-06     8.75155e-06
2722     0     0     0     0     0     0     0
2726     0     0     0     0     0     0     0
2730     1.18672e-06     1.75007e-05     1.75004e-05     1.75009e-05     1.82517e-05     1.9802e-05     1.76368e-05
2734     5.9336e-07     8.76792e-06     8.76776e-06     8.76802e-06     9.14418e-06     9.92088e-06     8.83612e-06
2738     0     0     0     0     0     0     0
2742     5.9336e-07     8.81713e-06     8.81697e-06     8.81723e-06     9.19551e-06     9.97656e-06     8.88572e-06
2746     0     0     0     0     0     0     0
2750     5.9336e-07     8.85395e-06     8.85379e-06     8.85406e-06     9.23391e-06     1.00182e-05     8.92283e-06
2754     0     0     0     0     0     0     0
2758     0     0     0     0     0     0     0
2762     0     0     0     0     0     0     0
2766     0     0     0     0     0     0     0
2770     0     0     0     0     0     0     0
2774     5.9336e-07     8.96291e-06     8.96275e-06     8.96302e-06     9.34755e-06     1.01415e-05     9.03263e-06
2778     0     0     0     0     0     0     0
2782     5.9336e-07     8.99577e-06     8.99561e-06     8.99588e-06     9.38182e-06     1.01787e-05     9.06575e-06
2786     5.9336e-07     9.01353e-06     9.01337e-06     9.01364e-06     9.40034e-06     1.01988e-05     9.08365e-06
2790     0     0     0     0     0     0     0
2794     0     0     0     0     0     0     0
2798     5.9336e-07     9.08387e-06     9.08371e-06     9.08398e-06     9.4737e-06     1.02784e-05     9.15454e-06
2802     0     0     0     0     0     0     0
2806     5.9336e-07     9.11092e-06     9.11076e-06     9.11103e-06     9.50191e-06     1.0309e-05     9.1818e-06
2810     0     0     0     0     0     0     0
2814     0     0     0     0     0     0     0
2818     0     0     0     0     0     0     0
2822     5.9336e-07     9.18408e-06     9.18392e-06     9.18419e-06     9.57821e-06     1.03918e-05     9.25553e-06
2826     0     0     0     0     0     0     0
2830     0     0     0     0     0     0     0
2834     0     0     0     0     0     0     0
2838     0     0     0     0     0     0     0
2842     0     0     0     0     0     0     0
2846     0     0     0     0     0     0     0
2850     0     0     0     0     0     0     0
2854     0     0     0     0     0     0     0
2858     0     0     0     0     0     0     0
2862     0     0     0     0     0     0     0
2866     0     0     0     0     0     0     0
2870     0     0     0     0     0     0     0
2874     0     0     0     0     0     0     0
2878     5.9336e-07     9.45425e-06     9.45408e-06     9.45436e-06     9.85997e-06     1.06975e-05     9.5278e-06
2882     0     0     0     0     0     0     0
2886     0     0     0     0     0     0     0
2890     5.9336e-07     9.52562e-06     9.52545e-06     9.52574e-06     9.93441e-06     1.07782e-05     9.59972e-06
2894     0     0     0     0     0     0     0
2898     5.9336e-07     9.55294e-06     9.55277e-06     9.55306e-06     9.9629e-06     1.08091e-05     9.62726e-06
2902     0     0     0     0     0     0     0
2906     0     0     0     0     0     0     0
2910     0     0     0     0     0     0     0
2914     0     0     0     0     0     0     0
2918     0     0     0     0     0     0     0
2922     5.9336e-07     9.67825e-06     9.67807e-06     9.67836e-06     1.00936e-05     1.09509e-05     9.75354e-06
2926     0     0     0     0     0     0     0
2930     5.9336e-07     9.71513e-06     9.71495e-06     9.71525e-06     1.0132e-05     1.09927e-05     9.7907e-06
2934     0     0     0     0     0     0     0
2938     5.9336e-07     9.7626e-06     9.76242e-06     9.76272e-06     1.01816e-05     1.10464e-05     9.83855e-06
2942     0     0     0     0     0     0     0
2946     0     0     0     0     0     0     0
2950     0     0     0     0     0     0     0
2954     0     0     0     0     0     0     0
2958     0     0     0     0     0     0     0
2962     0     0     0     0     0     0     0
2966     5.9336e-07     9.88845e-06     9.88827e-06     9.88857e-06     1.03128e-05     1.11888e-05     9.96537e-06
2970     0     0     0     0     0     0     0
2974     5.9336e-07     9.93826e-06     9.93808e-06     9.93838e-06     1.03647e-05     1.12451e-05     1.00156e-05
2978     0     0     0     0     0     0     0
2982     0     0     0     0     0     0     0
2986     0     0     0     0     0     0     0
2990     0     0     0     0     0     0     0
2994     0     0     0     0     0     0     0
2998     0     0     0     0     0     0     0
3002     0     0     0     0     0     0     0
3006     0     0     0     0     0     0     0
3010     0     0     0     0     0     0     0
3014     0     0     0     0     0     0     0
3018     0     0     0     0     0     0     0
3022     0     0     0     0     0     0     0
3026     0     0     0     0     0     0     0
3030     5.9336e-07     1.01999e-05     1.01997e-05     1.02e-05     1.06376e-05     1.15412e-05     1.02792e-05
3034     0     0     0     0     0     0     0
3038     0     0     0     0     0     0     0
3042     0     0     0     0     0     0     0
3046     0     0     0     0     0     0     0
3050     0     0     0     0     0     0     0
3054     0     0     0     0     0     0     0
3058     0     0     0     0     0     0     0
3062     5.9336e-07     1.03557e-05     1.03555e-05     1.03558e-05     1.08001e-05     1.17174e-05     1.04362e-05
3066     0     0     0     0     0     0     0
3070     0     0     0     0     0     0     0
3074     5.9336e-07     1.04136e-05     1.04134e-05     1.04137e-05     1.08605e-05     1.17829e-05     1.04946e-05
3078     0     0     0     0     0     0     0
3082     0     0     0     0     0     0     0
3086     0     0     0     0     0     0     0
3090     0     0     0     0     0     0     0
3094     0     0     0     0     0     0     0
3098     0     0     0     0     0     0     0
3102     0     0     0     0     0     0     0
3106     5.9336e-07     1.05835e-05     1.05833e-05     1.05837e-05     1.10377e-05     1.19752e-05     1.06659e-05
3110     0     0     0     0     0     0     0
3114     5.9336e-07     1.06124e-05     1.06122e-05     1.06125e-05     1.10678e-05     1.20079e-05     1.06949e-05
3118     0     0     0     0     0     0     0
3122     5.9336e-07     1.06485e-05     1.06483e-05     1.06486e-05     1.11055e-05     1.20487e-05     1.07313e-05
3126     0     0     0     0     0     0     0
3130     0     0     0     0     0     0     0
3134     0     0     0     0     0     0     0
3138     0     0     0     0     0     0     0
3142     0     0     0     0     0     0     0
3146     0     0     0     0     0     0     0
3150     0     0     0     0     0     0     0
3154     0     0     0     0     0     0     0
3158     0     0     0     0     0     0     0
3162     0     0     0     0     0     0     0
3166     0     0     0     0     0     0     0
3170     0     0     0     0     0     0     0
3174     0     0     0     0     0     0     0
3178     0     0     0     0     0     0     0
3182     0     0     0     0     0     0     0
3186     0     0     0     0     0     0     0
3190     0     0     0     0     0     0     0
3194     0     0     0     0     0     0     0
3198     0     0     0     0     0     0     0
3202     0     0     0     0     0     0     0
3206     0     0     0     0     0     0     0
3210     0     0     0     0     0     0     0
3214     0     0     0     0     0     0     0
3218     0     0     0     0     0     0     0
3222     0     0     0     0     0     0     0
3226     0     0     0     0     0     0     0
3230     0     0     0     0     0     0     0
3234     0     0     0     0     0     0     0
3238     0     0     0     0     0     0     0
3242     0     0     0     0     0     0     0
3246     0     0     0     0     0     0     0
3250     0     0     0     0     0     0     0
3254     0     0     0     0     0     0     0
3258     0     0     0     0     0     0     0
3262     5.9336e-07     1.13462e-05     1.1346e-05     1.13463e-05     1.18331e-05     1.28382e-05     1.14344e-05
3266     0     0     0     0     0     0     0
3270     0     0     0     0     0     0     0
3274     0     0     0     0     0     0     0
3278     0     0     0     0     0     0     0
3282     0     0     0     0     0     0     0
3286     0     0     0     0     0     0     0
3290     0     0     0     0     0     0     0
3294     0     0     0     0     0     0     0
3298     5.9336e-07     1.15178e-05     1.15176e-05     1.1518e-05     1.20121e-05     1.30324e-05     1.16074e-05
3302     0     0     0     0     0     0     0
3306     0     0     0     0     0     0     0
3310     0     0     0     0     0     0     0
3314     0     0     0     0     0     0     0
3318     0     0     0     0     0     0     0
3322     0     0     0     0     0     0     0
3326     0     0     0     0     0     0     0
3330     0     0     0     0     0     0     0
3334     0     0     0     0     0     0     0
3338     0     0     0     0     0     0     0
3342     0     0     0     0     0     0     0
3346     0     0     0     0     0     0     0
3350     0     0     0     0     0     0     0
3354     0     0     0     0     0     0     0
3358     0     0     0     0     0     0     0
3362     0     0     0     0     0     0     0
3366     0     0     0     0     0     0     0
3370     0     0     0     0     0     0     0
3374     0     0     0     0     0     0     0
3378     0     0     0     0     0     0     0
3382     0     0     0     0     0     0     0
3386     0     0     0     0     0     0     0
3390     0     0     0     0     0     0     0
3394     0     0     0     0     0     0     0
3398     0     0     0     0     0     0     0
3402     0     0     0     0     0     0     0
3406     0     0     0     0     0     0     0
3410     0     0     0     0     0     0     0
3414     0     0     0     0     0     0     0
3418     0     0     0     0     0     0     0
3422     0     0     0     0     0     0     0
3426     0     0     0     0     0     0     0
3430     0     0     0     0     0     0     0
3434     0     0     0     0     0     0     0
3438     0     0     0     0     0     0     0
3442     0     0     0     0     0     0     0
3446     0     0     0     0     0     0     0
3450     0     0     0     0     0     0     0
3454     0     0     0     0     0     0     0
3458     0     0     0     0     0     0     0
3462     0     0     0     0     0     0     0
3466     0     0     0     0     0     0     0
3470     0     0     0     0     0     0     0
3474     0     0     0     0     0     0     0
3478     0     0     0     0     0     0     0
3482     0     0     0     0     0     0     0
3486     0     0     0     0     0     0     0
3490     0     0     0     0     0     0     0
3494     0     0     0     0     0     0     0
3498     0     0     0     0     0     0     0
3502     0     0     0     0     0     0     0
3506     0     0     0     0     0     0     0
3510     0     0     0     0     0     0     0
3514     0     0     0     0     0     0     0
3518     0     0     0     0     0     0     0
3522     0     0     0     0     0     0     0
3526     0     0     0     0     0     0     0
3530     0     0     0     0     0     0     0
3534     0     0     0     0     0     0     0
3538     0     0     0     0     0     0     0
3542     0     0     0     0     0     0     0
3546     0     0     0     0     0     0     0
3550     0     0     0     0     0     0     0
3554     0     0     0     0     0     0     0
3558     0     0     0     0     0     0     0
3562     0     0     0     0     0     0     0
3566     0     0     0     0     0     0     0
3570     0     0     0     0     0     0     0
3574     0     0     0     0     0     0     0
3578     0     0     0     0     0     0     0
3582     0     0     0     0     0     0     0
3586     0     0     0     0     0     0     0
3590     0     0     0     0     0     0     0
3594     0     0     0     0     0     0     0
3598     0     0     0     0     0     0     0
3602     0     0     0     0     0     0     0
3606     0     0     0     0     0     0     0
3610     0     0     0     0     0     0     0
3614     0     0     0     0     0     0     0
3618     0     0     0     0     0     0     0
3622     0     0     0     0     0     0     0
3626     0     0     0     0     0     0     0
3630     0     0     0     0     0     0     0
3634     0     0     0     0     0     0     0
3638     0     0     0     0     0     0     0
3642     0     0     0     0     0     0     0
3646     0     0     0     0     0     0     0
3650     0     0     0     0     0     0     0
3654     0     0     0     0     0     0     0
3658     0     0     0     0     0     0     0
3662     0     0     0     0     0     0     0
3666     0     0     0     0     0     0     0
3670     0     0     0     0     0     0     0
3674     0     0     0     0     0     0     0
3678     0     0     0     0     0     0     0
3682     0     0     0     0     0     0     0
3686     0     0     0     0     0     0     0
3690     0     0     0     0     0     0     0
3694     0     0     0     0     0     0     0
3698     0     0     0     0     0     0     0
3702     0     0     0     0     0     0     0
3706     0     0     0     0     0     0     0
3710     0     0     0     0     0     0     0
3714     0     0     0     0     0     0     0
3718     0     0     0     0     0     0     0
3722     0     0     0     0     0     0     0
3726     0     0     0     0     0     0     0
3730     0     0     0     0     0     0     0
3734     0     0     0     0     0     0     0
3738     0     0     0     0     0     0     0
3742     0     0     0     0     0     0     0
3746     0     0     0     0     0     0     0
3750     0     0     0     0     0     0     0
3754     0     0     0     0     0     0     0
3758     0     0     0     0     0     0     0
3762     0     0     0     0     0     0     0
3766     0     0     0     0     0     0     0
3770     0     0     0     0     0     0     0
3774     0     0     0     0     0     0     0
3778     0     0     0     0     0     0     0
3782     0     0     0     0     0     0     0
3786     0     0     0     0     0     0     0
3790     0     0     0     0     0     0     0
3794     0     0     0     0     0     0     0
3798     0     0     0     0     0     0     0
3802     0     0     0     0     0     0     0
3806     0     0     0     0     0     0     0
3810     0     0     0     0     0     0     0
3814     0     0     0     0     0     0     0
3818     0     0     0     0     0     0     0
3822     0     0     0     0     0     0     0
3826     0     0     0     0     0     0     0
3830     0     0     0     0     0     0     0
3834     0     0     0     0     0     0     0
3838     0     0     0     0     0     0     0
3842     0     0     0     0     0     0     0
3846     0     0     0     0     0     0     0
3850     0     0     0     0     0     0     0
3854     0     0     0     0     0     0     0
3858     0     0     0     0     0     0     0
3862     0     0     0     0     0     0     0
3866     0     0     0     0     0     0     0
3870     0     0     0     0     0     0     0
3874     0     0     0     0     0     0     0
3878     0     0     0     0     0     0     0
3882     0     0     0     0     0     0     0
3886     0     0     0     0     0     0     0
3890     0     0     0     0     0     0     0
3894     0     0     0     0     0     0     0
3898     0     0     0     0     0     0     0
3902     0     0     0     0     0     0     0
3906     0     0     0     0     0     0     0
3910     0     0     0     0     0     0     0
3914     0     0     0     0     0     0     0
3918     0     0     0     0     0     0     0
3922     0     0     0     0     0     0     0
3926     0     0     0     0     0     0     0
3930     0     0     0     0     0     0     0
3934     0     0     0     0     0     0     0
3938     0     0     0     0     0     0     0
3942     0     0     0     0     0     0     0
3946     0     0     0     0     0     0     0
3950     0     0     0     0     0     0     0
3954     0     0     0     0     0     0     0
3958     0     0     0     0     0     0     0
3962     0     0     0     0     0     0     0
3966     0     0     0     0     0     0     0
3970     0     0     0     0     0     0     0
3974     0     0     0     0     0     0     0
3978     0     0     0     0     0     0     0
3982     0     0     0     0     0     0     0
3986     0     0     0     0     0     0     0
3990     0     0     0     0     0     0     0
3994     0     0     0     0     0     0     0
3998     0     0     0     0     0     0     0
