2     0     0     0     0     0     0     0
6     0     0     0     0     0     0     0
10     0     0     0     0     0     0     0
14     0     0     0     0     0     0     0
18     0     0     0     0     0     0     0
22     0     0     0     0     0     0     0
26     2.96494e-05     8.48483e-09     8.48421e-09     8.48522e-09     8.86822e-09     9.30088e-09     8.65005e-09
30     4.90355e-05     1.18206e-08     1.18197e-08     1.18211e-08     1.23547e-08     1.29575e-08     1.20508e-08
34     6.04391e-05     1.21874e-08     1.21865e-08     1.21879e-08     1.27381e-08     1.33595e-08     1.24247e-08
38     5.35969e-05     9.29189e-09     9.29121e-09     9.29231e-09     9.71175e-09     1.01856e-08     9.47282e-09
42     6.9562e-05     1.05117e-08     1.05109e-08     1.05121e-08     1.09866e-08     1.15227e-08     1.07164e-08
46     8.5527e-05     1.1409e-08     1.14082e-08     1.14095e-08     1.19245e-08     1.25063e-08     1.16312e-08
50     8.78077e-05     1.05189e-08     1.05181e-08     1.05193e-08     1.09942e-08     1.15305e-08     1.07237e-08
54     8.5527e-05     9.31531e-09     9.31463e-09     9.31574e-09     9.73623e-09     1.02112e-08     9.4967e-09
58     0.000124299     1.24549e-08     1.2454e-08     1.24555e-08     1.30177e-08     1.36528e-08     1.26975e-08
62     0.000115176     1.0692e-08     1.06912e-08     1.06925e-08     1.11751e-08     1.17204e-08     1.09002e-08
66     0.000124299     1.08583e-08     1.08575e-08     1.08588e-08     1.1349e-08     1.19027e-08     1.10698e-08
70     0.000152808     1.26901e-08     1.26892e-08     1.26907e-08     1.32635e-08     1.39106e-08     1.29372e-08
74     0.000161931     1.28911e-08     1.28901e-08     1.28917e-08     1.34736e-08     1.41309e-08     1.31421e-08
78     0.000177896     1.37036e-08     1.37026e-08     1.37043e-08     1.43228e-08     1.50216e-08     1.39705e-08
82     0.000169914     1.27844e-08     1.27835e-08     1.2785e-08     1.33621e-08     1.4014e-08     1.30333e-08
86     0.000199563     1.47861e-08     1.4785e-08     1.47868e-08     1.54542e-08     1.62082e-08     1.5074e-08
90     0.000168773     1.23997e-08     1.23988e-08     1.24002e-08     1.296e-08     1.35922e-08     1.26411e-08
94     0.000201844     1.48042e-08     1.48031e-08     1.48049e-08     1.54731e-08     1.6228e-08     1.50925e-08
98     0.00022009     1.62068e-08     1.62056e-08     1.62075e-08     1.69391e-08     1.77655e-08     1.65223e-08
102     0.000205265     1.52358e-08     1.52346e-08     1.52365e-08     1.59242e-08     1.67011e-08     1.55324e-08
106     0.000225791     1.70083e-08     1.70071e-08     1.70091e-08     1.77768e-08     1.86441e-08     1.73395e-08
110     0.000245177     1.88807e-08     1.88794e-08     1.88816e-08     1.97339e-08     2.06966e-08     1.92484e-08
114     0.000234914     1.87373e-08     1.87359e-08     1.87381e-08     1.95839e-08     2.05394e-08     1.91021e-08
118     0.000217809     1.82899e-08     1.82885e-08     1.82907e-08     1.91163e-08     2.0049e-08     1.8646e-08
122     0.000238335     2.15737e-08     2.15721e-08     2.15747e-08     2.25485e-08     2.36486e-08     2.19938e-08
126     0.000274827     2.71884e-08     2.71864e-08     2.71897e-08     2.8417e-08     2.98034e-08     2.77179e-08
130     0.000267985     2.99502e-08     2.9948e-08     2.99516e-08     3.13035e-08     3.28307e-08     3.05334e-08
134     0.0002543     3.34663e-08     3.34638e-08     3.34678e-08     3.49784e-08     3.6685e-08     3.41179e-08
138     0.000345529     5.44068e-08     5.44028e-08     5.44092e-08     5.68652e-08     5.96395e-08     5.54662e-08
142     0.00028509     5.5806e-08     5.58019e-08     5.58085e-08     5.83276e-08     6.11732e-08     5.68926e-08
146     0.000336406     8.4841e-08     8.48348e-08     8.48449e-08     8.86746e-08     9.30008e-08     8.6493e-08
150     0.00031588     1.10069e-07     1.10061e-07     1.10074e-07     1.15042e-07     1.20655e-07     1.12212e-07
154     0.000340968     1.80837e-07     1.80823e-07     1.80845e-07     1.89008e-07     1.98229e-07     1.84358e-07
158     0.000301055     2.95043e-07     2.95021e-07     2.95056e-07     3.08374e-07     3.23419e-07     3.00788e-07
162     0.00034667     8.92376e-07     8.9231e-07     8.92416e-07     9.32698e-07     9.78202e-07     9.09752e-07
166     0.000359214     1.76445e-06     1.76432e-06     1.76453e-06     1.84418e-06     1.93415e-06     1.79881e-06
170     0.00037974     2.54061e-06     2.54042e-06     2.54072e-06     2.65541e-06     2.78496e-06     2.59008e-06
174     0.000354652     2.91139e-06     2.91117e-06     2.91152e-06     3.04294e-06     3.1914e-06     2.96808e-06
178     0.000393424     3.78281e-06     3.78253e-06     3.78298e-06     3.95374e-06     4.14663e-06     3.85647e-06
182     0.000397986     4.63759e-06     4.63724e-06     4.6378e-06     4.84714e-06     5.08362e-06     4.72789e-06
186     0.000409389     5.7612e-06     5.76078e-06     5.76146e-06     6.02152e-06     6.3153e-06     5.87338e-06
190     0.00041281     6.7662e-06     6.7657e-06     6.7665e-06     7.07193e-06     7.41695e-06     6.89795e-06
194     0.000424214     7.82281e-06     7.82223e-06     7.82316e-06     8.17628e-06     8.57518e-06     7.97513e-06
198     0.000449302     9.15102e-06     9.15035e-06     9.15144e-06     9.56452e-06     1.00311e-05     9.32921e-06
202     0.000394565     8.79626e-06     8.79561e-06     8.79666e-06     9.19372e-06     9.64226e-06     8.96754e-06
206     0.000400266     9.70148e-06     9.70079e-06     9.7019e-06     1.01398e-05     1.06346e-05     9.89037e-06
210     0.000439039     1.15147e-05     1.15139e-05     1.15152e-05     1.20491e-05     1.26432e-05     1.17487e-05
214     0.000447021     1.26168e-05     1.26159e-05     1.26174e-05     1.32168e-05     1.38747e-05     1.28832e-05
218     0.000456144     1.38085e-05     1.38075e-05     1.38091e-05     1.44645e-05     1.51842e-05     1.40995e-05
222     0.000476671     1.53881e-05     1.5387e-05     1.53887e-05     1.61232e-05     1.69272e-05     1.57152e-05
226     0.000468688     1.60979e-05     1.60968e-05     1.60986e-05     1.68677e-05     1.77092e-05     1.64406e-05
230     0.000524566     1.91042e-05     1.91029e-05     1.9105e-05     2.00198e-05     2.10195e-05     1.95123e-05
234     0.000455004     1.75631e-05     1.75618e-05     1.75638e-05     1.84068e-05     1.93268e-05     1.79396e-05
238     0.000477811     1.95358e-05     1.95344e-05     1.95366e-05     2.04752e-05     2.14991e-05     1.99553e-05
242     0.000548513     2.37033e-05     2.37016e-05     2.37043e-05     2.48458e-05     2.60895e-05     2.42141e-05
246     0.000510881     2.32306e-05     2.32289e-05     2.32315e-05     2.43569e-05     2.5579e-05     2.37357e-05
250     0.000515443     2.46615e-05     2.46597e-05     2.46625e-05     2.58596e-05     2.71582e-05     2.51994e-05
254     0.000512022     2.57899e-05     2.57881e-05     2.5791e-05     2.70439e-05     2.84024e-05     2.63532e-05
258     0.000491495     2.59744e-05     2.59726e-05     2.59755e-05     2.72415e-05     2.86115e-05     2.65445e-05
262     0.000587286     3.2591e-05     3.25888e-05     3.25924e-05     3.41898e-05     3.59131e-05     3.33125e-05
266     0.000541671     3.1457e-05     3.14548e-05     3.14583e-05     3.29999e-05     3.46632e-05     3.21533e-05
270     0.000534829     3.25092e-05     3.2507e-05     3.25105e-05     3.41094e-05     3.58311e-05     3.32326e-05
274     0.000545092     3.46347e-05     3.46323e-05     3.46361e-05     3.63474e-05     3.81856e-05     3.54108e-05
278     0.000598689     3.96821e-05     3.96794e-05     3.96837e-05     4.16535e-05     4.37641e-05     4.05774e-05
282     0.000606672     4.19969e-05     4.1994e-05     4.19986e-05     4.40882e-05     4.63244e-05     4.29478e-05
286     0.000546233     3.94206e-05     3.94179e-05     3.94222e-05     4.13928e-05     4.34962e-05     4.03195e-05
290     0.000614654     4.61287e-05     4.61255e-05     4.61305e-05     4.84484e-05     5.09156e-05     4.71887e-05
294     0.000582724     4.54943e-05     4.54912e-05     4.54961e-05     4.77958e-05     5.02358e-05     4.65491e-05
298     0.000646584     5.24897e-05     5.24861e-05     5.24918e-05     5.51631e-05     5.79875e-05     5.37189e-05
302     0.000597549     5.02836e-05     5.02801e-05     5.02855e-05     5.28441e-05     5.55497e-05     5.14606e-05
306     0.000607812     5.31243e-05     5.31207e-05     5.31264e-05     5.58497e-05     5.87179e-05     5.43817e-05
310     0.000707023     6.40569e-05     6.40526e-05     6.40594e-05     6.73675e-05     7.08377e-05     6.55898e-05
314     0.000662549     6.2221e-05     6.22168e-05     6.22234e-05     6.54609e-05     6.88433e-05     6.37266e-05
318     0.000688778     6.69488e-05     6.69443e-05     6.69514e-05     7.04558e-05     7.41052e-05     6.85832e-05
322     0.000713866     7.17984e-05     7.17936e-05     7.18011e-05     7.56015e-05     7.95355e-05     7.35801e-05
326     0.000737813     7.66645e-05     7.66594e-05     7.66674e-05     8.0765e-05     8.49847e-05     7.85943e-05
330     0.000668251     7.16689e-05     7.16642e-05     7.16715e-05     7.55364e-05     7.94969e-05     7.34968e-05
334     0.000745796     8.25031e-05     8.24977e-05     8.25061e-05     8.69916e-05     9.15671e-05     8.46329e-05
338     0.000737813     8.41605e-05     8.4155e-05     8.41635e-05     8.87716e-05     9.34526e-05     8.63562e-05
342     0.000715006     8.4066e-05     8.40606e-05     8.4069e-05     8.87408e-05     9.34455e-05     8.63086e-05
346     0.000780006     9.48748e-05     9.48687e-05     9.4878e-05     0.000100188     0.000105508     9.74341e-05
350     0.000772024     9.769e-05     9.76839e-05     9.76933e-05     0.000103267     0.000108794     0.000100401
354     0.000774305     0.000102419     0.000102413     0.000102422     0.00010838     0.000114228     0.000105339
358     0.000770884     0.000106899     0.000106893     0.000106903     0.000113196     0.000119339     0.000109997
362     0.000734392     0.000106636     0.00010663     0.00010664     0.000113013     0.000119192     0.00010979
366     0.00076062     0.000115391     0.000115384     0.000115395     0.000122484     0.000129265     0.000118935
370     0.000832463     0.000131682     0.000131674     0.000131686     0.000139999     0.000147847     0.000135878
374     0.000745796     0.000123125     0.000123117     0.000123128     0.000131047     0.00013846     0.000127146
378     0.000807375     0.000139055     0.000139047     0.000139059     0.000148007     0.000156387     0.000143597
382     0.000894042     0.000160215     0.000160207     0.00016022     0.000170809     0.000180611     0.000165635
386     0.000831323     0.000154682     0.000154674     0.000154686     0.0001651     0.000174663     0.000160041
390     0.000870095     0.00016796     0.000167951     0.000167965     0.000179484     0.000189979     0.00017392
394     0.000897464     0.000179265     0.000179255     0.000179269     0.00019179     0.00020311     0.000185776
398     0.000891762     0.000184083     0.000184073     0.000184087     0.000197201     0.000208958     0.00019094
402     0.000940797     0.000200689     0.000200679     0.000200694     0.000215321     0.000228316     0.000208383
406     0.000964745     0.000212653     0.000212642     0.000212658     0.000228483     0.000242426     0.000221021
410     0.000977289     0.000222233     0.000222222     0.000222238     0.000239096     0.000253839     0.00023119
414     0.000946499     0.00022152     0.000221509     0.000221525     0.000238612     0.000253459     0.000230634
418     0.000960183     0.000231163     0.000231152     0.000231168     0.000249314     0.000264977     0.000240881
422     0.00100124     0.000248048     0.000248036     0.000248053     0.000268056     0.000285151     0.000258825
426     0.00102062     0.00025948     0.000259468     0.000259485     0.000280865     0.000298997     0.000271053
430     0.000994394     0.00025956     0.000259548     0.000259564     0.000281464     0.000299877     0.000271474
434     0.00103089     0.000276121     0.000276108     0.000276126     0.000299925     0.000319782     0.000289127
438     0.00102176     0.000280554     0.000280542     0.000280559     0.000305178     0.00032559     0.000294057
442     0.00103887     0.000292379     0.000292366     0.000292384     0.000318819     0.00034052     0.000306959
446     0.00112782     0.000325073     0.000325058     0.000325077     0.000355112     0.000379608     0.000341696
450     0.00107536     0.000317149     0.000317136     0.000317153     0.000347161     0.000371457     0.000333824
454     0.00111527     0.000336317     0.000336302     0.000336321     0.000368896     0.000395077     0.00035449
458     0.00116431     0.000358586     0.000358571     0.00035859     0.000394066     0.000422385     0.000378451
462     0.00120992     0.000380807     0.000380792     0.000380811     0.000419495     0.0004501     0.000402573
466     0.00115861     0.000372434     0.000372419     0.000372437     0.000411145     0.000441528     0.000394303
470     0.00120764     0.000396265     0.00039625     0.000396269     0.000438514     0.000471396     0.000420241
474     0.00126352     0.000422907     0.000422891     0.00042291     0.000469164     0.000504875     0.000449266
478     0.00123615     0.000421874     0.000421859     0.000421877     0.000469091     0.000505297     0.000448873
482     0.00131484     0.000457606     0.00045759     0.000457608     0.000510395     0.000550557     0.000487907
486     0.00124641     0.000441884     0.000441869     0.000441885     0.000494201     0.000533746     0.000472011
490     0.00128975     0.000465895     0.00046588     0.000465896     0.000522544     0.000565069     0.000498624
494     0.00136501     0.000502039     0.000502023     0.00050204     0.000564555     0.000611192     0.000538266
498     0.00139238     0.000521209     0.000521193     0.000521209     0.000587403     0.000636527     0.000559662
502     0.00144598     0.000550696     0.000550681     0.000550696     0.000623379     0.000676788     0.000593121
506     0.00144484     0.000559885     0.00055987     0.000559884     0.00063568     0.000691053     0.00060424
510     0.00151782     0.000598159     0.000598144     0.000598157     0.000681069     0.000741342     0.000646784
514     0.00148361     0.000594666     0.000594652     0.000594663     0.000679219     0.000740376     0.000644365
518     0.00148817     0.000606552     0.000606538     0.000606547     0.000695274     0.000759084     0.00065883
522     0.001568     0.000649414     0.000649401     0.000649408     0.000747187     0.000817136     0.000707158
526     0.00167063     0.000702944     0.000702931     0.000702936     0.000811172     0.000888236     0.000766991
530     0.00167861     0.000717337     0.000717326     0.000717328     0.000830936     0.00091132     0.00078475
534     0.00168431     0.00073058     0.00073057     0.000730569     0.000849476     0.000933094     0.000801328
538     0.00169572     0.000746354     0.000746344     0.000746341     0.00087009     0.000956752     0.000820114
542     0.00172537     0.000770792     0.000770784     0.000770776     0.000903301     0.000995379     0.000850048
546     0.00177554     0.000805122     0.000805116     0.000805104     0.000946851     0.00104488     0.000890058
550     0.00186905     0.000860318     0.000860314     0.000860297     0.00101574     0.00112273     0.000953646
554     0.00183142     0.000855947     0.000855945     0.000855924     0.00101426     0.0011228     0.000951155
558     0.00191809     0.000909555     0.000909555     0.000909528     0.0010806     0.00119762     0.00101251
562     0.00200817     0.000964747     0.000964751     0.000964715     0.00115236     0.00128011     0.00107789
566     0.00197054     0.000958329     0.000958337     0.000958295     0.00114887     0.00127821     0.00107335
570     0.00214616     0.00105695     0.00105696     0.00105691     0.00127188     0.00141732     0.00118686
574     0.00208344     0.00104071     0.00104072     0.00104066     0.0012572     0.0014032     0.00117173
578     0.00215414     0.00109162     0.00109164     0.00109157     0.0013232     0.00147892     0.00123193
582     0.00217011     0.00111458     0.0011146     0.00111452     0.00135733     0.00151998     0.00126186
586     0.00235941     0.00122765     0.00122769     0.00122758     0.00149974     0.00168167     0.00139284
590     0.00242441     0.00127952     0.00127956     0.00127944     0.00156877     0.00176173     0.00145526
594     0.00250081     0.00134129     0.00134134     0.0013412     0.00165035     0.00185611     0.00152919
598     0.00255555     0.00139321     0.00139327     0.00139311     0.00171888     0.00193546     0.00159126
602     0.00254985     0.00140982     0.00140989     0.00140971     0.00174615     0.00196956     0.00161443
606     0.00252134     0.00141089     0.00141097     0.00141078     0.00175359     0.00198092     0.00161945
610     0.00259546     0.00147056     0.00147066     0.00147044     0.00183158     0.002071     0.00169025
614     0.00263195     0.0015125     0.00151261     0.00151237     0.00188737     0.00213587     0.00174062
618     0.00283037     0.00165245     0.00165257     0.00165229     0.00206833     0.00234358     0.00190564
622     0.00287827     0.00170621     0.00170636     0.00170603     0.00214025     0.0024274     0.00197046
626     0.00282581     0.00170112     0.00170128     0.00170093     0.0021375     0.00242615     0.00196676
630     0.00293757     0.00179456     0.00179474     0.00179434     0.00225764     0.00256407     0.00207638
634     0.00303678     0.00188265     0.00188286     0.00188241     0.0023708     0.00269398     0.00217961
638     0.00320669     0.00201894     0.00201918     0.00201867     0.00254498     0.00289343     0.00233881
642     0.00323178     0.00206948     0.00206976     0.00206918     0.00260894     0.00296698     0.00239717
646     0.00324661     0.00211759     0.0021179     0.00211726     0.00266945     0.00303626     0.00245254
650     0.00338117     0.00224812     0.00224847     0.00224775     0.00283334     0.00322285     0.00260305
654     0.00344275     0.00233302     0.00233341     0.00233262     0.00293841     0.0033419     0.0026999
658     0.00354196     0.00244723     0.00244767     0.00244679     0.0030779     0.00349901     0.0028291
662     0.0036024     0.00253839     0.00253889     0.00253789     0.00318538     0.00361887     0.00292949
666     0.00367538     0.0026431     0.00264365     0.00264255     0.00330967     0.00375777     0.00304539
670     0.00362635     0.00266444     0.00266503     0.00266386     0.00332817     0.00377588     0.00306435
674     0.00382477     0.0028708     0.00287147     0.00287015     0.00357605     0.00405333     0.00329505
678     0.00382363     0.00293652     0.00293724     0.00293583     0.00364388     0.00412453     0.00336124
682     0.00386696     0.00303911     0.00303992     0.00303835     0.00375678     0.00424653     0.00346915
686     0.00391828     0.00315391     0.0031548     0.00315309     0.00388118     0.00437983     0.00358869
690     0.00386696     0.00319312     0.00319406     0.00319226     0.00391145     0.00440665     0.00362147
694     0.00394337     0.00334861     0.00334963     0.00334768     0.00408232     0.00459117     0.00378489
698     0.00390801     0.00341642     0.0034175     0.00341545     0.00414409     0.00465204     0.00384776
702     0.00406767     0.00366162     0.00366286     0.00366054     0.00440823     0.00493442     0.00410217
706     0.00403916     0.00374907     0.00375037     0.00374794     0.00448413     0.00500638     0.00418112
710     0.00396617     0.00380005     0.0038014     0.00379889     0.00451644     0.0050296     0.00421946
714     0.00414521     0.00410752     0.004109     0.00410625     0.00485044     0.0053873     0.00454061
718     0.00393994     0.00404152     0.004043     0.00404027     0.00473928     0.0052486     0.00444627
722     0.0039331     0.00417224     0.00417379     0.00417093     0.00484768     0.00534808     0.00456116
726     0.00383389     0.00420534     0.0042069     0.00420403     0.00484914     0.00533243     0.00457357
730     0.00374836     0.00424997     0.00425154     0.00424867     0.00486292     0.0053297     0.00459799
734     0.00384415     0.00451104     0.00451269     0.00450968     0.00512004     0.0055914     0.00485389
738     0.00357275     0.00434201     0.00434357     0.00434074     0.00488989     0.00532125     0.00464764
742     0.00362407     0.00456159     0.00456319     0.00456028     0.00508206     0.00550312     0.00484759
746     0.00346784     0.00452274     0.00452426     0.00452149     0.00499643     0.00538912     0.00477941
750     0.00344389     0.00464729     0.00464878     0.00464606     0.00509087     0.00546895     0.0048837
754     0.00327854     0.00456688     0.00456518     0.00456882     0.00495995     0.00513119     0.00493483
758     0.00323406     0.00464177     0.00464011     0.00464366     0.0049975     0.00518565     0.00495078
762     0.00320327     0.00473487     0.00473325     0.0047367     0.00504025     0.00525073     0.00496467
766     0.00317932     0.00483846     0.00483688     0.00484023     0.00510586     0.00533544     0.00500682
770     0.00292388     0.00457726     0.00457583     0.00457884     0.00478742     0.00500697     0.0046835
774     0.00294441     0.00473757     0.00473616     0.00473911     0.00491161     0.00512788     0.00480606
778     0.00267871     0.00442186     0.00442061     0.00442321     0.00454475     0.00472275     0.00446091
782     0.00261713     0.00442168     0.00442051     0.00442292     0.00449095     0.00463638     0.00442711
786     0.00258406     0.00445783     0.00445671     0.004459     0.0044904     0.00461422     0.00444
790     0.00247572     0.00435344     0.00435241     0.0043545     0.00434699     0.00444443     0.00431216
794     0.00232405     0.00416197     0.00416104     0.00416291     0.0041205     0.00419193     0.0041005
798     0.00217125     0.00395876     0.00395792     0.00395959     0.00388432     0.00393067     0.0038785
802     0.00217239     0.00402851     0.00402772     0.00402927     0.00390993     0.00393049     0.00392026
806     0.00209142     0.00394061     0.00393988     0.0039413     0.00379229     0.00379218     0.00381473
810     0.00206063     0.00394082     0.00394013     0.00394146     0.00376118     0.00374133     0.00379563
814     0.00183826     0.00356355     0.00356296     0.00356409     0.00337339     0.00333787     0.00341521
818     0.00178466     0.0035023     0.00350175     0.00350279     0.00328804     0.00323573     0.00333968
822     0.0017151     0.00340338     0.00340288     0.00340382     0.00316185     0.00309012     0.00322479
826     0.0017744     0.0035574     0.0035569     0.00355782     0.00327778     0.00318578     0.00335397
830     0.00160221     0.00324429     0.00324386     0.00324465     0.00296506     0.00286535     0.00304407
834     0.00155545     0.00318008     0.00317967     0.0031804     0.00288464     0.00277221     0.00297084
838     0.00156229     0.00322397     0.00322357     0.00322428     0.00290349     0.00277485     0.00299948
842     0.00142203     0.00295911     0.00295877     0.00295938     0.00263722     0.00250082     0.00273633
846     0.00132396     0.00277675     0.00277644     0.00277698     0.00245839     0.00232024     0.00255763
850     0.00128747     0.00272104     0.00272075     0.00272125     0.00239079     0.00224367     0.00249517
854     0.00121562     0.00258883     0.00258857     0.00258903     0.00225795     0.00210682     0.00236394
858     0.00116659     0.00250355     0.0025033     0.00250373     0.00216798     0.00201081     0.00227696
862     0.00112325     0.00242838     0.00242815     0.00242854     0.00208384     0.00191778     0.00219752
866     0.00113694     0.00247447     0.00247424     0.00247463     0.00210855     0.00192899     0.00223049
870     0.00103545     0.00226798     0.00226777     0.00226812     0.00192052     0.00174745     0.00203728
874     0.00101492     0.00223655     0.00223635     0.00223668     0.00188213     0.00170318     0.00200215
878     0.000898604     0.00199174     0.00199157     0.00199186     0.00166425     0.00149665     0.00177602
882     0.00088492     0.00197324     0.00197308     0.00197335     0.00163584     0.00146078     0.00175189
886     0.000875797     0.00196493     0.00196476     0.00196503     0.00161873     0.00143729     0.0017385
890     0.000818779     0.00184927     0.00184912     0.00184937     0.00151382     0.00133591     0.00163067
894     0.000799393     0.00181766     0.00181751     0.00181775     0.00147936     0.00129773     0.00159806
898     0.000689918     0.00157941     0.00157928     0.00157949     0.00127884     0.0011155     0.00138505
902     0.000691058     0.00159197     0.00159185     0.00159205     0.00127799     0.00110523     0.00138975
906     0.000713866     0.00165487     0.00165474     0.00165495     0.00132135     0.00113691     0.00144042
910     0.000712725     0.0016625     0.00166237     0.00166258     0.00131952     0.00112863     0.00144244
914     0.000643163     0.00151028     0.00151016     0.00151035     0.0011916     0.00101288     0.00130633
918     0.000630619     0.00149083     0.00149072     0.0014909     0.00117065     0.000989568     0.00128652
922     0.000629479     0.00149791     0.0014978     0.00149798     0.00116793     0.000979114     0.00128816
926     0.000546233     0.00130812     0.00130802     0.00130818     0.00101447     0.000845213     0.00112193
930     0.00053711     0.00129425     0.00129416     0.00129431     0.000998545     0.000826973     0.00110719
934     0.000521145     0.0012644     0.00126431     0.00126446     0.000970095     0.000798178     0.00107867
938     0.000516583     0.001262     0.0012619     0.00126205     0.000963223     0.000787672     0.00107386
942     0.000500618     0.00123127     0.00123118     0.00123133     0.000933423     0.000757259     0.00104416
946     0.000512022     0.00126738     0.00126728     0.00126744     0.000956553     0.000771872     0.00107244
950     0.000445881     0.00111085     0.00111076     0.0011109     0.000834469     0.000669323     0.000937866
954     0.000399126     0.00100104     0.00100096     0.00100109     0.000748321     0.000596261     0.000843262
958     0.000436758     0.00110319     0.00110311     0.00110324     0.000821115     0.0006501     0.000927559
962     0.000432197     0.00109957     0.00109949     0.00109962     0.000813131     0.00063773     0.000921862
966     0.000359214     0.000920644     0.000920574     0.000920687     0.000678094     0.00052871     0.000770505
970     0.000354652     0.000915411     0.000915342     0.000915454     0.000671405     0.000520276     0.000764688
974     0.000360354     0.000936919     0.000936847     0.000936963     0.000683647     0.000525759     0.000780842
978     0.000339827     0.00088961     0.000889542     0.000889652     0.000646194     0.000493624     0.000739914
982     0.000345529     0.000911072     0.000911002     0.000911115     0.00065799     0.000498353     0.000755823
986     0.00031588     0.000838834     0.00083877     0.000838874     0.000603622     0.000454599     0.000694787
990     0.000314739     0.000842333     0.000842269     0.000842373     0.000603563     0.000451609     0.000696369
994     0.000328424     0.000885629     0.000885561     0.000885671     0.000631981     0.000469886     0.000730827
998     0.000309038     0.000839546     0.000839482     0.000839586     0.00059641     0.000440294     0.000691424
1002     0.000277108     0.000758643     0.000758586     0.00075868     0.00053637     0.000392793     0.000623555
1006     0.000266844     0.000736397     0.000736341     0.000736432     0.000518867     0.000377724     0.000604414
1010     0.0002543     0.000707425     0.000707371     0.000707459     0.000496282     0.000358609     0.00057957
1014     0.000255441     0.000716312     0.000716258     0.000716347     0.000500486     0.000359087     0.000585874
1018     0.000229212     0.000648029     0.00064798     0.00064806     0.00045151     0.000322184     0.000529465
1022     0.000256581     0.000731284     0.000731229     0.000731319     0.000507095     0.000358635     0.000596364
1026     0.000210967     0.000606218     0.000606172     0.000606247     0.000418011     0.000292735     0.000493188
1030     0.000234914     0.000680835     0.000680783     0.000680868     0.000468063     0.000325754     0.000553297
1034     0.000214388     0.000626588     0.00062654     0.000626618     0.000429663     0.00029735     0.000508761
1038     0.000206405     0.000608265     0.000608219     0.000608294     0.000415204     0.000284846     0.000492979
1042     0.000216668     0.000644108     0.000644059     0.000644139     0.000437017     0.000296244     0.000520779
1046     0.000181317     0.000543577     0.000543535     0.000543603     0.000367914     0.000247929     0.000439173
1050     0.000193861     0.000585816     0.000585771     0.000585843     0.000395731     0.000265375     0.000473026
1054     0.000212107     0.000646721     0.000646672     0.000646752     0.000435669     0.000290195     0.00052175
1058     0.000172194     0.000529575     0.000529535     0.0005296     0.000355476     0.000234865     0.0004267
1062     0.000155089     0.00048111     0.000481074     0.000481133     0.000320855     0.000209069     0.000386686
1066     0.000148247     0.000463825     0.00046379     0.000463847     0.000308823     0.000200205     0.000372669
1070     0.000135703     0.000428329     0.000428296     0.000428349     0.000284188     0.000182668     0.000343738
1074     0.000163072     0.000519177     0.000519138     0.000519202     0.000343136     0.000218526     0.000416079
1078     0.000163072     0.000523655     0.000523615     0.00052368     0.000345138     0.00021813     0.000419325
1082     0.000143685     0.000465739     0.000465704     0.000465761     0.000305656     0.000191007     0.000372444
1086     0.000128861     0.000421175     0.000421143     0.000421195     0.000275443     0.000170554     0.000336423
1090     0.000149387     0.000492679     0.000492641     0.000492702     0.000321057     0.000196874     0.000393098
1094     0.000128861     0.00042866     0.000428628     0.000428681     0.000278536     0.000169357     0.000341737
1098     0.000103773     0.000348195     0.000348168     0.000348211     0.000225775     0.000136318     0.00027745
1102     0.000123159     0.000417122     0.00041709     0.000417141     0.000269485     0.000160875     0.000332046
1106     0.00012772     0.000436324     0.000436291     0.000436344     0.00028096     0.000166115     0.000346988
1110     0.000106054     0.000365269     0.000365242     0.000365287     0.000234277     0.000136965     0.000290111
1114     0.000104913     0.000364821     0.000364793     0.000364838     0.000233058     0.000134621     0.000289401
1118     0.000120878     0.000423881     0.000423849     0.000423901     0.000270241     0.000154908     0.000336117
1122     9.92113e-05     0.000350984     0.000350958     0.000351001     0.00022325     0.000126744     0.000278226
1126     0.000100352     0.000358177     0.000358149     0.000358193     0.000227055     0.000127494     0.000283649
1130     0.000107194     0.000386042     0.000386012     0.00038606     0.000243521     0.000134675     0.000305246
1134     9.57903e-05     0.000347957     0.000347931     0.000347974     0.000218884     0.00011984     0.00027494
1138     0.000110615     0.000405425     0.000405394     0.000405444     0.000254971     0.000138987     0.000320482
1142     9.35095e-05     0.000345697     0.000345671     0.000345713     0.000216852     0.000116871     0.000273163
1146     0.000111755     0.000416687     0.000416655     0.000416706     0.000260722     0.0001391     0.000329072
1150     0.000102632     0.000386076     0.000386047     0.000386094     0.000240886     0.000127066     0.000304704
1154     7.41234e-05     0.000281172     0.000281151     0.000281185     0.000174966     9.12929e-05     0.000221781
1158     8.66674e-05     0.000331816     0.000331791     0.000331831     0.000205944     0.000106284     0.000261586
1162     0.000107194     0.000413824     0.000413793     0.000413843     0.000255643     0.000129554     0.000325837
1166     7.86849e-05     0.000306582     0.000306558     0.000306596     0.000189039     9.48545e-05     0.000241352
1170     8.09656e-05     0.000318014     0.00031799     0.000318028     0.000195751     9.73963e-05     0.000250286
1174     8.32463e-05     0.000330059     0.000330034     0.000330074     0.000202492     9.9185e-05     0.000259607
1178     7.75445e-05     0.00031005     0.000310027     0.000310064     0.00018981     9.20501e-05     0.000243765
1182     7.18427e-05     0.000289639     0.000289617     0.000289653     0.000176854     8.45557e-05     0.000227649
1186     6.15795e-05     0.000250386     0.000250367     0.000250398     0.000152079     7.11733e-05     0.000196491
1190     6.38602e-05     0.000261735     0.000261715     0.000261747     0.000158755     7.36671e-05     0.000205381
1194     5.35969e-05     0.0002216     0.000221583     0.00022161     0.000134271     6.1766e-05     0.000173919
1198     7.41234e-05     0.000309224     0.000309201     0.000309238     0.000186722     8.44691e-05     0.000242504
1202     4.78951e-05     0.000201473     0.000201458     0.000201483     0.000121329     5.39939e-05     0.000157954
1206     7.41234e-05     0.000314361     0.000314337     0.000314376     0.000188997     8.31886e-05     0.000246434
1210     6.61409e-05     0.000282962     0.00028294     0.000282975     0.00016984     7.38737e-05     0.000221812
1214     4.56144e-05     0.000196779     0.000196764     0.000196788     0.000117846     5.05682e-05     0.000154204
1218     5.47373e-05     0.000238081     0.000238063     0.000238092     0.000141952     5.96049e-05     0.000186356
1222     5.7018e-05     0.000250059     0.00025004     0.00025007     0.000149145     6.21472e-05     0.000195918
1226     5.81584e-05     0.000257261     0.000257241     0.000257273     0.000152992     6.2647e-05     0.000201456
1230     6.15795e-05     0.000274654     0.000274633     0.000274667     0.000162895     6.56304e-05     0.000214966
1234     5.01759e-05     0.000225703     0.000225686     0.000225714     0.000133464     5.27746e-05     0.00017656
1238     5.13162e-05     0.000232655     0.000232638     0.000232666     0.000137252     5.33882e-05     0.000181943
1242     5.24566e-05     0.000239718     0.0002397     0.000239729     0.00014113     5.39232e-05     0.000187474
1246     5.35969e-05     0.000247198     0.00024718     0.00024721     0.000145345     5.47617e-05     0.000193361
1250     4.1053e-05     0.000190756     0.000190742     0.000190765     0.000111895     4.14558e-05     0.00014916
1254     4.56144e-05     0.000213704     0.000213688     0.000213713     0.000125032     4.54368e-05     0.000167045
1258     3.87723e-05     0.000183147     0.000183133     0.000183155     0.000107015     3.83582e-05     0.000143175
1262     3.64915e-05     0.000173862     0.000173849     0.00017387     0.00010114     3.51307e-05     0.0001358
1266     4.33337e-05     0.000207933     0.000207917     0.000207942     0.000120799     4.13572e-05     0.00016243
1270     3.64915e-05     0.000176702     0.000176689     0.00017671     0.000102381     3.42493e-05     0.000137995
1274     4.78951e-05     0.000233576     0.000233559     0.000233587     0.000135073     4.43896e-05     0.000182381
1278     4.78951e-05     0.000235405     0.000235387     0.000235416     0.000135993     4.40099e-05     0.000183866
1282     3.30704e-05     0.000163932     0.000163919     0.000163939     9.45664e-05     2.99713e-05     0.000128081
1286     3.87723e-05     0.000193687     0.000193673     0.000193696     0.000111394     3.43962e-05     0.000151257
1290     2.8509e-05     0.000143647     0.000143636     0.000143654     8.24706e-05     2.4905e-05     0.000112196
1294     2.96494e-05     0.000150417     0.000150406     0.000150424     8.62258e-05     2.55806e-05     0.000117483
1298     3.76319e-05     0.000192361     0.000192347     0.00019237     0.000109927     3.16711e-05     0.000150167
1302     3.30704e-05     0.00017042     0.000170407     0.000170428     9.72239e-05     2.72897e-05     0.000133074
1306     3.87723e-05     0.000201354     0.000201339     0.000201363     0.000114795     3.17103e-05     0.000157291
1310     3.99126e-05     0.000208887     0.000208871     0.000208897     0.000118782     3.1793e-05     0.000163154
1314     2.8509e-05     0.000150464     0.000150453     0.000150471     8.52528e-05     2.19525e-05     0.000117457
1318     2.62283e-05     0.000139502     0.000139491     0.000139508     7.88347e-05     1.97299e-05     0.000108851
1322     3.19301e-05     0.00017102     0.000171008     0.000171028     9.66585e-05     2.37461e-05     0.000133574
1326     3.07897e-05     0.000166104     0.000166092     0.000166112     9.37611e-05     2.24699e-05     0.000129767
1330     2.96494e-05     0.000161124     0.000161112     0.000161132     9.07547e-05     2.11338e-05     0.00012585
1334     3.64915e-05     0.000199843     0.000199828     0.000199852     0.000112237     2.50382e-05     0.000156063
1338     3.19301e-05     0.000176111     0.000176098     0.000176119     9.88983e-05     2.1701e-05     0.000137613
1342     2.39476e-05     0.000133072     0.000133063     0.000133079     7.44837e-05     1.55286e-05     0.000103959
1346     3.64915e-05     0.000204451     0.000204435     0.00020446     0.000114378     2.32805e-05     0.00015981
1350     2.28072e-05     0.000128709     0.000128699     0.000128715     7.18727e-05     1.41009e-05     0.000100613
1354     2.8509e-05     0.000162037     0.000162025     0.000162045     9.03011e-05     1.70165e-05     0.000126668
1358     2.8509e-05     0.000163293     0.000163281     0.0001633     9.0877e-05     1.65715e-05     0.00012767
1362     1.93861e-05     0.000111783     0.000111775     0.000111789     6.20462e-05     1.06791e-05     8.74006e-05
1366     1.93861e-05     0.000112705     0.000112697     0.00011271     6.25699e-05     1.0512e-05     8.8195e-05
1370     2.62283e-05     0.000153474     0.000153463     0.000153481     8.51843e-05     1.39757e-05     0.000120163
1374     3.42108e-05     0.000201741     0.000201726     0.000201751     0.000111723     1.73355e-05     0.000157962
1378     1.93861e-05     0.000115118     0.00011511     0.000115124     6.35026e-05     9.14403e-06     9.00732e-05
1382     3.19301e-05     0.000190894     0.00019088     0.000190903     0.000105169     1.42982e-05     0.000149441
1386     1.14036e-05     6.86941e-05     6.8689e-05     6.86972e-05     3.78665e-05     5.01902e-06     5.38285e-05
1390     2.62283e-05     0.000159187     0.000159176     0.000159195     8.74195e-05     1.05006e-05     0.000124687
1394     1.2544e-05     7.66137e-05     7.6608e-05     7.66172e-05     4.20049e-05     4.81693e-06     5.99993e-05
1398     2.73686e-05     0.000168303     0.000168291     0.000168311     9.23503e-05     1.02564e-05     0.000131957
1402     1.71054e-05     0.000106033     0.000106025     0.000106038     5.80152e-05     5.77661e-06     8.31355e-05
1406     1.2544e-05     7.8197e-05     7.81912e-05     7.82006e-05     4.27836e-05     4.1181e-06     6.1342e-05
1410     1.82458e-05     0.000114567     0.000114558     0.000114572     6.2624e-05     5.57917e-06     8.9922e-05
1414     1.93861e-05     0.000122601     0.000122591     0.000122606     6.68882e-05     5.38505e-06     9.62419e-05
1418     1.71054e-05     0.000108908     0.0001089     0.000108913     5.92759e-05     4.20887e-06     8.54894e-05
1422     1.82458e-05     0.00011701     0.000117002     0.000117016     6.35237e-05     3.79923e-06     9.18631e-05
1426     1.71054e-05     0.000110267     0.000110259     0.000110272     5.98453e-05     3.4205e-06     8.65884e-05
1430     2.28072e-05     0.000148183     0.000148172     0.00014819     8.0373e-05     3.95866e-06     0.000116459
1434     1.5965e-05     0.000104451     0.000104443     0.000104456     5.66255e-05     2.44361e-06     8.21425e-05
1438     1.36843e-05     9.02087e-05     9.0202e-05     9.02128e-05     4.88313e-05     1.71569e-06     7.09622e-05
1442     2.05265e-05     0.000136032     0.000136022     0.000136038     7.36281e-05     2.10736e-06     0.00010711
1446     1.48247e-05     9.90864e-05     9.9079e-05     9.90909e-05     5.3435e-05     8.47493e-07     7.79877e-05
1450     1.5965e-05     0.000107353     0.000107345     0.000107358     5.78411e-05     4.55956e-07     8.45478e-05
1454     4.56144e-06     3.08831e-05     3.08808e-05     3.08845e-05     1.66348e-05     3.55126e-08     2.43391e-05
1458     9.12288e-06     6.21045e-05     6.20999e-05     6.21073e-05     3.34394e-05     -6.53233e-08     4.89634e-05
1462     1.5965e-05     0.000109409     0.0001094     0.000109414     5.87523e-05     -8.4294e-07     8.62689e-05
1466     1.14036e-05     7.87105e-05     7.87046e-05     7.87141e-05     4.22143e-05     -9.48217e-07     6.20887e-05
1470     1.02632e-05     7.12874e-05     7.12821e-05     7.12907e-05     3.82109e-05     -1.10068e-06     5.62652e-05
1474     1.02632e-05     7.17389e-05     7.17336e-05     7.17422e-05     3.8433e-05     -1.35338e-06     5.66559e-05
1478     5.7018e-06     4.01562e-05     4.01532e-05     4.0158e-05     2.14999e-05     -8.8435e-07     3.17282e-05
1482     1.14036e-05     8.07687e-05     8.07627e-05     8.07723e-05     4.32038e-05     -2.16379e-06     6.38619e-05
1486     2.28072e-06     1.62484e-05     1.62472e-05     1.62491e-05     8.68488e-06     -5.09263e-07     1.28571e-05
1490     1.93861e-05     0.000139087     0.000139077     0.000139093     7.429e-05     -4.75321e-06     0.000110091
1494     9.12288e-06     6.59143e-05     6.59094e-05     6.59173e-05     3.5122e-05     -2.68058e-06     5.21853e-05
1498     1.02632e-05     7.45931e-05     7.45876e-05     7.45965e-05     3.96764e-05     -3.32977e-06     5.90542e-05
1502     1.5965e-05     0.000116764     0.000116755     0.000116769     6.22166e-05     -5.41306e-06     9.25804e-05
1506     1.71054e-05     0.000125795     0.000125786     0.000125801     6.69542e-05     -6.34838e-06     9.97808e-05
1510     4.56144e-06     3.37917e-05     3.37892e-05     3.37932e-05     1.79716e-05     -1.86908e-06     2.68244e-05
1514     9.12288e-06     6.79561e-05     6.79511e-05     6.79592e-05     3.61246e-05     -3.8952e-06     5.39573e-05
1518     3.42108e-06     2.56147e-05     2.56128e-05     2.56159e-05     1.35843e-05     -1.62799e-06     2.03415e-05
1522     1.5965e-05     0.000120375     0.000120366     0.000120381     6.39353e-05     -7.90717e-06     9.57306e-05
1526     6.84216e-06     5.19172e-05     5.19134e-05     5.19196e-05     2.75077e-05     -3.76852e-06     4.13e-05
1530     1.2544e-05     9.57056e-05     9.56985e-05     9.57099e-05     5.06697e-05     -7.13863e-06     7.61372e-05
1534     1.14036e-05     8.75256e-05     8.75191e-05     8.75296e-05     4.62449e-05     -6.99452e-06     6.9639e-05
1538     7.98252e-06     6.16857e-05     6.16811e-05     6.16885e-05     3.25845e-05     -5.19347e-06     4.91253e-05
1542     9.12288e-06     7.09305e-05     7.09253e-05     7.09338e-05     3.74522e-05     -6.29549e-06     5.65367e-05
1546     1.71054e-05     0.000133727     0.000133717     0.000133733     7.0504e-05     -1.25114e-05     0.000106622
1550     4.56144e-06     3.5906e-05     3.59033e-05     3.59076e-05     1.89309e-05     -3.50798e-06     2.86573e-05
1554     6.84216e-06     5.414e-05     5.4136e-05     5.41425e-05     2.8535e-05     -5.44119e-06     4.32311e-05
1558     2.28072e-06     1.81892e-05     1.81879e-05     1.81901e-05     9.57691e-06     -1.90082e-06     1.45296e-05
1562     6.84216e-06     5.4794e-05     5.479e-05     5.47965e-05     2.8863e-05     -5.92503e-06     4.38182e-05
1566     5.7018e-06     4.6003e-05     4.59996e-05     4.60051e-05     2.41592e-05     -5.33671e-06     3.67936e-05
1570     6.84216e-06     5.54228e-05     5.54187e-05     5.54253e-05     2.91221e-05     -6.46968e-06     4.43489e-05
1574     7.98252e-06     6.50337e-05     6.50289e-05     6.50367e-05     3.42098e-05     -7.68571e-06     5.20894e-05
1578     7.98252e-06     6.54639e-05     6.54591e-05     6.54669e-05     3.43729e-05     -8.16525e-06     5.24585e-05
1582     1.14036e-06     9.39215e-06     9.39146e-06     9.39258e-06     4.93391e-06     -1.20548e-06     7.53472e-06
1586     6.84216e-06     5.66585e-05     5.66543e-05     5.6661e-05     2.97445e-05     -7.44048e-06     4.54674e-05
1590     1.02632e-05     8.5589e-05     8.55826e-05     8.55929e-05     4.49191e-05     -1.16603e-05     6.87486e-05
1594     4.56144e-06     3.82469e-05     3.8244e-05     3.82486e-05     2.00664e-05     -5.34092e-06     3.07396e-05
1598     3.42108e-06     2.88656e-05     2.88634e-05     2.88669e-05     1.51169e-05     -4.19087e-06     2.32051e-05
1602     6.84216e-06     5.80291e-05     5.80248e-05     5.80318e-05     3.0418e-05     -8.61093e-06     4.67068e-05
1606     1.5965e-05     0.000136252     0.000136242     0.000136258     7.14024e-05     -2.06467e-05     0.000109729
1610     4.56144e-06     3.9194e-05     3.91911e-05     3.91958e-05     2.05764e-05     -6.08456e-06     3.16209e-05
1614     2.28072e-06     1.9657e-05     1.96556e-05     1.96579e-05     1.03197e-05     -3.0516e-06     1.58589e-05
1618     2.28072e-06     1.97915e-05     1.97901e-05     1.97924e-05     1.03605e-05     -3.23224e-06     1.59706e-05
1622     3.42108e-06     2.98681e-05     2.98658e-05     2.98694e-05     1.56037e-05     -5.08965e-06     2.41118e-05
1626     5.7018e-06     4.99908e-05     4.99871e-05     4.99931e-05     2.6136e-05     -8.60484e-06     4.03879e-05
1630     5.7018e-06     5.0322e-05     5.03182e-05     5.03242e-05     2.63305e-05     -8.8353e-06     4.07033e-05
1634     6.84216e-06     6.06793e-05     6.06748e-05     6.06821e-05     3.17565e-05     -1.07466e-05     4.91024e-05
1638     1.02632e-05     9.16707e-05     9.16639e-05     9.16749e-05     4.78382e-05     -1.69957e-05     7.41964e-05
1642     4.56144e-06     4.08769e-05     4.08739e-05     4.08788e-05     2.13502e-05     -7.71835e-06     3.31241e-05
1646     4.56144e-06     4.11411e-05     4.1138e-05     4.11429e-05     2.14667e-05     -8.01296e-06     3.33612e-05
1650     7.98252e-06     7.23725e-05     7.23671e-05     7.23758e-05     3.78133e-05     -1.41622e-05     5.87388e-05
1654     4.56144e-06     4.15831e-05     4.158e-05     4.1585e-05     2.1723e-05     -8.32511e-06     3.37781e-05
1658     5.7018e-06     5.22647e-05     5.22609e-05     5.22671e-05     2.72717e-05     -1.06634e-05     4.24626e-05
1662     2.28072e-06     2.10226e-05     2.10211e-05     2.10236e-05     1.10082e-05     -4.29237e-06     1.71113e-05
1666     4.56144e-06     4.22487e-05     4.22455e-05     4.22506e-05     2.20876e-05     -8.86179e-06     3.43987e-05
1670     6.84216e-06     6.37965e-05     6.37918e-05     6.37994e-05     3.33083e-05     -1.38243e-05     5.19783e-05
1674     5.7018e-06     5.33977e-05     5.33937e-05     5.34001e-05     2.78802e-05     -1.17135e-05     4.35295e-05
1678     1.14036e-06     1.07313e-05     1.07305e-05     1.07318e-05     5.60477e-06     -2.38062e-06     8.75371e-06
1682     5.7018e-06     5.39499e-05     5.39459e-05     5.39523e-05     2.81565e-05     -1.22817e-05     4.4041e-05
1686     3.42108e-06     3.256e-05     3.25576e-05     3.25615e-05     1.69945e-05     -7.56814e-06     2.66052e-05
1690     0     0     0     0     0     0     0
1694     3.42108e-06     3.28773e-05     3.28749e-05     3.28788e-05     1.71654e-05     -7.78711e-06     2.68917e-05
1698     4.56144e-06     4.41007e-05     4.40974e-05     4.41027e-05     2.30444e-05     -1.06133e-05     3.61131e-05
1702     5.7018e-06     5.53174e-05     5.53133e-05     5.53199e-05     2.88504e-05     -1.3726e-05     4.53193e-05
1706     2.28072e-06     2.22972e-05     2.22956e-05     2.22983e-05     1.16318e-05     -5.63747e-06     1.82853e-05
1710     1.14036e-06     1.11665e-05     1.11657e-05     1.1167e-05     5.82524e-06     -2.82325e-06     9.15728e-06
1714     2.28072e-06     2.2486e-05     2.24843e-05     2.2487e-05     1.17376e-05     -5.7796e-06     1.84601e-05
1718     1.14036e-06     1.12884e-05     1.12875e-05     1.12889e-05     5.90339e-06     -2.92958e-06     9.27992e-06
1722     2.28072e-06     2.27156e-05     2.27139e-05     2.27166e-05     1.1894e-05     -5.97297e-06     1.86966e-05
1726     4.56144e-06     4.56235e-05     4.56201e-05     4.56255e-05     2.38742e-05     -1.21505e-05     3.75635e-05
1730     5.7018e-06     5.73599e-05     5.73557e-05     5.73625e-05     3.00064e-05     -1.56239e-05     4.72707e-05
1734     1.14036e-06     1.15255e-05     1.15246e-05     1.1526e-05     6.03043e-06     -3.16002e-06     9.50213e-06
1738     3.42108e-06     3.47411e-05     3.47386e-05     3.47427e-05     1.81886e-05     -9.67329e-06     2.86727e-05
1742     4.56144e-06     4.65929e-05     4.65895e-05     4.65951e-05     2.44782e-05     -1.29944e-05     3.85207e-05
1746     5.7018e-06     5.85152e-05     5.85109e-05     5.85179e-05     3.06597e-05     -1.67817e-05     4.8382e-05
1750     5.7018e-06     5.87614e-05     5.8757e-05     5.8764e-05     3.07838e-05     -1.69875e-05     4.86013e-05
1754     2.28072e-06     2.36469e-05     2.36451e-05     2.36479e-05     1.24079e-05     -6.94404e-06     1.95886e-05
1758     4.56144e-06     4.75403e-05     4.75368e-05     4.75425e-05     2.49343e-05     -1.41145e-05     3.9395e-05
1762     4.56144e-06     4.77463e-05     4.77428e-05     4.77485e-05     2.50643e-05     -1.43706e-05     3.96096e-05
1766     2.28072e-06     2.39958e-05     2.39941e-05     2.39969e-05     1.25702e-05     -7.42112e-06     1.99148e-05
1770     0     0     0     0     0     0     0
1774     3.42108e-06     3.63214e-05     3.63188e-05     3.63231e-05     1.90611e-05     -1.13339e-05     3.01834e-05
1778     0     0     0     0     0     0     0
1782     1.14036e-06     1.22418e-05     1.22409e-05     1.22424e-05     6.44458e-06     -3.89699e-06     1.01984e-05
1786     7.98252e-06     8.59801e-05     8.59738e-05     8.5984e-05     4.51596e-05     -2.80557e-05     7.1645e-05
1790     2.28072e-06     2.47008e-05     2.46989e-05     2.47019e-05     1.301e-05     -8.11513e-06     2.06162e-05
1794     2.28072e-06     2.47937e-05     2.47918e-05     2.47948e-05     1.3059e-05     -8.14565e-06     2.06938e-05
1798     1.02632e-05     0.000112032     0.000112024     0.000112037     5.90932e-05     -3.71886e-05     9.36186e-05
1802     3.42108e-06     3.75467e-05     3.75439e-05     3.75484e-05     1.97671e-05     -1.27736e-05     3.13893e-05
1806     3.42108e-06     3.76721e-05     3.76694e-05     3.76739e-05     1.98445e-05     -1.2856e-05     3.15073e-05
1810     3.42108e-06     3.78958e-05     3.7893e-05     3.78975e-05     1.99809e-05     -1.3093e-05     3.17285e-05
1814     0     0     0     0     0     0     0
1818     4.56144e-06     5.09651e-05     5.09613e-05     5.09674e-05     2.68679e-05     -1.8096e-05     4.27308e-05
1822     4.56144e-06     5.11739e-05     5.11701e-05     5.11762e-05     2.70103e-05     -1.83641e-05     4.29535e-05
1826     1.14036e-06     1.28421e-05     1.28411e-05     1.28427e-05     6.77824e-06     -4.60849e-06     1.07792e-05
1830     4.56144e-06     5.17336e-05     5.17298e-05     5.17359e-05     2.73676e-05     -1.89022e-05     4.35097e-05
1834     1.14036e-06     1.2977e-05     1.29761e-05     1.29776e-05     6.86686e-06     -4.75464e-06     1.09171e-05
1838     3.42108e-06     3.90962e-05     3.90933e-05     3.90979e-05     2.07123e-05     -1.44752e-05     3.29265e-05
1842     3.42108e-06     3.93155e-05     3.93126e-05     3.93173e-05     2.08135e-05     -1.4822e-05     3.31338e-05
1846     1.14036e-06     1.31573e-05     1.31563e-05     1.31579e-05     6.99903e-06     -4.94051e-06     1.11093e-05
1850     2.28072e-06     2.64231e-05     2.64211e-05     2.64243e-05     1.40558e-05     -9.92176e-06     2.23101e-05
1854     2.28072e-06     2.65436e-05     2.65416e-05     2.65448e-05     1.40724e-05     -1.02529e-05     2.24143e-05
1858     0     0     0     0     0     0     0
1862     0     0     0     0     0     0     0
1866     3.42108e-06     4.03765e-05     4.03735e-05     4.03783e-05     2.14793e-05     -1.60903e-05     3.42041e-05
1870     3.42108e-06     4.06148e-05     4.06118e-05     4.06167e-05     2.16505e-05     -1.62899e-05     3.44487e-05
1874     0     0     0     0     0     0     0
1878     2.28072e-06     2.72707e-05     2.72687e-05     2.72719e-05     1.45657e-05     -1.10121e-05     2.31587e-05
1882     1.14036e-06     1.36667e-05     1.36657e-05     1.36673e-05     7.28544e-06     -5.64136e-06     1.16106e-05
1886     0     0     0     0     0     0     0
1890     3.42108e-06     4.14185e-05     4.14155e-05     4.14204e-05     2.21136e-05     -1.7321e-05     3.52359e-05
1894     1.14036e-06     1.38947e-05     1.38937e-05     1.38953e-05     7.45225e-06     -5.84667e-06     1.18472e-05
1898     0     0     0     0     0     0     0
1902     1.14036e-06     1.40214e-05     1.40203e-05     1.4022e-05     7.51689e-06     -5.99294e-06     1.19635e-05
1906     1.14036e-06     1.40707e-05     1.40697e-05     1.40713e-05     7.55333e-06     -6.06709e-06     1.20182e-05
1910     1.14036e-06     1.41026e-05     1.41016e-05     1.41033e-05     7.57046e-06     -6.08085e-06     1.20454e-05
1914     1.14036e-06     1.41851e-05     1.4184e-05     1.41857e-05     7.62405e-06     -6.17298e-06     1.21282e-05
1918     1.14036e-06     1.42211e-05     1.42201e-05     1.42218e-05     7.65286e-06     -6.2445e-06     1.21715e-05
1922     2.28072e-06     2.85838e-05     2.85817e-05     2.85851e-05     1.54021e-05     -1.26608e-05     2.44893e-05
1926     1.14036e-06     1.43712e-05     1.43701e-05     1.43719e-05     7.76547e-06     -6.38564e-06     1.23288e-05
1930     2.28072e-06     2.88366e-05     2.88345e-05     2.88379e-05     1.55797e-05     -1.29061e-05     2.4747e-05
1934     2.28072e-06     2.89067e-05     2.89045e-05     2.8908e-05     1.56153e-05     -1.30304e-05     2.48157e-05
1938     1.14036e-06     1.45528e-05     1.45517e-05     1.45534e-05     7.87431e-06     -6.60767e-06     1.25066e-05
1942     0     0     0     0     0     0     0
1946     2.28072e-06     2.92769e-05     2.92747e-05     2.92782e-05     1.58526e-05     -1.3435e-05     2.51826e-05
1950     1.14036e-06     1.47371e-05     1.4736e-05     1.47377e-05     7.99166e-06     -6.90344e-06     1.26985e-05
1954     2.28072e-06     2.95425e-05     2.95404e-05     2.95439e-05     1.60204e-05     -1.38389e-05     2.5456e-05
1958     2.28072e-06     2.96954e-05     2.96932e-05     2.96967e-05     1.61428e-05     -1.39683e-05     2.56185e-05
1962     0     0     0     0     0     0     0
1966     0     0     0     0     0     0     0
1970     2.28072e-06     3.00381e-05     3.00359e-05     3.00395e-05     1.63603e-05     -1.44862e-05     2.59704e-05
1974     1.14036e-06     1.50874e-05     1.50862e-05     1.5088e-05     8.22772e-06     -7.28911e-06     1.30521e-05
1978     0     0     0     0     0     0     0
1982     0     0     0     0     0     0     0
1986     0     0     0     0     0     0     0
1990     1.14036e-06     1.53198e-05     1.53187e-05     1.53205e-05     8.38765e-06     -7.5761e-06     1.32911e-05
1994     0     0     0     0     0     0     0
1998     1.14036e-06     1.54726e-05     1.54715e-05     1.54733e-05     8.4612e-06     -7.77883e-06     1.34298e-05
2002     1.14036e-06     1.55169e-05     1.55158e-05     1.55176e-05     1.62181e-05     1.70093e-05     1.58191e-05
2006     1.14036e-06     1.559e-05     1.55889e-05     1.55907e-05     1.62945e-05     1.70894e-05     1.58936e-05
2010     1.14036e-06     1.56343e-05     1.56332e-05     1.56351e-05     1.63408e-05     1.7138e-05     1.59388e-05
2014     0     0     0     0     0     0     0
2018     2.28072e-06     3.14903e-05     3.1488e-05     3.14918e-05     3.29132e-05     3.4519e-05     3.21035e-05
2022     2.28072e-06     3.16562e-05     3.16539e-05     3.16577e-05     3.30866e-05     3.47008e-05     3.22726e-05
2026     0     0     0     0     0     0     0
2030     1.14036e-06     1.59204e-05     1.59192e-05     1.59211e-05     1.66397e-05     1.74515e-05     1.62304e-05
2034     0     0     0     0     0     0     0
2038     0     0     0     0     0     0     0
2042     1.14036e-06     1.61406e-05     1.61394e-05     1.61413e-05     1.68699e-05     1.7693e-05     1.64549e-05
2046     0     0     0     0     0     0     0
2050     3.42108e-06     4.87514e-05     4.87478e-05     4.87536e-05     5.09542e-05     5.34402e-05     4.97007e-05
2054     1.14036e-06     1.62845e-05     1.62833e-05     1.62852e-05     1.70203e-05     1.78507e-05     1.66016e-05
2058     0     0     0     0     0     0     0
2062     0     0     0     0     0     0     0
2066     1.14036e-06     1.64764e-05     1.64752e-05     1.64771e-05     1.72209e-05     1.8061e-05     1.67972e-05
2070     1.14036e-06     1.65567e-05     1.65555e-05     1.65574e-05     1.73048e-05     1.8149e-05     1.68791e-05
2074     0     0     0     0     0     0     0
2078     0     0     0     0     0     0     0
2082     0     0     0     0     0     0     0
2086     1.14036e-06     1.68302e-05     1.68289e-05     1.68309e-05     1.75906e-05     1.84488e-05     1.71579e-05
2090     0     0     0     0     0     0     0
2094     0     0     0     0     0     0     0
2098     0     0     0     0     0     0     0
2102     2.28072e-06     3.41155e-05     3.4113e-05     3.4117e-05     3.5657e-05     3.73966e-05     3.47798e-05
2106     1.14036e-06     1.70916e-05     1.70903e-05     1.70923e-05     1.78639e-05     1.87354e-05     1.74244e-05
2110     0     0     0     0     0     0     0
2114     1.14036e-06     1.72565e-05     1.72552e-05     1.72573e-05     1.80362e-05     1.89162e-05     1.75925e-05
2118     1.14036e-06     1.73063e-05     1.7305e-05     1.7307e-05     1.80882e-05     1.89707e-05     1.76432e-05
2122     0     0     0     0     0     0     0
2126     1.14036e-06     1.74097e-05     1.74084e-05     1.74105e-05     1.81964e-05     1.90841e-05     1.77487e-05
2130     3.42108e-06     5.24628e-05     5.24589e-05     5.24652e-05     5.48333e-05     5.75085e-05     5.34843e-05
2134     0     0     0     0     0     0     0
2138     0     0     0     0     0     0     0
2142     2.28072e-06     3.53645e-05     3.53619e-05     3.53661e-05     3.69624e-05     3.87657e-05     3.60531e-05
2146     0     0     0     0     0     0     0
2150     0     0     0     0     0     0     0
2154     1.14036e-06     1.7884e-05     1.78826e-05     1.78848e-05     1.8692e-05     1.9604e-05     1.82322e-05
2158     0     0     0     0     0     0     0
2162     0     0     0     0     0     0     0
2166     1.14036e-06     1.8059e-05     1.80577e-05     1.80598e-05     1.8875e-05     1.97959e-05     1.84106e-05
2170     1.14036e-06     1.80925e-05     1.80912e-05     1.80934e-05     1.89101e-05     1.98326e-05     1.84448e-05
2174     1.14036e-06     1.81811e-05     1.81797e-05     1.81819e-05     1.90026e-05     1.99297e-05     1.85351e-05
2178     1.14036e-06     1.82408e-05     1.82394e-05     1.82416e-05     1.9065e-05     1.99951e-05     1.8596e-05
2182     0     0     0     0     0     0     0
2186     0     0     0     0     0     0     0
2190     0     0     0     0     0     0     0
2194     0     0     0     0     0     0     0
2198     0     0     0     0     0     0     0
2202     0     0     0     0     0     0     0
2206     0     0     0     0     0     0     0
2210     2.28072e-06     3.74539e-05     3.74511e-05     3.74556e-05     3.91462e-05     4.10561e-05     3.81832e-05
2214     1.14036e-06     1.87976e-05     1.87962e-05     1.87984e-05     1.96469e-05     2.06055e-05     1.91636e-05
2218     0     0     0     0     0     0     0
2222     0     0     0     0     0     0     0
2226     0     0     0     0     0     0     0
2230     0     0     0     0     0     0     0
2234     1.14036e-06     1.91336e-05     1.91322e-05     1.91344e-05     1.99981e-05     2.09738e-05     1.95061e-05
2238     1.14036e-06     1.91835e-05     1.91821e-05     1.91843e-05     2.00503e-05     2.10285e-05     1.9557e-05
2242     0     0     0     0     0     0     0
2246     2.28072e-06     3.86608e-05     3.8658e-05     3.86626e-05     4.04077e-05     4.23791e-05     3.94136e-05
2250     0     0     0     0     0     0     0
2254     0     0     0     0     0     0     0
2258     0     0     0     0     0     0     0
2262     0     0     0     0     0     0     0
2266     0     0     0     0     0     0     0
2270     0     0     0     0     0     0     0
2274     0     0     0     0     0     0     0
2278     1.14036e-06     1.98429e-05     1.98414e-05     1.98438e-05     2.07395e-05     2.17513e-05     2.02292e-05
2282     0     0     0     0     0     0     0
2286     1.14036e-06     1.99558e-05     1.99543e-05     1.99567e-05     2.08575e-05     2.18751e-05     2.03444e-05
2290     0     0     0     0     0     0     0
2294     0     0     0     0     0     0     0
2298     0     0     0     0     0     0     0
2302     0     0     0     0     0     0     0
2306     0     0     0     0     0     0     0
2310     0     0     0     0     0     0     0
2314     1.14036e-06     2.03633e-05     2.03618e-05     2.03642e-05     2.12834e-05     2.23218e-05     2.07598e-05
2318     2.28072e-06     4.09204e-05     4.09174e-05     4.09223e-05     4.27694e-05     4.4856e-05     4.17172e-05
2322     0     0     0     0     0     0     0
2326     0     0     0     0     0     0     0
2330     0     0     0     0     0     0     0
2334     0     0     0     0     0     0     0
2338     0     0     0     0     0     0     0
2342     0     0     0     0     0     0     0
2346     0     0     0     0     0     0     0
2350     0     0     0     0     0     0     0
2354     0     0     0     0     0     0     0
2358     0     0     0     0     0     0     0
2362     0     0     0     0     0     0     0
2366     0     0     0     0     0     0     0
2370     0     0     0     0     0     0     0
2374     1.14036e-06     2.13603e-05     2.13588e-05     2.13613e-05     2.23255e-05     2.34147e-05     2.17762e-05
2378     0     0     0     0     0     0     0
2382     0     0     0     0     0     0     0
2386     0     0     0     0     0     0     0
2390     1.14036e-06     2.15901e-05     2.15886e-05     2.15911e-05     2.25657e-05     2.36666e-05     2.20105e-05
2394     0     0     0     0     0     0     0
2398     0     0     0     0     0     0     0
2402     1.14036e-06     2.18238e-05     2.18222e-05     2.18248e-05     2.28099e-05     2.39227e-05     2.22487e-05
2406     0     0     0     0     0     0     0
2410     2.28072e-06     4.38609e-05     4.38577e-05     4.38629e-05     4.58428e-05     4.80793e-05     4.4715e-05
2414     0     0     0     0     0     0     0
2418     0     0     0     0     0     0     0
2422     0     0     0     0     0     0     0
2426     0     0     0     0     0     0     0
2430     0     0     0     0     0     0     0
2434     0     0     0     0     0     0     0
2438     1.14036e-06     2.24174e-05     2.24157e-05     2.24184e-05     2.34303e-05     2.45734e-05     2.28539e-05
2442     0     0     0     0     0     0     0
2446     1.14036e-06     2.25358e-05     2.25341e-05     2.25368e-05     2.35541e-05     2.47032e-05     2.29746e-05
2450     0     0     0     0     0     0     0
2454     0     0     0     0     0     0     0
2458     0     0     0     0     0     0     0
2462     0     0     0     0     0     0     0
2466     0     0     0     0     0     0     0
2470     0     0     0     0     0     0     0
2474     0     0     0     0     0     0     0
2478     0     0     0     0     0     0     0
2482     0     0     0     0     0     0     0
2486     0     0     0     0     0     0     0
2490     0     0     0     0     0     0     0
2494     0     0     0     0     0     0     0
2498     0     0     0     0     0     0     0
2502     0     0     0     0     0     0     0
2506     0     0     0     0     0     0     0
2510     0     0     0     0     0     0     0
2514     1.14036e-06     2.3622e-05     2.36203e-05     2.36231e-05     2.46894e-05     2.58939e-05     2.4082e-05
2518     0     0     0     0     0     0     0
2522     0     0     0     0     0     0     0
2526     0     0     0     0     0     0     0
2530     0     0     0     0     0     0     0
2534     0     0     0     0     0     0     0
2538     0     0     0     0     0     0     0
2542     0     0     0     0     0     0     0
2546     0     0     0     0     0     0     0
2550     0     0     0     0     0     0     0
2554     0     0     0     0     0     0     0
2558     0     0     0     0     0     0     0
2562     0     0     0     0     0     0     0
2566     0     0     0     0     0     0     0
2570     0     0     0     0     0     0     0
2574     0     0     0     0     0     0     0
2578     0     0     0     0     0     0     0
2582     0     0     0     0     0     0     0
2586     0     0     0     0     0     0     0
2590     0     0     0     0     0     0     0
2594     0     0     0     0     0     0     0
2598     0     0     0     0     0     0     0
2602     0     0     0     0     0     0     0
2606     0     0     0     0     0     0     0
2610     0     0     0     0     0     0     0
2614     0     0     0     0     0     0     0
2618     0     0     0     0     0     0     0
2622     0     0     0     0     0     0     0
2626     0     0     0     0     0     0     0
2630     0     0     0     0     0     0     0
2634     0     0     0     0     0     0     0
2638     1.14036e-06     2.56303e-05     2.56284e-05     2.56314e-05     2.67884e-05     2.80953e-05     2.61293e-05
2642     0     0     0     0     0     0     0
2646     0     0     0     0     0     0     0
2650     0     0     0     0     0     0     0
2654     0     0     0     0     0     0     0
2658     0     0     0     0     0     0     0
2662     0     0     0     0     0     0     0
2666     0     0     0     0     0     0     0
2670     0     0     0     0     0     0     0
2674     1.14036e-06     2.62241e-05     2.62222e-05     2.62253e-05     2.7409e-05     2.87463e-05     2.67347e-05
2678     0     0     0     0     0     0     0
2682     0     0     0     0     0     0     0
2686     0     0     0     0     0     0     0
2690     1.14036e-06     2.65235e-05     2.65216e-05     2.65247e-05     2.7722e-05     2.90745e-05     2.704e-05
2694     0     0     0     0     0     0     0
2698     0     0     0     0     0     0     0
2702     0     0     0     0     0     0     0
2706     0     0     0     0     0     0     0
2710     0     0     0     0     0     0     0
2714     0     0     0     0     0     0     0
2718     0     0     0     0     0     0     0
2722     0     0     0     0     0     0     0
2726     1.14036e-06     2.70874e-05     2.70854e-05     2.70886e-05     2.83113e-05     2.96926e-05     2.76148e-05
2730     0     0     0     0     0     0     0
2734     0     0     0     0     0     0     0
2738     0     0     0     0     0     0     0
2742     0     0     0     0     0     0     0
2746     0     0     0     0     0     0     0
2750     0     0     0     0     0     0     0
2754     0     0     0     0     0     0     0
2758     0     0     0     0     0     0     0
2762     0     0     0     0     0     0     0
2766     0     0     0     0     0     0     0
2770     0     0     0     0     0     0     0
2774     0     0     0     0     0     0     0
2778     0     0     0     0     0     0     0
2782     0     0     0     0     0     0     0
2786     0     0     0     0     0     0     0
2790     0     0     0     0     0     0     0
2794     0     0     0     0     0     0     0
2798     0     0     0     0     0     0     0
2802     0     0     0     0     0     0     0
2806     0     0     0     0     0     0     0
2810     0     0     0     0     0     0     0
2814     0     0     0     0     0     0     0
2818     0     0     0     0     0     0     0
2822     0     0     0     0     0     0     0
2826     0     0     0     0     0     0     0
2830     0     0     0     0     0     0     0
2834     0     0     0     0     0     0     0
2838     0     0     0     0     0     0     0
2842     0     0     0     0     0     0     0
2846     0     0     0     0     0     0     0
2850     0     0     0     0     0     0     0
2854     0     0     0     0     0     0     0
2858     0     0     0     0     0     0     0
2862     0     0     0     0     0     0     0
2866     0     0     0     0     0     0     0
2870     0     0     0     0     0     0     0
2874     0     0     0     0     0     0     0
2878     0     0     0     0     0     0     0
2882     0     0     0     0     0     0     0
2886     0     0     0     0     0     0     0
2890     0     0     0     0     0     0     0
2894     0     0     0     0     0     0     0
2898     0     0     0     0     0     0     0
2902     0     0     0     0     0     0     0
2906     0     0     0     0     0     0     0
2910     0     0     0     0     0     0     0
2914     0     0     0     0     0     0     0
2918     0     0     0     0     0     0     0
2922     0     0     0     0     0     0     0
2926     0     0     0     0     0     0     0
2930     0     0     0     0     0     0     0
2934     0     0     0     0     0     0     0
2938     0     0     0     0     0     0     0
2942     0     0     0     0     0     0     0
2946     0     0     0     0     0     0     0
2950     0     0     0     0     0     0     0
2954     0     0     0     0     0     0     0
2958     1.14036e-06     3.09831e-05     3.09808e-05     3.09845e-05     3.23831e-05     3.3963e-05     3.15864e-05
2962     0     0     0     0     0     0     0
2966     0     0     0     0     0     0     0
2970     0     0     0     0     0     0     0
2974     0     0     0     0     0     0     0
2978     0     0     0     0     0     0     0
2982     0     0     0     0     0     0     0
2986     0     0     0     0     0     0     0
2990     0     0     0     0     0     0     0
2994     0     0     0     0     0     0     0
2998     0     0     0     0     0     0     0
3002     0     0     0     0     0     0     0
3006     0     0     0     0     0     0     0
3010     0     0     0     0     0     0     0
3014     0     0     0     0     0     0     0
3018     0     0     0     0     0     0     0
3022     0     0     0     0     0     0     0
3026     0     0     0     0     0     0     0
3030     0     0     0     0     0     0     0
3034     0     0     0     0     0     0     0
3038     0     0     0     0     0     0     0
3042     0     0     0     0     0     0     0
3046     0     0     0     0     0     0     0
3050     0     0     0     0     0     0     0
3054     0     0     0     0     0     0     0
3058     0     0     0     0     0     0     0
3062     0     0     0     0     0     0     0
3066     0     0     0     0     0     0     0
3070     0     0     0     0     0     0     0
3074     0     0     0     0     0     0     0
3078     0     0     0     0     0     0     0
3082     0     0     0     0     0     0     0
3086     0     0     0     0     0     0     0
3090     0     0     0     0     0     0     0
3094     0     0     0     0     0     0     0
3098     0     0     0     0     0     0     0
3102     0     0     0     0     0     0     0
3106     0     0     0     0     0     0     0
3110     0     0     0     0     0     0     0
3114     0     0     0     0     0     0     0
3118     0     0     0     0     0     0     0
3122     0     0     0     0     0     0     0
3126     0     0     0     0     0     0     0
3130     0     0     0     0     0     0     0
3134     0     0     0     0     0     0     0
3138     0     0     0     0     0     0     0
3142     0     0     0     0     0     0     0
3146     0     0     0     0     0     0     0
3150     0     0     0     0     0     0     0
3154     0     0     0     0     0     0     0
3158     0     0     0     0     0     0     0
3162     0     0     0     0     0     0     0
3166     0     0     0     0     0     0     0
3170     0     0     0     0     0     0     0
3174     0     0     0     0     0     0     0
3178     0     0     0     0     0     0     0
3182     0     0     0     0     0     0     0
3186     0     0     0     0     0     0     0
3190     0     0     0     0     0     0     0
3194     0     0     0     0     0     0     0
3198     0     0     0     0     0     0     0
3202     0     0     0     0     0     0     0
3206     0     0     0     0     0     0     0
3210     0     0     0     0     0     0     0
3214     0     0     0     0     0     0     0
3218     0     0     0     0     0     0     0
3222     0     0     0     0     0     0     0
3226     0     0     0     0     0     0     0
3230     0     0     0     0     0     0     0
3234     0     0     0     0     0     0     0
3238     0     0     0     0     0     0     0
3242     0     0     0     0     0     0     0
3246     0     0     0     0     0     0     0
3250     0     0     0     0     0     0     0
3254     0     0     0     0     0     0     0
3258     0     0     0     0     0     0     0
3262     0     0     0     0     0     0     0
3266     0     0     0     0     0     0     0
3270     0     0     0     0     0     0     0
3274     0     0     0     0     0     0     0
3278     0     0     0     0     0     0     0
3282     0     0     0     0     0     0     0
3286     0     0     0     0     0     0     0
3290     0     0     0     0     0     0     0
3294     0     0     0     0     0     0     0
3298     0     0     0     0     0     0     0
3302     0     0     0     0     0     0     0
3306     0     0     0     0     0     0     0
3310     0     0     0     0     0     0     0
3314     0     0     0     0     0     0     0
3318     0     0     0     0     0     0     0
3322     0     0     0     0     0     0     0
3326     0     0     0     0     0     0     0
3330     0     0     0     0     0     0     0
3334     0     0     0     0     0     0     0
3338     0     0     0     0     0     0     0
3342     0     0     0     0     0     0     0
3346     0     0     0     0     0     0     0
3350     0     0     0     0     0     0     0
3354     0     0     0     0     0     0     0
3358     0     0     0     0     0     0     0
3362     0     0     0     0     0     0     0
3366     0     0     0     0     0     0     0
3370     0     0     0     0     0     0     0
3374     0     0     0     0     0     0     0
3378     0     0     0     0     0     0     0
3382     0     0     0     0     0     0     0
3386     0     0     0     0     0     0     0
3390     0     0     0     0     0     0     0
3394     0     0     0     0     0     0     0
3398     0     0     0     0     0     0     0
3402     0     0     0     0     0     0     0
3406     0     0     0     0     0     0     0
3410     0     0     0     0     0     0     0
3414     0     0     0     0     0     0     0
3418     0     0     0     0     0     0     0
3422     0     0     0     0     0     0     0
3426     0     0     0     0     0     0     0
3430     0     0     0     0     0     0     0
3434     0     0     0     0     0     0     0
3438     0     0     0     0     0     0     0
3442     0     0     0     0     0     0     0
3446     0     0     0     0     0     0     0
3450     0     0     0     0     0     0     0
3454     0     0     0     0     0     0     0
3458     0     0     0     0     0     0     0
3462     0     0     0     0     0     0     0
3466     0     0     0     0     0     0     0
3470     0     0     0     0     0     0     0
3474     0     0     0     0     0     0     0
3478     0     0     0     0     0     0     0
3482     0     0     0     0     0     0     0
3486     0     0     0     0     0     0     0
3490     0     0     0     0     0     0     0
3494     0     0     0     0     0     0     0
3498     0     0     0     0     0     0     0
3502     0     0     0     0     0     0     0
3506     0     0     0     0     0     0     0
3510     0     0     0     0     0     0     0
3514     0     0     0     0     0     0     0
3518     0     0     0     0     0     0     0
3522     0     0     0     0     0     0     0
3526     0     0     0     0     0     0     0
3530     0     0     0     0     0     0     0
3534     0     0     0     0     0     0     0
3538     0     0     0     0     0     0     0
3542     0     0     0     0     0     0     0
3546     0     0     0     0     0     0     0
3550     0     0     0     0     0     0     0
3554     0     0     0     0     0     0     0
3558     0     0     0     0     0     0     0
3562     0     0     0     0     0     0     0
3566     0     0     0     0     0     0     0
3570     0     0     0     0     0     0     0
3574     0     0     0     0     0     0     0
3578     0     0     0     0     0     0     0
3582     0     0     0     0     0     0     0
3586     0     0     0     0     0     0     0
3590     0     0     0     0     0     0     0
3594     0     0     0     0     0     0     0
3598     0     0     0     0     0     0     0
3602     0     0     0     0     0     0     0
3606     0     0     0     0     0     0     0
3610     0     0     0     0     0     0     0
3614     0     0     0     0     0     0     0
3618     0     0     0     0     0     0     0
3622     0     0     0     0     0     0     0
3626     0     0     0     0     0     0     0
3630     0     0     0     0     0     0     0
3634     0     0     0     0     0     0     0
3638     0     0     0     0     0     0     0
3642     0     0     0     0     0     0     0
3646     0     0     0     0     0     0     0
3650     0     0     0     0     0     0     0
3654     0     0     0     0     0     0     0
3658     0     0     0     0     0     0     0
3662     0     0     0     0     0     0     0
3666     0     0     0     0     0     0     0
3670     0     0     0     0     0     0     0
3674     0     0     0     0     0     0     0
3678     0     0     0     0     0     0     0
3682     0     0     0     0     0     0     0
3686     0     0     0     0     0     0     0
3690     0     0     0     0     0     0     0
3694     0     0     0     0     0     0     0
3698     0     0     0     0     0     0     0
3702     0     0     0     0     0     0     0
3706     0     0     0     0     0     0     0
3710     0     0     0     0     0     0     0
3714     0     0     0     0     0     0     0
3718     0     0     0     0     0     0     0
3722     0     0     0     0     0     0     0
3726     0     0     0     0     0     0     0
3730     0     0     0     0     0     0     0
3734     0     0     0     0     0     0     0
3738     0     0     0     0     0     0     0
3742     0     0     0     0     0     0     0
3746     0     0     0     0     0     0     0
3750     0     0     0     0     0     0     0
3754     0     0     0     0     0     0     0
3758     0     0     0     0     0     0     0
3762     0     0     0     0     0     0     0
3766     0     0     0     0     0     0     0
3770     0     0     0     0     0     0     0
3774     0     0     0     0     0     0     0
3778     0     0     0     0     0     0     0
3782     0     0     0     0     0     0     0
3786     0     0     0     0     0     0     0
3790     0     0     0     0     0     0     0
3794     0     0     0     0     0     0     0
3798     0     0     0     0     0     0     0
3802     0     0     0     0     0     0     0
3806     0     0     0     0     0     0     0
3810     0     0     0     0     0     0     0
3814     0     0     0     0     0     0     0
3818     0     0     0     0     0     0     0
3822     0     0     0     0     0     0     0
3826     0     0     0     0     0     0     0
3830     0     0     0     0     0     0     0
3834     0     0     0     0     0     0     0
3838     0     0     0     0     0     0     0
3842     0     0     0     0     0     0     0
3846     0     0     0     0     0     0     0
3850     0     0     0     0     0     0     0
3854     0     0     0     0     0     0     0
3858     0     0     0     0     0     0     0
3862     0     0     0     0     0     0     0
3866     0     0     0     0     0     0     0
3870     0     0     0     0     0     0     0
3874     0     0     0     0     0     0     0
3878     0     0     0     0     0     0     0
3882     0     0     0     0     0     0     0
3886     0     0     0     0     0     0     0
3890     0     0     0     0     0     0     0
3894     0     0     0     0     0     0     0
3898     0     0     0     0     0     0     0
3902     0     0     0     0     0     0     0
3906     0     0     0     0     0     0     0
3910     0     0     0     0     0     0     0
3914     0     0     0     0     0     0     0
3918     0     0     0     0     0     0     0
3922     0     0     0     0     0     0     0
3926     0     0     0     0     0     0     0
3930     0     0     0     0     0     0     0
3934     0     0     0     0     0     0     0
3938     0     0     0     0     0     0     0
3942     0     0     0     0     0     0     0
3946     0     0     0     0     0     0     0
3950     0     0     0     0     0     0     0
3954     0     0     0     0     0     0     0
3958     0     0     0     0     0     0     0
3962     0     0     0     0     0     0     0
3966     0     0     0     0     0     0     0
3970     0     0     0     0     0     0     0
3974     0     0     0     0     0     0     0
3978     0     0     0     0     0     0     0
3982     0     0     0     0     0     0     0
3986     0     0     0     0     0     0     0
3990     0     0     0     0     0     0     0
3994     0     0     0     0     0     0     0
3998     0     0     0     0     0     0     0
