2     0     0     0     0     0     0     0
6     0     0     0     0     0     0     0
10     4.74793e-05     5.81384e-08     5.81306e-08     5.8143e-08     6.11188e-08     6.37943e-08     5.96788e-08
14     2.37396e-05     2.27111e-08     2.27081e-08     2.27129e-08     2.38754e-08     2.49205e-08     2.33129e-08
18     3.56094e-05     2.08913e-08     2.08885e-08     2.08929e-08     2.19622e-08     2.29237e-08     2.14448e-08
22     5.93491e-05     3.02519e-08     3.02478e-08     3.02542e-08     3.18027e-08     3.31949e-08     3.10534e-08
26     3.56094e-05     1.38964e-08     1.38946e-08     1.38975e-08     1.46088e-08     1.52483e-08     1.42646e-08
30     0.000178047     5.74635e-08     5.74558e-08     5.74681e-08     6.04093e-08     6.30538e-08     5.8986e-08
34     0.000118698     3.37308e-08     3.37263e-08     3.37335e-08     3.546e-08     3.70123e-08     3.46246e-08
38     0.000118698     2.85415e-08     2.85376e-08     2.85437e-08     3.00046e-08     3.13181e-08     2.92977e-08
42     0.000154308     3.16159e-08     3.16117e-08     3.16184e-08     3.32367e-08     3.46917e-08     3.24536e-08
46     0.000154308     2.78117e-08     2.7808e-08     2.78139e-08     2.92375e-08     3.05174e-08     2.85486e-08
50     0.000213657     3.48107e-08     3.4806e-08     3.48134e-08     3.65952e-08     3.81972e-08     3.5733e-08
54     0.000213657     3.15375e-08     3.15333e-08     3.154e-08     3.31542e-08     3.46056e-08     3.23731e-08
58     0.000249266     3.36648e-08     3.36603e-08     3.36675e-08     3.53906e-08     3.69398e-08     3.45568e-08
62     0.000225526     2.83483e-08     2.83445e-08     2.83505e-08     2.98015e-08     3.11061e-08     2.90994e-08
66     0.000225526     2.65685e-08     2.6565e-08     2.65706e-08     2.79305e-08     2.91532e-08     2.72725e-08
70     0.000308615     3.44095e-08     3.44048e-08     3.44122e-08     3.61734e-08     3.77569e-08     3.53211e-08
74     0.000391704     4.2019e-08     4.20134e-08     4.20224e-08     4.41731e-08     4.61068e-08     4.31324e-08
78     0.000249266     2.59377e-08     2.59342e-08     2.59398e-08     2.72674e-08     2.8461e-08     2.66249e-08
82     0.000391704     3.98535e-08     3.98482e-08     3.98567e-08     4.18965e-08     4.37306e-08     4.09095e-08
86     0.000451053     4.50785e-08     4.50724e-08     4.5082e-08     4.73893e-08     4.94639e-08     4.62728e-08
90     0.000427313     4.24417e-08     4.2436e-08     4.24451e-08     4.46174e-08     4.65706e-08     4.35662e-08
94     0.000522272     5.17644e-08     5.17575e-08     5.17685e-08     5.44181e-08     5.68003e-08     5.3136e-08
98     0.000498532     4.96376e-08     4.96309e-08     4.96415e-08     5.21822e-08     5.44665e-08     5.09528e-08
102     0.000462923     4.64926e-08     4.64864e-08     4.64963e-08     4.8876e-08     5.10156e-08     4.77244e-08
106     0.00066471     6.76616e-08     6.76525e-08     6.76669e-08     7.11301e-08     7.42439e-08     6.94543e-08
110     0.000546011     5.68171e-08     5.68095e-08     5.68216e-08     5.97298e-08     6.23445e-08     5.83225e-08
114     0.000498532     5.36067e-08     5.35995e-08     5.36109e-08     5.63547e-08     5.88217e-08     5.5027e-08
118     0.000759668     8.58883e-08     8.58768e-08     8.58951e-08     9.02912e-08     9.42438e-08     8.81639e-08
122     0.000676579     8.2487e-08     8.24759e-08     8.24935e-08     8.67155e-08     9.05116e-08     8.46725e-08
126     0.000593491     8.03512e-08     8.03404e-08     8.03575e-08     8.44702e-08     8.8168e-08     8.24801e-08
130     0.000581621     8.88221e-08     8.88102e-08     8.88291e-08     9.33754e-08     9.7463e-08     9.11755e-08
134     0.000747798     1.32219e-07     1.32202e-07     1.3223e-07     1.38997e-07     1.45082e-07     1.35722e-07
138     0.000724059     1.54017e-07     1.53997e-07     1.54029e-07     1.61913e-07     1.69001e-07     1.58098e-07
142     0.000819017     2.21667e-07     2.21637e-07     2.21684e-07     2.3303e-07     2.43231e-07     2.2754e-07
146     0.000735928     2.54939e-07     2.54905e-07     2.54959e-07     2.68008e-07     2.7974e-07     2.61694e-07
150     0.000700319     3.22685e-07     3.22642e-07     3.22711e-07     3.39227e-07     3.54077e-07     3.31235e-07
154     0.000759668     5.37247e-07     5.37175e-07     5.3729e-07     5.64788e-07     5.89512e-07     5.51482e-07
158     0.000724059     1.04043e-06     1.04029e-06     1.04051e-06     1.09376e-06     1.14164e-06     1.06799e-06
162     0.000985195     3.73946e-06     3.73896e-06     3.73976e-06     3.93116e-06     4.10325e-06     3.83854e-06
166     0.000854627     5.77935e-06     5.77858e-06     5.77981e-06     6.07562e-06     6.34159e-06     5.93248e-06
170     0.000961455     8.65199e-06     8.65084e-06     8.65268e-06     9.09553e-06     9.49369e-06     8.88123e-06
174     0.000937715     1.03551e-05     1.03537e-05     1.03559e-05     1.0886e-05     1.13625e-05     1.06295e-05
178     0.000890236     1.15503e-05     1.15487e-05     1.15512e-05     1.21424e-05     1.26739e-05     1.18563e-05
182     0.000997064     1.57217e-05     1.57196e-05     1.5723e-05     1.65277e-05     1.72512e-05     1.61383e-05
186     0.00100893     1.91982e-05     1.91956e-05     1.91997e-05     2.01824e-05     2.10659e-05     1.97069e-05
190     0.000985195     2.16927e-05     2.16898e-05     2.16944e-05     2.28048e-05     2.38031e-05     2.22675e-05
194     0.00108015     2.69876e-05     2.6984e-05     2.69898e-05     2.83711e-05     2.96131e-05     2.77027e-05
198     0.000949585     2.60058e-05     2.60023e-05     2.60079e-05     2.7339e-05     2.85358e-05     2.66949e-05
202     0.000925845     2.80231e-05     2.80193e-05     2.80253e-05     2.94596e-05     3.07492e-05     2.87655e-05
206     0.00108015     3.53937e-05     3.5389e-05     3.53965e-05     3.72081e-05     3.8837e-05     3.63315e-05
210     0.000973325     3.44616e-05     3.4457e-05     3.44643e-05     3.62667e-05     3.7871e-05     3.54013e-05
214     0.00123446     4.73475e-05     4.73412e-05     4.73511e-05     4.99134e-05     5.21587e-05     4.86981e-05
218     0.00123446     5.04812e-05     5.04745e-05     5.04851e-05     5.32296e-05     5.56297e-05     5.19299e-05
222     0.00119885     5.24107e-05     5.24038e-05     5.24147e-05     5.52722e-05     5.77681e-05     5.39203e-05
226     0.00118698     5.52311e-05     5.52238e-05     5.52353e-05     5.82554e-05     6.08898e-05     5.68279e-05
230     0.00134129     6.61887e-05     6.618e-05     6.61938e-05     6.98227e-05     7.29846e-05     6.8109e-05
234     0.00144812     7.5824e-05     7.5814e-05     7.58299e-05     7.99963e-05     8.3623e-05     7.80302e-05
238     0.00156682     8.67296e-05     8.67182e-05     8.67363e-05     9.15069e-05     9.56576e-05     8.92564e-05
242     0.0013769     8.05838e-05     8.05732e-05     8.059e-05     8.50501e-05     8.89201e-05     8.29504e-05
246     0.00112763     6.96489e-05     6.96397e-05     6.96542e-05     7.35354e-05     7.68931e-05     7.17123e-05
250     0.00155495     0.000100933     0.00010092     0.000100941     0.000106576     0.000111447     0.000103931
254     0.00145999     9.97134e-05     9.97003e-05     9.9721e-05     0.000105299     0.000110116     0.000102682
258     0.00160242     0.000114666     0.000114651     0.000114675     0.000121112     0.000126661     0.000118096
262     0.00161429     0.000121179     0.000121163     0.000121188     0.000128036     0.000133922     0.000124835
266     0.00156682     0.000123094     0.000123078     0.000123103     0.000130067     0.000136049     0.000126813
270     0.00189917     0.0001563     0.00015628     0.000156312     0.000165196     0.000172813     0.000161051
274     0.00161429     0.000138817     0.000138798     0.000138827     0.00014676     0.000153546     0.000143065
278     0.00155495     0.000139745     0.000139726     0.000139755     0.000147786     0.00015464     0.000144052
282     0.00166177     0.000155672     0.000155651     0.000155684     0.000164676     0.000172332     0.000160501
286     0.00163803     0.000159986     0.000159965     0.000159998     0.00016929     0.000177182     0.000164984
290     0.00153121     0.00015561     0.00015559     0.000155622     0.000164715     0.000172419     0.00016051
294     0.00172112     0.000181896     0.000181872     0.000181909     0.00019262     0.000201666     0.000187679
298     0.00180421     0.000198166     0.000198141     0.000198181     0.000209944     0.000219844     0.00020453
302     0.0021247     0.000242255     0.000242223     0.000242273     0.000256691     0.000268814     0.00025006
306     0.00208909     0.000247064     0.000247032     0.000247082     0.000261913     0.000274337     0.000255111
310     0.00183982     0.000225796     0.000225767     0.000225813     0.000239493     0.000250907     0.000233238
314     0.002006     0.00025531     0.000255277     0.000255329     0.000270946     0.000283923     0.000263827
318     0.00199413     0.000262672     0.000262638     0.000262692     0.000278868     0.00029227     0.000271509
322     0.00217218     0.000295928     0.00029589     0.00029595     0.000314415     0.000329629     0.00030605
326     0.002279     0.000320541     0.0003205     0.000320565     0.00034078     0.000357359     0.000331653
330     0.002279     0.000331097     0.000331054     0.000331121     0.000352239     0.000369474     0.00034274
334     0.00231461     0.000346843     0.000346799     0.000346868     0.000369249     0.000387419     0.000359221
338     0.00218405     0.00033746     0.000337417     0.000337484     0.000359647     0.000377495     0.000349775
342     0.00218405     0.000348243     0.000348199     0.000348268     0.000371548     0.000390134     0.000361245
346     0.00192291     0.000317311     0.000317271     0.000317333     0.000338706     0.000355685     0.000329284
350     0.00219592     0.000376221     0.000376174     0.000376247     0.000402082     0.000422427     0.000390766
354     0.00240957     0.00043153     0.000431477     0.00043156     0.00046188     0.000485539     0.000448687
358     0.00271819     0.000510793     0.00051073     0.000510827     0.000547597     0.000576034     0.0005317
362     0.00246892     0.000485282     0.000485223     0.000485314     0.000520837     0.000548168     0.000505532
366     0.00244518     0.000502944     0.000502884     0.000502977     0.000540779     0.00056959     0.000524602
370     0.00274193     0.000587801     0.00058773     0.000587839     0.000633537     0.000667948     0.000614148
374     0.00293184     0.000655839     0.00065576     0.000655881     0.000708199     0.000747253     0.000686137
378     0.00281315     0.000656125     0.000656047     0.000656166     0.000708789     0.00074804     0.000686605
382     0.00269445     0.000653635     0.000653558     0.000653675     0.000708225     0.000748404     0.000685428
386     0.00300306     0.000756756     0.000756668     0.000756802     0.000821467     0.000868764     0.000794573
390     0.00276567     0.000722308     0.000722225     0.000722351     0.000785535     0.000831434     0.000759379
394     0.00288436     0.000780072     0.000779982     0.000780117     0.000849916     0.000900293     0.000821148
398     0.00319298     0.000891767     0.000891666     0.000891819     0.000973516     0.00103209     0.000939998
402     0.00313363     0.000905138     0.000905037     0.000905189     0.000990735     0.00105155     0.000955833
406     0.00327607     0.000977188     0.000977079     0.000977242     0.00107206     0.00113902     0.00103355
410     0.00344225     0.00105937     0.00105925     0.00105942     0.00116465     0.00123852     0.00112208
414     0.00340664     0.00107909     0.00107897     0.00107915     0.00118881     0.00126536     0.00114461
418     0.00337103     0.00109792     0.00109781     0.00109798     0.00121242     0.0012918     0.00116649
422     0.00364403     0.00122066     0.00122053     0.00122072     0.00135221     0.00144273     0.00129968
426     0.00358468     0.00123343     0.0012333     0.00123349     0.00136998     0.0014634     0.00131566
430     0.00385769     0.00136274     0.0013626     0.0013628     0.00151776     0.00162318     0.00145633
434     0.00375086     0.00135829     0.00135815     0.00135835     0.00151664     0.00162374     0.00145411
438     0.00405948     0.00150634     0.00150619     0.00150641     0.00168647     0.00180763     0.0016156
442     0.00445118     0.00169289     0.00169272     0.00169296     0.00190249     0.00204256     0.00182036
446     0.0046411     0.00180674     0.00180657     0.00180681     0.00203666     0.00218963     0.0019468
450     0.00474793     0.00189004     0.00188987     0.00189012     0.00213721     0.00230092     0.00204087
454     0.0044037     0.00179162     0.00179145     0.00179168     0.00203238     0.0021911     0.0019388
458     0.00449866     0.00187069     0.00187052     0.00187076     0.00212851     0.00229769     0.0020286
462     0.00504467     0.0021421     0.00214191     0.00214217     0.00244788     0.00264708     0.00232993
466     0.00454614     0.00197012     0.00196996     0.00197018     0.00225913     0.0024463     0.00214807
470     0.00502093     0.00222014     0.00221996     0.0022202     0.00255544     0.00277132     0.00242707
474     0.00576873     0.00260031     0.0026001     0.00260036     0.00300412     0.00326277     0.00285001
478     0.00563816     0.00258979     0.0025896     0.00258985     0.00300214     0.00326521     0.00284515
482     0.00587556     0.0027515     0.00275131     0.00275154     0.00320513     0.00349328     0.00303285
486     0.00573312     0.00273356     0.00273338     0.00273359     0.00319702     0.0034905     0.0030213
490     0.00657588     0.0031929     0.0031927     0.00319292     0.00374942     0.00410064     0.00353884
494     0.00668271     0.00330209     0.00330189     0.0033021     0.0038928     0.0042643     0.00366972
498     0.00707441     0.00355526     0.00355506     0.00355525     0.00420662     0.00461487     0.00396113
502     0.00695571     0.00355395     0.00355378     0.00355392     0.00422939     0.00465077     0.00397555
506     0.0074305     0.00386074     0.00386058     0.00386069     0.00461216     0.00507989     0.00433004
510     0.00696758     0.00367842     0.00367828     0.00367835     0.00441168     0.00486725     0.00413662
514     0.0077866     0.00417879     0.00417866     0.00417868     0.00503304     0.0055629     0.00471281
518     0.00713376     0.00389045     0.00389036     0.00389032     0.00470239     0.00520553     0.00439809
522     0.00843944     0.00467517     0.00467511     0.00467496     0.00567835     0.00629908     0.0053026
526     0.00913976     0.00513887     0.00513886     0.00513861     0.00625954     0.00695205     0.00583997
530     0.00910415     0.00519619     0.00519623     0.00519587     0.00635396     0.00706782     0.00592102
534     0.00942463     0.00545829     0.00545839     0.0054579     0.00669658     0.00745854     0.00623404
538     0.0101843     0.0059835     0.00598367     0.005983     0.00735468     0.00819745     0.00684274
542     0.0106472     0.00634617     0.00634648     0.00634554     0.00783231     0.00874357     0.00727807
546     0.0111695     0.00675385     0.00675427     0.00675307     0.00835305     0.00933297     0.00775674
550     0.0109677     0.00673255     0.00673308     0.00673167     0.00834472     0.00933219     0.0077435
554     0.0114544     0.00714008     0.00714078     0.00713903     0.00886419     0.00992048     0.0082209
558     0.0121428     0.00768424     0.00768514     0.00768297     0.00954542     0.0106872     0.00885023
562     0.0122022     0.00783002     0.00783118     0.0078285     0.00973772     0.0109101     0.009024
566     0.0129025     0.00838844     0.0083899     0.00838662     0.0104336     0.0116924     0.00966728
570     0.013947     0.00919935     0.00920122     0.00919711     0.0114333     0.0128112     0.0105948
574     0.014956     0.0100241     0.0100264     0.0100214     0.012444     0.0139394     0.0115342
578     0.01568     0.0106908     0.0106936     0.0106876     0.0132556     0.0148434     0.0122899
582     0.0157512     0.0109247     0.0109282     0.010921     0.0135008     0.0151017     0.012528
586     0.0157512     0.0111145     0.0111185     0.0111102     0.0136943     0.0153029     0.0127173
590     0.0172587     0.0124182     0.0124233     0.012413     0.0152501     0.0170226     0.0141743
594     0.0172943     0.012726     0.0127317     0.0127201     0.0155686     0.0173556     0.0144852
598     0.0187424     0.0141244     0.0141315     0.0141173     0.0171925     0.019132     0.0160183
602     0.0186356     0.0143761     0.0143845     0.0143679     0.0173742     0.0192854     0.0162198
606     0.0195496     0.0154305     0.0154404     0.0154211     0.0185412     0.0205376     0.0173373
610     0.0198345     0.0160469     0.0160581     0.0160363     0.0191483     0.0211546     0.017941
614     0.0209621     0.0174506     0.0174638     0.0174383     0.0206657     0.0227641     0.0194061
618     0.0214844     0.0184539     0.0184689     0.0184402     0.0217006     0.0238378     0.0204207
622     0.0211639     0.0187964     0.0188131     0.0187813     0.0218638     0.0239121     0.0206421
626     0.0216861     0.0199341     0.0199527     0.0199176     0.0229875     0.0250522     0.0217605
630     0.0215081     0.0204841     0.0205039     0.0204667     0.0234151     0.0254248     0.0222257
634     0.0216743     0.0213873     0.0214084     0.0213688     0.0242339     0.026216     0.0230662
638     0.0211876     0.0217202     0.0217419     0.0217014     0.0243733     0.026256     0.0232704
642     0.0203211     0.021656     0.0216777     0.0216372     0.0239958     0.0257052     0.0230032
646     0.0211995     0.0235163     0.0235392     0.0234964     0.0257996     0.0275126     0.0248128
650     0.0193478     0.0223281     0.022349     0.02231     0.0242529     0.0257433     0.0234026
654     0.0190985     0.0229071     0.0228845     0.0229323     0.0246273     0.0254904     0.0243348
658     0.0186119     0.0231387     0.023117     0.0231628     0.0246166     0.0255702     0.0242006
662     0.0178166     0.0229118     0.0228917     0.0229338     0.0240452     0.0250578     0.0235131
666     0.0170213     0.0225957     0.0225773     0.0226157     0.0234791     0.0243469     0.0230363
670     0.017413     0.0238045     0.0237866     0.0238238     0.0244835     0.025257     0.0241053
674     0.0156682     0.0219844     0.0219691     0.0220006     0.0223949     0.0229877     0.0221217
678     0.0145287     0.0208743     0.020861     0.0208881     0.0210457     0.0214857     0.0208632
682     0.0132586     0.0194529     0.0194418     0.0194641     0.0193531     0.0196165     0.0192747
686     0.0130093     0.0194536     0.0194435     0.0194636     0.0191657     0.0193226     0.0191542
690     0.0128194     0.0195008     0.0194915     0.0195097     0.0190316     0.0190855     0.0190846
694     0.0119766     0.0185215     0.0185135     0.018529     0.0179029     0.0178544     0.0180154
698     0.0117986     0.0185233     0.018516     0.01853     0.0177391     0.0175945     0.0179116
702     0.0102199     0.0162618     0.0162561     0.0162669     0.0153871     0.0151514     0.0156062
706     0.0101131     0.0162821     0.0162769     0.0162867     0.0152693     0.0149535     0.0155387
710     0.00873618     0.0142236     0.0142194     0.0142272     0.0132273     0.0128862     0.0135033
714     0.00843944     0.0138986     0.0138948     0.0139018     0.0128125     0.0124132     0.0131234
718     0.00840383     0.0139949     0.0139913     0.0139978     0.0127941     0.0123288     0.0131466
722     0.00746611     0.0125464     0.0125435     0.0125487     0.0113434     0.0108505     0.0117065
726     0.00721685     0.0122178     0.0122151     0.0122199     0.0109603     0.0104282     0.0113463
730     0.00689636     0.0117538     0.0117513     0.0117556     0.0104634     0.00990237     0.0108651
734     0.00637409     0.0109428     0.0109406     0.0109444     0.00966824     0.00910152     0.0100697
738     0.00633848     0.0109689     0.0109668     0.0109704     0.00961642     0.00900313     0.0100469
742     0.00549572     0.00959738     0.00959566     0.00959856     0.00832993     0.00774155     0.00873862
746     0.00530581     0.00934922     0.00934761     0.00935031     0.00806027     0.00745281     0.00847947
750     0.00502093     0.00891799     0.0089165     0.00891898     0.00764101     0.00703159     0.00805927
754     0.00441557     0.00789751     0.00789624     0.00789835     0.00672142     0.00615334     0.00710928
758     0.00435622     0.00783939     0.00783816     0.00784019     0.00662684     0.00603495     0.00702914
762     0.00448679     0.00812739     0.00812615     0.00812818     0.00681049     0.00615927     0.00725082
766     0.00409509     0.00747358     0.00747246     0.00747428     0.00622295     0.00559834     0.00664353
770     0.00373899     0.00687727     0.00687626     0.0068779     0.00569359     0.00509747     0.00609364
774     0.00359655     0.0066748     0.00667383     0.0066754     0.00549157     0.00489059     0.00589349
778     0.00356094     0.00666416     0.0066632     0.00666474     0.00545082     0.00482991     0.00586481
782     0.00268258     0.00505975     0.00505904     0.00506018     0.00410467     0.00361075     0.00443257
786     0.00325233     0.00617434     0.00617348     0.00617486     0.00498473     0.00436513     0.00539491
790     0.00265884     0.00508117     0.00508046     0.00508159     0.00408056     0.00355591     0.00442701
794     0.00306241     0.00589549     0.00589468     0.00589597     0.00470769     0.00408091     0.0051206
798     0.00259949     0.00504356     0.00504287     0.00504397     0.00400586     0.00345522     0.00436782
802     0.00277754     0.00543391     0.00543317     0.00543434     0.004291     0.0036805     0.00469134
806     0.00246892     0.00487194     0.00487129     0.00487233     0.00382869     0.00326855     0.00419529
810     0.00208909     0.00416068     0.00416012     0.00416101     0.00325041     0.00275842     0.00357159
814     0.00233835     0.00469683     0.0046962     0.00469721     0.00365049     0.0030816     0.00402103
818     0.002006     0.00406298     0.00406243     0.0040633     0.0031445     0.00264275     0.0034707
822     0.0017686     0.00361027     0.00360978     0.00361056     0.00277576     0.00231789     0.00307298
826     0.0017686     0.00363988     0.00363939     0.00364017     0.00278513     0.00231475     0.00309017
830     0.00175673     0.0036444     0.0036439     0.00364469     0.00277693     0.00229701     0.00308755
834     0.00167364     0.00350166     0.00350118     0.00350194     0.00265673     0.00218584     0.00296068
838     0.00142438     0.00300618     0.00300577     0.00300643     0.00227141     0.00185822     0.00253717
842     0.00153121     0.00326071     0.00326026     0.00326097     0.00244818     0.00198838     0.00274323
846     0.00160242     0.00344066     0.00344019     0.00344094     0.00257403     0.00208339     0.00288889
850     0.00132942     0.00287927     0.00287888     0.0028795     0.00214444     0.00172736     0.00241186
854     0.00140064     0.00306086     0.00306045     0.00306111     0.00227022     0.00181955     0.00255874
858     0.00130568     0.00287844     0.00287805     0.00287868     0.00212747     0.00169668     0.0024026
862     0.00151934     0.00338012     0.00337966     0.0033804     0.0024821     0.00196253     0.00281291
866     0.0011395     0.00255801     0.00255766     0.00255822     0.00187107     0.00147172     0.00212488
870     0.0012582     0.00284723     0.00284684     0.00284747     0.00207757     0.00162841     0.00236262
874     0.00111576     0.00254611     0.00254576     0.00254632     0.00185264     0.00144635     0.00211012
878     0.00111576     0.00256762     0.00256727     0.00256783     0.00185897     0.00144203     0.00212282
882     0.00106828     0.00248048     0.00248014     0.00248068     0.00178857     0.00137985     0.00204682
886     0.00104454     0.0024454     0.00244506     0.0024456     0.00175677     0.00134876     0.00201429
890     0.000937715     0.00221531     0.00221501     0.00221549     0.00158541     0.00121036     0.00182171
894     0.000795278     0.00189652     0.00189626     0.00189668     0.00135325     0.00102793     0.00155778
898     0.000949585     0.00228561     0.00228529     0.00228579     0.00162722     0.00123003     0.00187625
902     0.000712189     0.00173053     0.00173029     0.00173067     0.00122428     0.000917153     0.00141644
906     0.000913976     0.00224176     0.00224145     0.00224194     0.00158204     0.00118132     0.00183265
910     0.00064097     0.00158483     0.00158461     0.00158496     0.00111487     0.000828877     0.00129362
914     0.000795278     0.00198665     0.00198638     0.00198681     0.00139033     0.00102579     0.00161779
918     0.000676579     0.0017059     0.00170566     0.00170604     0.00119165     0.00087575     0.00138843
922     0.00065284     0.00166151     0.00166128     0.00166165     0.00115584     0.000842978     0.00135018
926     0.00064097     0.00164563     0.00164541     0.00164577     0.00114044     0.000826462     0.00133515
930     0.0006291     0.00162913     0.00162891     0.00162926     0.00112576     0.00081186     0.00132018
934     0.000676579     0.00176863     0.00176839     0.00176877     0.00121776     0.000872841     0.00143107
938     0.0006291     0.00166116     0.00166093     0.00166129     0.00113955     0.000811728     0.00134203
942     0.000771538     0.00205471     0.00205443     0.00205488     0.00140346     0.00099264     0.00165687
946     0.000474793     0.00127709     0.00127692     0.0012772     0.000870008     0.000612416     0.00102872
950     0.000462923     0.00125485     0.00125468     0.00125496     0.000852915     0.000597897     0.00100989
954     0.000498532     0.00136478     0.00136459     0.00136489     0.00092402     0.000642805     0.00109675
958     0.000569751     0.00157328     0.00157307     0.00157341     0.00106291     0.00073539     0.00126362
962     0.000391704     0.00109194     0.00109179     0.00109203     0.000734     0.000502551     0.000875405
966     0.000486662     0.00137136     0.00137117     0.00137147     0.000919673     0.000626279     0.00109865
970     0.000474793     0.00135004     0.00134986     0.00135015     0.00090256     0.000610545     0.00108038
974     0.000581621     0.00166909     0.00166886     0.00166922     0.0011124     0.000747622     0.00133415
978     0.000356094     0.00103091     0.00103077     0.00103099     0.000684772     0.000457003     0.000823011
982     0.000439183     0.00128376     0.00128359     0.00128387     0.000849494     0.000562379     0.00102346
986     0.000415443     0.00122573     0.00122556     0.00122583     0.000809781     0.000533875     0.000976744
990     0.000344225     0.00102517     0.00102503     0.00102525     0.000675464     0.000442756     0.000816126
994     0.000296745     0.000892598     0.000892476     0.00089267     0.000586009     0.00038126     0.000709611
998     0.000308615     0.000936315     0.000936188     0.000936391     0.000612642     0.000395718     0.000743406
1002     0.000344225     0.00105534     0.00105519     0.00105542     0.000688751     0.000441891     0.000837297
1006     0.000332355     0.00102901     0.00102887     0.00102909     0.000669796     0.000426883     0.000815716
1010     0.000320485     0.00100214     0.001002     0.00100222     0.000650348     0.000411616     0.000793571
1014     0.000391704     0.00123632     0.00123615     0.00123642     0.000800098     0.000502931     0.000978125
1018     0.000403574     0.00128672     0.00128654     0.00128682     0.000831543     0.000520301     0.00101772
1022     0.000391704     0.00126125     0.00126107     0.00126135     0.000812436     0.000503925     0.000996604
1026     0.000308615     0.00100286     0.00100273     0.00100295     0.000642891     0.00039453     0.000790941
1030     0.000213657     0.000701209     0.000701114     0.000701266     0.00044849     0.000273335     0.000552714
1034     0.000356094     0.00118095     0.00118079     0.00118105     0.000755019     0.000458814     0.000931033
1038     0.000332355     0.00111372     0.00111357     0.00111381     0.00070888     0.000425959     0.000876668
1042     0.000320485     0.00108457     0.00108443     0.00108466     0.000686661     0.000406976     0.000852149
1046     0.000213657     0.000729463     0.000729365     0.000729522     0.000461517     0.000272437     0.000573225
1050     0.000308615     0.00106647     0.00106632     0.00106655     0.000674001     0.000395553     0.000838155
1054     0.000344225     0.00120176     0.0012016     0.00120186     0.000758112     0.000442165     0.000944092
1058     0.000273006     0.000960601     0.00096047     0.000960678     0.000604284     0.000349559     0.000753997
1062     0.000284876     0.00101334     0.0010132     0.00101342     0.000633296     0.000359967     0.00079356
1066     0.000344225     0.00123822     0.00123805     0.00123832     0.000773968     0.000438364     0.000970339
1070     0.000308615     0.00111879     0.00111864     0.00111888     0.000697725     0.000392357     0.000876168
1074     0.000273006     0.00100001     0.000999876     0.00100009     0.000621318     0.00034535     0.00078226
1078     0.000189917     0.000703053     0.000702958     0.00070311     0.000435873     0.00024025     0.000549734
1082     0.000189917     0.000710644     0.000710548     0.000710702     0.000438911     0.00023875     0.000555129
1086     0.000213657     0.000807355     0.000807246     0.00080742     0.000496858     0.000266974     0.00063006
1090     0.000189917     0.000723331     0.000723233     0.00072339     0.000444399     0.00023728     0.000564267
1094     0.000154308     0.000594042     0.000593961     0.000594089     0.000364064     0.000192417     0.000463192
1098     0.000189917     0.000739266     0.000739166     0.000739325     0.000452222     0.000236833     0.000576317
1102     0.000261136     0.00102638     0.00102624     0.00102646     0.000626599     0.000324755     0.000800053
1106     9.49585e-05     0.000376952     0.000376901     0.000376982     0.000229319     0.000117344     0.000293551
1110     0.000154308     0.000618535     0.000618451     0.000618584     0.000374638     0.000188644     0.000481089
1114     0.000225526     0.000911477     0.000911354     0.000911551     0.000550886     0.000275143     0.000708519
1118     0.000154308     0.000631191     0.000631105     0.000631241     0.000380541     0.000187713     0.000490483
1122     0.000178047     0.000735128     0.000735029     0.000735187     0.000443011     0.000216915     0.000571603
1126     0.000166177     0.000691863     0.000691769     0.000691918     0.000415736     0.000201135     0.000537573
1130     0.000130568     0.000548975     0.000548901     0.000549019     0.00032875     0.000156911     0.000426147
1134     8.30887e-05     0.000352535     0.000352487     0.000352563     0.000210096     9.84453e-05     0.000273264
1138     0.000178047     0.000763283     0.00076318     0.000763345     0.000455513     0.000212752     0.000592483
1142     9.49585e-05     0.000411714     0.000411659     0.000411747     0.000245339     0.000113283     0.000319645
1146     0.000118698     0.000518491     0.000518421     0.000518533     0.000308517     0.000141312     0.000402465
1150     0.000189917     0.000840343     0.00084023     0.00084041     0.000498107     0.000223399     0.000651922
1154     0.000142438     0.000635361     0.000635275     0.000635412     0.000376214     0.000167765     0.000492824
1158     0.000178047     0.000801294     0.000801186     0.000801358     0.000473198     0.000207771     0.000621322
1162     0.000142438     0.000647022     0.000646935     0.000647074     0.000380395     0.000163319     0.000501202
1166     0.000118698     0.000544501     0.000544427     0.000544544     0.000319734     0.000135936     0.000421827
1170     0.000154308     0.00071434     0.000714244     0.000714397     0.000418829     0.000176134     0.000553383
1174     7.12189e-05     0.00033311     0.000333065     0.000333136     0.000194897     8.08238e-05     0.000258005
1178     4.74793e-05     0.000224043     0.000224013     0.000224061     0.000130754     5.33544e-05     0.000173475
1182     9.49585e-05     0.000453197     0.000453136     0.000453234     0.000263955     0.000105958     0.000350922
1186     4.74793e-05     0.000227857     0.000227827     0.000227876     0.000132254     5.21743e-05     0.000176267
1190     0.000166177     0.000806413     0.000806304     0.000806477     0.000466598     0.000180171     0.000623586
1194     8.30887e-05     0.000407093     0.000407038     0.000407125     0.000235486     9.02668e-05     0.000314943
1198     0.000142438     0.000705362     0.000705267     0.000705419     0.0004066     0.000152412     0.000545347
1202     0.000118698     0.0005922     0.00059212     0.000592247     0.000340574     0.00012514     0.000457834
1206     0.000142438     0.000716851     0.000716754     0.000716908     0.000411857     0.000149643     0.000554317
1210     7.12189e-05     0.000361608     0.000361559     0.000361637     0.000207557     7.4561e-05     0.000279677
1214     9.49585e-05     0.000486566     0.000486501     0.000486605     0.000278594     9.80155e-05     0.000376262
1218     4.74793e-05     0.000245773     0.00024574     0.000245793     0.000140084     4.78933e-05     0.000189845
1222     7.12189e-05     0.000371835     0.000371785     0.000371865     0.000212299     7.22633e-05     0.000287667
1226     8.30887e-05     0.000438517     0.000438458     0.000438552     0.000249588     8.28714e-05     0.000339104
1230     3.56094e-05     0.000189199     0.000189174     0.000189214     0.000107484     3.51614e-05     0.000146265
1234     7.12189e-05     0.000382183     0.000382132     0.000382214     0.000216311     6.85787e-05     0.000295297
1238     3.56094e-05     0.000192657     0.000192631     0.000192672     0.000108815     3.38294e-05     0.000148828
1242     5.93491e-05     0.000324657     0.000324613     0.000324683     0.000183072     5.56727e-05     0.000250872
1246     5.93491e-05     0.000327042     0.000326998     0.000327068     0.000184336     5.54353e-05     0.000252811
1250     8.30887e-05     0.000461801     0.000461739     0.000461838     0.000259564     7.5782e-05     0.000356923
1254     9.49585e-05     0.000531397     0.000531325     0.000531439     0.000298043     8.50949e-05     0.000410638
1258     9.49585e-05     0.000536212     0.00053614     0.000536255     0.000300511     8.44105e-05     0.000414519
1262     5.93491e-05     0.000338634     0.000338588     0.000338661     0.000188856     5.06739e-05     0.000261544
1266     0.000130568     0.000750643     0.000750542     0.000750703     0.000418187     0.000110109     0.000579925
1270     1.18698e-05     6.90857e-05     6.90764e-05     6.90912e-05     3.83329e-05     9.6079e-06     5.33574e-05
1274     3.56094e-05     0.000208687     0.000208659     0.000208704     0.000115761     2.85955e-05     0.000161263
1278     9.49585e-05     0.000560861     0.000560785     0.000560906     0.000311075     7.62813e-05     0.00043352
1282     7.12189e-05     0.000424051     0.000423994     0.000424084     0.000234954     5.60842e-05     0.000327952
1286     5.93491e-05     0.000356758     0.00035671     0.000356787     0.000196831     4.46119e-05     0.000275747
1290     8.30887e-05     0.00050257     0.000502502     0.00050261     0.000277243     6.22126e-05     0.000388589
1294     7.12189e-05     0.000434065     0.000434006     0.000434099     0.000239029     5.18566e-05     0.000335695
1298     4.74793e-05     0.000291895     0.000291856     0.000291918     0.000160228     3.33348e-05     0.000225628
1302     3.56094e-05     0.000221039     0.000221009     0.000221057     0.000121143     2.42599e-05     0.000170924
1306     1.18698e-05     7.40136e-05     7.40036e-05     7.40195e-05     4.05639e-05     8.12329e-06     5.72329e-05
1310     3.56094e-05     0.000224397     0.000224367     0.000224415     0.000122799     2.34224e-05     0.000173655
1314     5.93491e-05     0.000377186     0.000377135     0.000377216     0.000205424     3.62929e-05     0.0002917
1318     4.74793e-05     0.000303828     0.000303787     0.000303852     0.000164968     2.77168e-05     0.000234851
1322     5.93491e-05     0.000383384     0.000383332     0.000383414     0.000208411     3.43643e-05     0.00029676
1326     1.18698e-05     7.7479e-05     7.74686e-05     7.74852e-05     4.20554e-05     6.59502e-06     6.00005e-05
1330     3.56094e-05     0.000233972     0.00023394     0.000233991     0.000126385     1.80069e-05     0.000181062
1334     2.37396e-05     0.00015698     0.000156958     0.000156992     8.48204e-05     1.1895e-05     0.000121553
1338     3.56094e-05     0.000237499     0.000237467     0.000237518     0.000128365     1.7716e-05     0.00018401
1342     2.37396e-05     0.000159729     0.000159708     0.000159742     8.59998e-05     1.07782e-05     0.000123716
1346     7.12189e-05     0.000483077     0.000483012     0.000483115     0.00026     3.0948e-05     0.000374487
1350     3.56094e-05     0.000243712     0.000243679     0.000243731     0.000130881     1.42847e-05     0.000188975
1354     4.74793e-05     0.000326611     0.000326567     0.000326637     0.000175241     1.83156e-05     0.000253301
1358     2.37396e-05     0.000164384     0.000164362     0.000164397     8.81187e-05     8.80368e-06     0.00012751
1362     0     0     0     0     0     0     0
1366     4.74793e-05     0.000334341     0.000334296     0.000334367     0.000178818     1.52506e-05     0.000259602
1370     4.74793e-05     0.000336487     0.000336441     0.000336513     0.000180009     1.46471e-05     0.000261487
1374     1.18698e-05     8.4881e-05     8.48696e-05     8.48878e-05     4.54081e-05     3.56223e-06     6.59952e-05
1378     4.74793e-05     0.000341426     0.00034138     0.000341453     0.000181425     1.07243e-05     0.000265134
1382     3.56094e-05     0.000258393     0.000258358     0.000258413     0.000137079     6.82075e-06     0.00020075
1386     9.49585e-05     0.000692961     0.000692868     0.000693016     0.000368029     1.80102e-05     0.000538845
1390     1.18698e-05     8.74712e-05     8.74594e-05     8.74782e-05     4.61877e-05     1.29119e-06     6.79923e-05
1394     4.74793e-05     0.000351791     0.000351744     0.000351819     0.000185855     5.1039e-06     0.000273568
1398     7.12189e-05     0.00053175     0.000531679     0.000531793     0.000281369     7.31368e-06     0.000414039
1402     5.93491e-05     0.00044667     0.00044661     0.000446706     0.000235575     3.04738e-06     0.00034778
1406     1.18698e-05     8.99446e-05     8.99325e-05     8.99517e-05     4.7479e-05     3.94046e-07     7.01223e-05
1410     1.18698e-05     9.04832e-05     9.0471e-05     9.04904e-05     4.77633e-05     3.96406e-07     7.05423e-05
1414     5.93491e-05     0.000456611     0.000456549     0.000456647     0.000240211     -1.57242e-06     0.000356033
1418     4.74793e-05     0.000367635     0.000367586     0.000367664     0.000192904     -3.33023e-06     0.000286655
1422     1.18698e-05     9.23949e-05     9.23825e-05     9.24023e-05     4.83495e-05     -1.42823e-06     7.20556e-05
1426     2.37396e-05     0.000186016     0.000185992     0.000186031     9.73409e-05     -2.87542e-06     0.000145068
1430     3.56094e-05     0.000282139     0.000282101     0.000282162     0.000147583     -6.13385e-06     0.00022038
1434     1.18698e-05     9.44487e-05     9.4436e-05     9.44562e-05     4.94143e-05     -2.14491e-06     7.38043e-05
1438     1.18698e-05     9.49534e-05     9.49406e-05     9.49609e-05     4.95865e-05     -2.68597e-06     7.42323e-05
1442     3.56094e-05     0.000288139     0.0002881     0.000288162     0.000150672     -8.74665e-06     0.000225586
1446     3.56094e-05     0.000290148     0.000290109     0.000290171     0.000150812     -1.18115e-05     0.000226973
1450     0     0     0     0     0     0     0
1454     0     0     0     0     0     0     0
1458     4.74793e-05     0.000394293     0.00039424     0.000394324     0.00020501     -1.87889e-05     0.000309111
1462     1.18698e-05     9.92721e-05     9.92588e-05     9.928e-05     5.14606e-05     -5.43182e-06     7.78336e-05
1466     4.74793e-05     0.00039954     0.000399486     0.000399572     0.000206948     -2.29674e-05     0.000313346
1470     1.18698e-05     0.000100476     0.000100463     0.000100484     5.20017e-05     -6.05335e-06     7.88225e-05
1474     3.56094e-05     0.00030429     0.000304249     0.000304314     0.000157462     -1.95262e-05     0.00023895
1478     7.12189e-05     0.00061192     0.000611838     0.000611969     0.000316387     -4.21868e-05     0.000480901
1482     2.37396e-05     0.000205079     0.000205052     0.000205095     0.000105968     -1.5067e-05     0.000161307
1486     4.74793e-05     0.000414096     0.000414041     0.000414129     0.000213851     -3.22698e-05     0.000326
1490     3.56094e-05     0.000312226     0.000312184     0.000312251     0.000161107     -2.54442e-05     0.000245913
1494     5.93491e-05     0.000523713     0.000523642     0.000523754     0.000269909     -4.44857e-05     0.000412566
1498     1.18698e-05     0.000105349     0.000105335     0.000105357     5.41256e-05     -9.65277e-06     8.29844e-05
1502     1.18698e-05     0.000106126     0.000106112     0.000106134     5.46537e-05     -9.85918e-06     8.3741e-05
1506     2.37396e-05     0.000213754     0.000213726     0.000213771     0.0001099     -2.11055e-05     0.000168764
1510     1.18698e-05     0.000107519     0.000107504     0.000107527     5.528e-05     -1.06161e-05     8.48887e-05
1514     1.18698e-05     0.00010847     0.000108455     0.000108478     5.55965e-05     -1.19735e-05     8.57414e-05
1518     1.18698e-05     0.000108717     0.000108702     0.000108725     5.57231e-05     -1.20008e-05     8.59367e-05
1522     0     0     0     0     0     0     0
1526     4.74793e-05     0.000441129     0.00044107     0.000441164     0.000226112     -5.1854e-05     0.000349339
1530     2.37396e-05     0.000222127     0.000222097     0.000222145     0.000113614     -2.73462e-05     0.000175939
1534     4.74793e-05     0.000446271     0.000446211     0.000446306     0.000227919     -5.66323e-05     0.00035351
1538     1.18698e-05     0.000112646     0.000112631     0.000112655     5.75323e-05     -1.47586e-05     8.93258e-05
1542     1.18698e-05     0.000113033     0.000113018     0.000113042     5.77109e-05     -1.53305e-05     8.97177e-05
1546     3.56094e-05     0.00034087     0.000340824     0.000340897     0.000173914     -4.69961e-05     0.0002706
1550     1.18698e-05     0.000114692     0.000114676     0.000114701     5.84963e-05     -1.66717e-05     9.11974e-05
1554     3.56094e-05     0.000346103     0.000346056     0.00034613     0.000176427     -5.10255e-05     0.000275259
1558     2.37396e-05     0.000232009     0.000231978     0.000232027     0.000118138     -3.51628e-05     0.000184592
1562     1.18698e-05     0.00011659     0.000116574     0.000116599     5.94214e-05     -1.80528e-05     9.28807e-05
1566     1.18698e-05     0.000117665     0.00011765     0.000117675     5.97643e-05     -1.92054e-05     9.37479e-05
1570     1.18698e-05     0.000118351     0.000118335     0.000118361     6.02403e-05     -1.95376e-05     9.44455e-05
1574     0     0     0     0     0     0     0
1578     0     0     0     0     0     0     0
1582     0     0     0     0     0     0     0
1586     0     0     0     0     0     0     0
1590     1.18698e-05     0.00012135     0.000121333     0.000121359     6.16197e-05     -2.19931e-05     9.70754e-05
1594     0     0     0     0     0     0     0
1598     3.56094e-05     0.000369498     0.000369448     0.000369527     0.000187271     -7.11389e-05     0.000296041
1602     1.18698e-05     0.000123987     0.00012397     0.000123997     6.29217e-05     -2.42375e-05     9.94733e-05
1606     1.18698e-05     0.000124215     0.000124199     0.000124225     6.30377e-05     -2.42822e-05     9.96567e-05
1610     1.18698e-05     0.00012497     0.000124954     0.00012498     6.34042e-05     -2.5036e-05     0.000100358
1614     0     0     0     0     0     0     0
1618     0     0     0     0     0     0     0
1622     1.18698e-05     0.00012776     0.000127742     0.00012777     6.46248e-05     -2.78399e-05     0.000102829
1626     1.18698e-05     0.000127969     0.000127952     0.000127979     6.47306e-05     -2.78855e-05     0.000102997
1630     0     0     0     0     0     0     0
1634     2.37396e-05     0.000259579     0.000259544     0.000259599     0.000131434     -5.92864e-05     0.000209506
1638     2.37396e-05     0.000260384     0.00026035     0.000260405     0.000131645     -6.05729e-05     0.000210182
1642     1.18698e-05     0.000131238     0.00013122     0.000131248     6.64038e-05     -3.10202e-05     0.000106062
1646     0     0     0     0     0     0     0
1650     0     0     0     0     0     0     0
1654     1.18698e-05     0.000133088     0.00013307     0.000133098     6.74829e-05     -3.23869e-05     0.000107828
1658     0     0     0     0     0     0     0
1662     0     0     0     0     0     0     0
1666     1.18698e-05     0.000135316     0.000135298     0.000135327     6.87051e-05     -3.4016e-05     0.000109888
1670     1.18698e-05     0.000136495     0.000136477     0.000136506     6.91004e-05     -3.61612e-05     0.000110984
1674     2.37396e-05     0.000274473     0.000274436     0.000274494     0.000139005     -7.3264e-05     0.000223304
1678     1.18698e-05     0.000137732     0.000137713     0.000137743     6.97806e-05     -3.70389e-05     0.000112121
1682     0     0     0     0     0     0     0
1686     1.18698e-05     0.000138961     0.000138943     0.000138972     7.03336e-05     -3.82439e-05     0.000113205
1690     2.37396e-05     0.000280294     0.000280256     0.000280316     0.000141934     -7.90936e-05     0.000228703
1694     0     0     0     0     0     0     0
1698     0     0     0     0     0     0     0
1702     2.37396e-05     0.000284958     0.00028492     0.000284981     0.000144175     -8.43396e-05     0.000233032
1706     0     0     0     0     0     0     0
1710     1.18698e-05     0.000143422     0.000143403     0.000143434     7.25989e-05     -4.31085e-05     0.000117414
1714     0     0     0     0     0     0     0
1718     2.37396e-05     0.000290141     0.000290102     0.000290164     0.000147332     -8.9024e-05     0.000238163
1722     3.56094e-05     0.00043819     0.000438131     0.000438225     0.000222832     -0.00013593     0.000360155
1726     1.18698e-05     0.000147122     0.000147102     0.000147134     7.46923e-05     -4.67346e-05     0.000120992
1730     0     0     0     0     0     0     0
1734     0     0     0     0     0     0     0
1738     0     0     0     0     0     0     0
1742     0     0     0     0     0     0     0
1746     0     0     0     0     0     0     0
1750     0     0     0     0     0     0     0
1754     0     0     0     0     0     0     0
1758     1.18698e-05     0.000153058     0.000153038     0.00015307     7.80274e-05     -5.27214e-05     0.000126711
1762     0     0     0     0     0     0     0
1766     0     0     0     0     0     0     0
1770     0     0     0     0     0     0     0
1774     0     0     0     0     0     0     0
1778     0     0     0     0     0     0     0
1782     0     0     0     0     0     0     0
1786     0     0     0     0     0     0     0
1790     1.18698e-05     0.000158846     0.000158824     0.000158858     8.11043e-05     -5.96681e-05     0.000132283
1794     1.18698e-05     0.000159429     0.000159408     0.000159442     8.169e-05     -6.00084e-05     0.000132994
1798     0     0     0     0     0     0     0
1802     0     0     0     0     0     0     0
1806     1.18698e-05     0.000161941     0.00016192     0.000161954     8.3092e-05     -6.34264e-05     0.000135497
1810     0     0     0     0     0     0     0
1814     1.18698e-05     0.000163561     0.000163539     0.000163574     8.39036e-05     -6.50486e-05     0.000136969
1818     0     0     0     0     0     0     0
1822     0     0     0     0     0     0     0
1826     1.18698e-05     0.000165641     0.000165619     0.000165654     8.50917e-05     -6.74625e-05     0.000139
1830     0     0     0     0     0     0     0
1834     3.56094e-05     0.000501738     0.000501671     0.000501778     0.00025849     -0.000208137     0.000422045
1838     0     0     0     0     0     0     0
1842     0     0     0     0     0     0     0
1846     0     0     0     0     0     0     0
1850     1.18698e-05     0.000171022     0.000170999     0.000171035     8.83795e-05     -7.41954e-05     0.000144453
1854     0     0     0     0     0     0     0
1858     0     0     0     0     0     0     0
1862     0     0     0     0     0     0     0
1866     0     0     0     0     0     0     0
1870     0     0     0     0     0     0     0
1874     0     0     0     0     0     0     0
1878     2.37396e-05     0.000352117     0.00035207     0.000352145     0.000183407     -0.000159148     0.000299163
1882     0     0     0     0     0     0     0
1886     0     0     0     0     0     0     0
1890     1.18698e-05     0.000178465     0.000178441     0.000178479     9.28698e-05     -8.30919e-05     0.000151848
1894     0     0     0     0     0     0     0
1898     0     0     0     0     0     0     0
1902     0     0     0     0     0     0     0
1906     0     0     0     0     0     0     0
1910     1.18698e-05     0.000182246     0.000182222     0.000182261     9.54874e-05     -8.73728e-05     0.000155785
1914     0     0     0     0     0     0     0
1918     0     0     0     0     0     0     0
1922     0     0     0     0     0     0     0
1926     0     0     0     0     0     0     0
1930     0     0     0     0     0     0     0
1934     0     0     0     0     0     0     0
1938     0     0     0     0     0     0     0
1942     0     0     0     0     0     0     0
1946     0     0     0     0     0     0     0
1950     0     0     0     0     0     0     0
1954     0     0     0     0     0     0     0
1958     0     0     0     0     0     0     0
1962     0     0     0     0     0     0     0
1966     0     0     0     0     0     0     0
1970     1.18698e-05     0.000194535     0.000194509     0.000194551     0.000103765     -0.000103325     0.000168543
1974     1.18698e-05     0.000194829     0.000194803     0.000194844     0.000103921     -0.00010348     0.000168797
1978     0     0     0     0     0     0     0
1982     0     0     0     0     0     0     0
1986     1.18698e-05     0.000197601     0.000197574     0.000197616     0.000105857     -0.000107233     0.000171711
1990     2.37396e-05     0.000397203     0.00039715     0.000397234     0.00021326     -0.000216543     0.000345551
1994     0     0     0     0     0     0     0
1998     0     0     0     0     0     0     0
2002     0     0     0     0     0     0     0
2006     1.18698e-05     0.000201518     0.000201491     0.000201534     0.000211848     0.000221122     0.000206857
2010     0     0     0     0     0     0     0
2014     0     0     0     0     0     0     0
2018     0     0     0     0     0     0     0
2022     0     0     0     0     0     0     0
2026     1.18698e-05     0.000205945     0.000205918     0.000205962     0.000216503     0.00022598     0.000211402
2030     1.18698e-05     0.000206487     0.000206459     0.000206503     0.000217072     0.000226575     0.000211958
2034     0     0     0     0     0     0     0
2038     0     0     0     0     0     0     0
2042     0     0     0     0     0     0     0
2046     0     0     0     0     0     0     0
2050     0     0     0     0     0     0     0
2054     1.18698e-05     0.000211647     0.000211618     0.000211663     0.000222496     0.000232236     0.000217254
2058     0     0     0     0     0     0     0
2062     0     0     0     0     0     0     0
2066     0     0     0     0     0     0     0
2070     0     0     0     0     0     0     0
2074     0     0     0     0     0     0     0
2078     0     0     0     0     0     0     0
2082     0     0     0     0     0     0     0
2086     0     0     0     0     0     0     0
2090     0     0     0     0     0     0     0
2094     0     0     0     0     0     0     0
2098     0     0     0     0     0     0     0
2102     0     0     0     0     0     0     0
2106     0     0     0     0     0     0     0
2110     0     0     0     0     0     0     0
2114     0     0     0     0     0     0     0
2118     1.18698e-05     0.000224349     0.000224319     0.000224367     0.00023585     0.000246174     0.000230293
2122     0     0     0     0     0     0     0
2126     0     0     0     0     0     0     0
2130     0     0     0     0     0     0     0
2134     0     0     0     0     0     0     0
2138     1.18698e-05     0.000228378     0.000228348     0.000228396     0.000240086     0.000250596     0.000234429
2142     0     0     0     0     0     0     0
2146     0     0     0     0     0     0     0
2150     0     0     0     0     0     0     0
2154     0     0     0     0     0     0     0
2158     0     0     0     0     0     0     0
2162     0     0     0     0     0     0     0
2166     0     0     0     0     0     0     0
2170     0     0     0     0     0     0     0
2174     0     0     0     0     0     0     0
2178     0     0     0     0     0     0     0
2182     0     0     0     0     0     0     0
2186     1.18698e-05     0.000238315     0.000238283     0.000238334     0.000250532     0.000261499     0.000244629
2190     0     0     0     0     0     0     0
2194     0     0     0     0     0     0     0
2198     0     0     0     0     0     0     0
2202     0     0     0     0     0     0     0
2206     0     0     0     0     0     0     0
2210     0     0     0     0     0     0     0
2214     1.18698e-05     0.000244461     0.000244428     0.00024448     0.000256993     0.000268243     0.000250938
2218     0     0     0     0     0     0     0
2222     0     0     0     0     0     0     0
2226     0     0     0     0     0     0     0
2230     0     0     0     0     0     0     0
2234     0     0     0     0     0     0     0
2238     0     0     0     0     0     0     0
2242     0     0     0     0     0     0     0
2246     0     0     0     0     0     0     0
2250     0     0     0     0     0     0     0
2254     0     0     0     0     0     0     0
2258     0     0     0     0     0     0     0
2262     0     0     0     0     0     0     0
2266     0     0     0     0     0     0     0
2270     0     0     0     0     0     0     0
2274     0     0     0     0     0     0     0
2278     0     0     0     0     0     0     0
2282     0     0     0     0     0     0     0
2286     0     0     0     0     0     0     0
2290     0     0     0     0     0     0     0
2294     0     0     0     0     0     0     0
2298     0     0     0     0     0     0     0
2302     0     0     0     0     0     0     0
2306     0     0     0     0     0     0     0
2310     0     0     0     0     0     0     0
2314     0     0     0     0     0     0     0
2318     0     0     0     0     0     0     0
2322     0     0     0     0     0     0     0
2326     0     0     0     0     0     0     0
2330     0     0     0     0     0     0     0
2334     0     0     0     0     0     0     0
2338     0     0     0     0     0     0     0
2342     0     0     0     0     0     0     0
2346     0     0     0     0     0     0     0
2350     0     0     0     0     0     0     0
2354     0     0     0     0     0     0     0
2358     0     0     0     0     0     0     0
2362     0     0     0     0     0     0     0
2366     0     0     0     0     0     0     0
2370     0     0     0     0     0     0     0
2374     0     0     0     0     0     0     0
2378     0     0     0     0     0     0     0
2382     0     0     0     0     0     0     0
2386     0     0     0     0     0     0     0
2390     0     0     0     0     0     0     0
2394     0     0     0     0     0     0     0
2398     0     0     0     0     0     0     0
2402     0     0     0     0     0     0     0
2406     0     0     0     0     0     0     0
2410     0     0     0     0     0     0     0
2414     0     0     0     0     0     0     0
2418     0     0     0     0     0     0     0
2422     0     0     0     0     0     0     0
2426     0     0     0     0     0     0     0
2430     0     0     0     0     0     0     0
2434     0     0     0     0     0     0     0
2438     0     0     0     0     0     0     0
2442     0     0     0     0     0     0     0
2446     0     0     0     0     0     0     0
2450     0     0     0     0     0     0     0
2454     0     0     0     0     0     0     0
2458     0     0     0     0     0     0     0
2462     0     0     0     0     0     0     0
2466     0     0     0     0     0     0     0
2470     0     0     0     0     0     0     0
2474     0     0     0     0     0     0     0
2478     0     0     0     0     0     0     0
2482     0     0     0     0     0     0     0
2486     0     0     0     0     0     0     0
2490     0     0     0     0     0     0     0
2494     0     0     0     0     0     0     0
2498     0     0     0     0     0     0     0
2502     0     0     0     0     0     0     0
2506     0     0     0     0     0     0     0
2510     0     0     0     0     0     0     0
2514     0     0     0     0     0     0     0
2518     0     0     0     0     0     0     0
2522     0     0     0     0     0     0     0
2526     0     0     0     0     0     0     0
2530     0     0     0     0     0     0     0
2534     0     0     0     0     0     0     0
2538     0     0     0     0     0     0     0
2542     0     0     0     0     0     0     0
2546     0     0     0     0     0     0     0
2550     0     0     0     0     0     0     0
2554     0     0     0     0     0     0     0
2558     0     0     0     0     0     0     0
2562     0     0     0     0     0     0     0
2566     0     0     0     0     0     0     0
2570     0     0     0     0     0     0     0
2574     0     0     0     0     0     0     0
2578     0     0     0     0     0     0     0
2582     0     0     0     0     0     0     0
2586     0     0     0     0     0     0     0
2590     0     0     0     0     0     0     0
2594     0     0     0     0     0     0     0
2598     0     0     0     0     0     0     0
2602     0     0     0     0     0     0     0
2606     0     0     0     0     0     0     0
2610     0     0     0     0     0     0     0
2614     0     0     0     0     0     0     0
2618     0     0     0     0     0     0     0
2622     0     0     0     0     0     0     0
2626     0     0     0     0     0     0     0
2630     0     0     0     0     0     0     0
2634     0     0     0     0     0     0     0
2638     0     0     0     0     0     0     0
2642     0     0     0     0     0     0     0
2646     0     0     0     0     0     0     0
2650     0     0     0     0     0     0     0
2654     0     0     0     0     0     0     0
2658     0     0     0     0     0     0     0
2662     0     0     0     0     0     0     0
2666     0     0     0     0     0     0     0
2670     0     0     0     0     0     0     0
2674     0     0     0     0     0     0     0
2678     0     0     0     0     0     0     0
2682     0     0     0     0     0     0     0
2686     0     0     0     0     0     0     0
2690     0     0     0     0     0     0     0
2694     0     0     0     0     0     0     0
2698     0     0     0     0     0     0     0
2702     0     0     0     0     0     0     0
2706     0     0     0     0     0     0     0
2710     0     0     0     0     0     0     0
2714     0     0     0     0     0     0     0
2718     0     0     0     0     0     0     0
2722     0     0     0     0     0     0     0
2726     0     0     0     0     0     0     0
2730     0     0     0     0     0     0     0
2734     0     0     0     0     0     0     0
2738     0     0     0     0     0     0     0
2742     0     0     0     0     0     0     0
2746     0     0     0     0     0     0     0
2750     0     0     0     0     0     0     0
2754     0     0     0     0     0     0     0
2758     0     0     0     0     0     0     0
2762     0     0     0     0     0     0     0
2766     0     0     0     0     0     0     0
2770     0     0     0     0     0     0     0
2774     0     0     0     0     0     0     0
2778     0     0     0     0     0     0     0
2782     0     0     0     0     0     0     0
2786     0     0     0     0     0     0     0
2790     0     0     0     0     0     0     0
2794     0     0     0     0     0     0     0
2798     0     0     0     0     0     0     0
2802     0     0     0     0     0     0     0
2806     0     0     0     0     0     0     0
2810     0     0     0     0     0     0     0
2814     0     0     0     0     0     0     0
2818     0     0     0     0     0     0     0
2822     0     0     0     0     0     0     0
2826     0     0     0     0     0     0     0
2830     0     0     0     0     0     0     0
2834     0     0     0     0     0     0     0
2838     0     0     0     0     0     0     0
2842     0     0     0     0     0     0     0
2846     0     0     0     0     0     0     0
2850     0     0     0     0     0     0     0
2854     0     0     0     0     0     0     0
2858     0     0     0     0     0     0     0
2862     0     0     0     0     0     0     0
2866     0     0     0     0     0     0     0
2870     0     0     0     0     0     0     0
2874     0     0     0     0     0     0     0
2878     0     0     0     0     0     0     0
2882     0     0     0     0     0     0     0
2886     0     0     0     0     0     0     0
2890     0     0     0     0     0     0     0
2894     0     0     0     0     0     0     0
2898     0     0     0     0     0     0     0
2902     0     0     0     0     0     0     0
2906     0     0     0     0     0     0     0
2910     0     0     0     0     0     0     0
2914     0     0     0     0     0     0     0
2918     0     0     0     0     0     0     0
2922     0     0     0     0     0     0     0
2926     0     0     0     0     0     0     0
2930     0     0     0     0     0     0     0
2934     0     0     0     0     0     0     0
2938     0     0     0     0     0     0     0
2942     0     0     0     0     0     0     0
2946     0     0     0     0     0     0     0
2950     0     0     0     0     0     0     0
2954     0     0     0     0     0     0     0
2958     0     0     0     0     0     0     0
2962     0     0     0     0     0     0     0
2966     0     0     0     0     0     0     0
2970     0     0     0     0     0     0     0
2974     0     0     0     0     0     0     0
2978     0     0     0     0     0     0     0
2982     0     0     0     0     0     0     0
2986     0     0     0     0     0     0     0
2990     0     0     0     0     0     0     0
2994     0     0     0     0     0     0     0
2998     0     0     0     0     0     0     0
3002     0     0     0     0     0     0     0
3006     0     0     0     0     0     0     0
3010     0     0     0     0     0     0     0
3014     0     0     0     0     0     0     0
3018     0     0     0     0     0     0     0
3022     0     0     0     0     0     0     0
3026     0     0     0     0     0     0     0
3030     0     0     0     0     0     0     0
3034     0     0     0     0     0     0     0
3038     0     0     0     0     0     0     0
3042     0     0     0     0     0     0     0
3046     0     0     0     0     0     0     0
3050     0     0     0     0     0     0     0
3054     0     0     0     0     0     0     0
3058     0     0     0     0     0     0     0
3062     0     0     0     0     0     0     0
3066     0     0     0     0     0     0     0
3070     0     0     0     0     0     0     0
3074     0     0     0     0     0     0     0
3078     0     0     0     0     0     0     0
3082     0     0     0     0     0     0     0
3086     0     0     0     0     0     0     0
3090     0     0     0     0     0     0     0
3094     0     0     0     0     0     0     0
3098     0     0     0     0     0     0     0
3102     0     0     0     0     0     0     0
3106     0     0     0     0     0     0     0
3110     0     0     0     0     0     0     0
3114     0     0     0     0     0     0     0
3118     0     0     0     0     0     0     0
3122     0     0     0     0     0     0     0
3126     0     0     0     0     0     0     0
3130     0     0     0     0     0     0     0
3134     0     0     0     0     0     0     0
3138     0     0     0     0     0     0     0
3142     0     0     0     0     0     0     0
3146     0     0     0     0     0     0     0
3150     0     0     0     0     0     0     0
3154     0     0     0     0     0     0     0
3158     0     0     0     0     0     0     0
3162     0     0     0     0     0     0     0
3166     0     0     0     0     0     0     0
3170     0     0     0     0     0     0     0
3174     0     0     0     0     0     0     0
3178     0     0     0     0     0     0     0
3182     0     0     0     0     0     0     0
3186     0     0     0     0     0     0     0
3190     0     0     0     0     0     0     0
3194     0     0     0     0     0     0     0
3198     0     0     0     0     0     0     0
3202     0     0     0     0     0     0     0
3206     0     0     0     0     0     0     0
3210     0     0     0     0     0     0     0
3214     0     0     0     0     0     0     0
3218     0     0     0     0     0     0     0
3222     0     0     0     0     0     0     0
3226     0     0     0     0     0     0     0
3230     0     0     0     0     0     0     0
3234     0     0     0     0     0     0     0
3238     0     0     0     0     0     0     0
3242     0     0     0     0     0     0     0
3246     0     0     0     0     0     0     0
3250     0     0     0     0     0     0     0
3254     0     0     0     0     0     0     0
3258     0     0     0     0     0     0     0
3262     0     0     0     0     0     0     0
3266     0     0     0     0     0     0     0
3270     0     0     0     0     0     0     0
3274     0     0     0     0     0     0     0
3278     0     0     0     0     0     0     0
3282     0     0     0     0     0     0     0
3286     0     0     0     0     0     0     0
3290     0     0     0     0     0     0     0
3294     0     0     0     0     0     0     0
3298     0     0     0     0     0     0     0
3302     0     0     0     0     0     0     0
3306     0     0     0     0     0     0     0
3310     0     0     0     0     0     0     0
3314     0     0     0     0     0     0     0
3318     0     0     0     0     0     0     0
3322     0     0     0     0     0     0     0
3326     0     0     0     0     0     0     0
3330     0     0     0     0     0     0     0
3334     0     0     0     0     0     0     0
3338     0     0     0     0     0     0     0
3342     0     0     0     0     0     0     0
3346     0     0     0     0     0     0     0
3350     0     0     0     0     0     0     0
3354     0     0     0     0     0     0     0
3358     0     0     0     0     0     0     0
3362     0     0     0     0     0     0     0
3366     0     0     0     0     0     0     0
3370     0     0     0     0     0     0     0
3374     0     0     0     0     0     0     0
3378     0     0     0     0     0     0     0
3382     0     0     0     0     0     0     0
3386     0     0     0     0     0     0     0
3390     0     0     0     0     0     0     0
3394     0     0     0     0     0     0     0
3398     0     0     0     0     0     0     0
3402     0     0     0     0     0     0     0
3406     0     0     0     0     0     0     0
3410     0     0     0     0     0     0     0
3414     0     0     0     0     0     0     0
3418     0     0     0     0     0     0     0
3422     0     0     0     0     0     0     0
3426     0     0     0     0     0     0     0
3430     0     0     0     0     0     0     0
3434     0     0     0     0     0     0     0
3438     0     0     0     0     0     0     0
3442     0     0     0     0     0     0     0
3446     0     0     0     0     0     0     0
3450     0     0     0     0     0     0     0
3454     0     0     0     0     0     0     0
3458     0     0     0     0     0     0     0
3462     0     0     0     0     0     0     0
3466     0     0     0     0     0     0     0
3470     0     0     0     0     0     0     0
3474     0     0     0     0     0     0     0
3478     0     0     0     0     0     0     0
3482     0     0     0     0     0     0     0
3486     0     0     0     0     0     0     0
3490     0     0     0     0     0     0     0
3494     0     0     0     0     0     0     0
3498     0     0     0     0     0     0     0
3502     0     0     0     0     0     0     0
3506     0     0     0     0     0     0     0
3510     0     0     0     0     0     0     0
3514     0     0     0     0     0     0     0
3518     0     0     0     0     0     0     0
3522     0     0     0     0     0     0     0
3526     0     0     0     0     0     0     0
3530     0     0     0     0     0     0     0
3534     0     0     0     0     0     0     0
3538     0     0     0     0     0     0     0
3542     0     0     0     0     0     0     0
3546     0     0     0     0     0     0     0
3550     0     0     0     0     0     0     0
3554     0     0     0     0     0     0     0
3558     0     0     0     0     0     0     0
3562     0     0     0     0     0     0     0
3566     0     0     0     0     0     0     0
3570     0     0     0     0     0     0     0
3574     0     0     0     0     0     0     0
3578     0     0     0     0     0     0     0
3582     0     0     0     0     0     0     0
3586     0     0     0     0     0     0     0
3590     0     0     0     0     0     0     0
3594     0     0     0     0     0     0     0
3598     0     0     0     0     0     0     0
3602     0     0     0     0     0     0     0
3606     0     0     0     0     0     0     0
3610     0     0     0     0     0     0     0
3614     0     0     0     0     0     0     0
3618     0     0     0     0     0     0     0
3622     0     0     0     0     0     0     0
3626     0     0     0     0     0     0     0
3630     0     0     0     0     0     0     0
3634     0     0     0     0     0     0     0
3638     0     0     0     0     0     0     0
3642     0     0     0     0     0     0     0
3646     0     0     0     0     0     0     0
3650     0     0     0     0     0     0     0
3654     0     0     0     0     0     0     0
3658     0     0     0     0     0     0     0
3662     0     0     0     0     0     0     0
3666     0     0     0     0     0     0     0
3670     0     0     0     0     0     0     0
3674     0     0     0     0     0     0     0
3678     0     0     0     0     0     0     0
3682     0     0     0     0     0     0     0
3686     0     0     0     0     0     0     0
3690     0     0     0     0     0     0     0
3694     0     0     0     0     0     0     0
3698     0     0     0     0     0     0     0
3702     0     0     0     0     0     0     0
3706     0     0     0     0     0     0     0
3710     0     0     0     0     0     0     0
3714     0     0     0     0     0     0     0
3718     0     0     0     0     0     0     0
3722     0     0     0     0     0     0     0
3726     0     0     0     0     0     0     0
3730     0     0     0     0     0     0     0
3734     0     0     0     0     0     0     0
3738     0     0     0     0     0     0     0
3742     0     0     0     0     0     0     0
3746     0     0     0     0     0     0     0
3750     0     0     0     0     0     0     0
3754     0     0     0     0     0     0     0
3758     0     0     0     0     0     0     0
3762     0     0     0     0     0     0     0
3766     0     0     0     0     0     0     0
3770     0     0     0     0     0     0     0
3774     0     0     0     0     0     0     0
3778     0     0     0     0     0     0     0
3782     0     0     0     0     0     0     0
3786     0     0     0     0     0     0     0
3790     0     0     0     0     0     0     0
3794     0     0     0     0     0     0     0
3798     0     0     0     0     0     0     0
3802     0     0     0     0     0     0     0
3806     0     0     0     0     0     0     0
3810     0     0     0     0     0     0     0
3814     0     0     0     0     0     0     0
3818     0     0     0     0     0     0     0
3822     0     0     0     0     0     0     0
3826     0     0     0     0     0     0     0
3830     0     0     0     0     0     0     0
3834     0     0     0     0     0     0     0
3838     0     0     0     0     0     0     0
3842     0     0     0     0     0     0     0
3846     0     0     0     0     0     0     0
3850     0     0     0     0     0     0     0
3854     0     0     0     0     0     0     0
3858     0     0     0     0     0     0     0
3862     0     0     0     0     0     0     0
3866     0     0     0     0     0     0     0
3870     0     0     0     0     0     0     0
3874     0     0     0     0     0     0     0
3878     0     0     0     0     0     0     0
3882     0     0     0     0     0     0     0
3886     0     0     0     0     0     0     0
3890     0     0     0     0     0     0     0
3894     0     0     0     0     0     0     0
3898     0     0     0     0     0     0     0
3902     0     0     0     0     0     0     0
3906     0     0     0     0     0     0     0
3910     0     0     0     0     0     0     0
3914     0     0     0     0     0     0     0
3918     0     0     0     0     0     0     0
3922     0     0     0     0     0     0     0
3926     0     0     0     0     0     0     0
3930     0     0     0     0     0     0     0
3934     0     0     0     0     0     0     0
3938     0     0     0     0     0     0     0
3942     0     0     0     0     0     0     0
3946     0     0     0     0     0     0     0
3950     0     0     0     0     0     0     0
3954     0     0     0     0     0     0     0
3958     0     0     0     0     0     0     0
3962     0     0     0     0     0     0     0
3966     0     0     0     0     0     0     0
3970     0     0     0     0     0     0     0
3974     0     0     0     0     0     0     0
3978     0     0     0     0     0     0     0
3982     0     0     0     0     0     0     0
3986     0     0     0     0     0     0     0
3990     0     0     0     0     0     0     0
3994     0     0     0     0     0     0     0
3998     0     0     0     0     0     0     0
