2     0     0     0     0     0     0     0
6     1.03334e-05     1.75408e-08     1.75395e-08     1.75415e-08     1.85337e-08     1.96366e-08     1.79868e-08
10     6.20004e-06     5.35237e-09     5.35199e-09     5.3526e-09     5.65534e-09     5.9919e-09     5.48849e-09
14     2.06668e-05     1.31423e-08     1.31414e-08     1.31429e-08     1.38862e-08     1.47126e-08     1.34765e-08
18     2.48001e-05     1.10663e-08     1.10655e-08     1.10668e-08     1.16927e-08     1.23885e-08     1.13477e-08
22     3.30669e-05     1.15567e-08     1.15559e-08     1.15572e-08     1.22109e-08     1.29376e-08     1.18506e-08
26     4.34003e-05     1.19434e-08     1.19425e-08     1.19439e-08     1.26194e-08     1.33704e-08     1.22471e-08
30     7.02671e-05     1.62026e-08     1.62015e-08     1.62033e-08     1.71198e-08     1.81386e-08     1.66147e-08
34     5.99337e-05     1.14467e-08     1.14459e-08     1.14472e-08     1.20946e-08     1.28144e-08     1.17378e-08
38     8.26672e-05     1.37919e-08     1.37909e-08     1.37925e-08     1.45726e-08     1.54398e-08     1.41426e-08
42     0.000138467     2.00783e-08     2.00769e-08     2.00791e-08     2.12148e-08     2.24773e-08     2.05889e-08
46     0.000105401     1.33631e-08     1.33622e-08     1.33637e-08     1.41196e-08     1.49598e-08     1.3703e-08
50     9.71339e-05     1.10164e-08     1.10156e-08     1.10169e-08     1.164e-08     1.23327e-08     1.12966e-08
54     0.000142601     1.48204e-08     1.48194e-08     1.48211e-08     1.56594e-08     1.65913e-08     1.51974e-08
58     0.000155001     1.48407e-08     1.48396e-08     1.48413e-08     1.56807e-08     1.66139e-08     1.52181e-08
62     0.000159134     1.40406e-08     1.40396e-08     1.40412e-08     1.48353e-08     1.57182e-08     1.43976e-08
66     0.000202535     1.67878e-08     1.67866e-08     1.67885e-08     1.7738e-08     1.87937e-08     1.72147e-08
70     0.000221135     1.74569e-08     1.74557e-08     1.74577e-08     1.84451e-08     1.95428e-08     1.79009e-08
74     0.000233535     1.76581e-08     1.76569e-08     1.76589e-08     1.86576e-08     1.9768e-08     1.81072e-08
78     0.000223201     1.63666e-08     1.63655e-08     1.63673e-08     1.72931e-08     1.83222e-08     1.67828e-08
82     0.000241801     1.72999e-08     1.72987e-08     1.73007e-08     1.82792e-08     1.9367e-08     1.77399e-08
86     0.000217001     1.52949e-08     1.52938e-08     1.52955e-08     1.61607e-08     1.71224e-08     1.56839e-08
90     0.000299668     2.09473e-08     2.09458e-08     2.09482e-08     2.2133e-08     2.34502e-08     2.148e-08
94     0.000274868     1.91828e-08     1.91815e-08     1.91836e-08     2.02687e-08     2.14749e-08     1.96707e-08
98     0.000336869     2.36031e-08     2.36014e-08     2.36041e-08     2.49391e-08     2.64233e-08     2.42033e-08
102     0.000347202     2.45261e-08     2.45244e-08     2.45272e-08     2.59144e-08     2.74566e-08     2.51499e-08
106     0.000351335     2.51516e-08     2.51498e-08     2.51527e-08     2.65753e-08     2.81568e-08     2.57912e-08
110     0.000396802     2.90676e-08     2.90655e-08     2.90688e-08     3.0713e-08     3.25407e-08     2.98068e-08
114     0.000330669     2.51252e-08     2.51234e-08     2.51263e-08     2.65474e-08     2.81273e-08     2.57642e-08
118     0.000349269     2.80148e-08     2.80128e-08     2.8016e-08     2.96005e-08     3.13621e-08     2.87272e-08
122     0.000429869     3.68522e-08     3.68496e-08     3.68538e-08     3.89383e-08     4.12555e-08     3.77894e-08
126     0.000398869     3.78967e-08     3.78941e-08     3.78984e-08     4.00419e-08     4.24248e-08     3.88605e-08
130     0.000425736     4.56203e-08     4.56171e-08     4.56223e-08     4.82027e-08     5.10713e-08     4.67805e-08
134     0.000409202     5.10699e-08     5.10663e-08     5.10721e-08     5.39607e-08     5.7172e-08     5.23687e-08
138     0.000434003     6.50296e-08     6.5025e-08     6.50324e-08     6.87106e-08     7.27997e-08     6.66834e-08
142     0.00048567     9.08703e-08     9.08638e-08     9.08741e-08     9.6014e-08     1.01728e-07     9.31812e-08
146     0.000456736     1.09624e-07     1.09616e-07     1.09628e-07     1.15829e-07     1.22722e-07     1.12412e-07
150     0.00048567     1.64296e-07     1.64284e-07     1.64303e-07     1.73596e-07     1.83927e-07     1.68474e-07
154     0.000473269     2.3786e-07     2.37844e-07     2.37871e-07     2.51325e-07     2.66281e-07     2.4391e-07
158     0.00051667     4.95753e-07     4.95718e-07     4.95774e-07     5.23815e-07     5.54988e-07     5.08361e-07
162     0.000462936     1.15341e-06     1.15332e-06     1.15345e-06     1.21869e-06     1.29122e-06     1.18274e-06
166     0.000539403     2.53918e-06     2.539e-06     2.53929e-06     2.68291e-06     2.84258e-06     2.60376e-06
170     0.00057247     3.62395e-06     3.6237e-06     3.62411e-06     3.82909e-06     4.05696e-06     3.71611e-06
174     0.000551803     4.28354e-06     4.28324e-06     4.28372e-06     4.52601e-06     4.79536e-06     4.39248e-06
178     0.000558003     5.13275e-06     5.13239e-06     5.13297e-06     5.42329e-06     5.74604e-06     5.26329e-06
182     0.000555937     6.1612e-06     6.16077e-06     6.16147e-06     6.50996e-06     6.89738e-06     6.31789e-06
186     0.000607604     8.111e-06     8.11043e-06     8.11135e-06     8.57013e-06     9.08015e-06     8.31728e-06
190     0.000682004     1.05986e-05     1.05978e-05     1.0599e-05     1.11985e-05     1.1865e-05     1.08681e-05
194     0.000715071     1.25795e-05     1.25787e-05     1.25801e-05     1.32916e-05     1.40826e-05     1.28995e-05
198     0.000717138     1.39281e-05     1.39271e-05     1.39287e-05     1.47165e-05     1.55923e-05     1.42823e-05
202     0.000725404     1.53347e-05     1.53336e-05     1.53353e-05     1.62027e-05     1.7167e-05     1.57247e-05
206     0.000686137     1.58108e-05     1.58097e-05     1.58115e-05     1.67058e-05     1.77e-05     1.62129e-05
210     0.000671671     1.67957e-05     1.67946e-05     1.67964e-05     1.77681e-05     1.88351e-05     1.72378e-05
214     0.000729538     1.96102e-05     1.96089e-05     1.9611e-05     2.07672e-05     2.20238e-05     2.01413e-05
218     0.000665471     1.9162e-05     1.91607e-05     1.91628e-05     2.02917e-05     2.15192e-05     1.96803e-05
222     0.000764671     2.35088e-05     2.35072e-05     2.35097e-05     2.49009e-05     2.64101e-05     2.41489e-05
226     0.000785338     2.55974e-05     2.55956e-05     2.55984e-05     2.71143e-05     2.8758e-05     2.6295e-05
230     0.000702671     2.43754e-05     2.43737e-05     2.43764e-05     2.58228e-05     2.73896e-05     2.50417e-05
234     0.000758471     2.79179e-05     2.7916e-05     2.7919e-05     2.95789e-05     3.1375e-05     2.86833e-05
238     0.000746071     2.90379e-05     2.9036e-05     2.90391e-05     3.07668e-05     3.26356e-05     2.98348e-05
242     0.000820472     3.36988e-05     3.36966e-05     3.37002e-05     3.57091e-05     3.788e-05     3.46263e-05
246     0.000876272     3.7969e-05     3.79665e-05     3.79705e-05     4.02457e-05     4.26975e-05     3.90219e-05
250     0.000779138     3.54803e-05     3.54779e-05     3.54817e-05     3.76106e-05     3.99031e-05     3.64661e-05
254     0.000930006     4.46152e-05     4.46122e-05     4.46169e-05     4.72964e-05     5.01803e-05     4.58565e-05
258     0.000876272     4.41465e-05     4.41436e-05     4.41483e-05     4.68059e-05     4.96626e-05     4.53793e-05
262     0.000923806     4.87386e-05     4.87354e-05     4.87405e-05     5.16881e-05     5.48486e-05     5.01089e-05
266     0.00100027     5.52802e-05     5.52765e-05     5.52823e-05     5.86252e-05     6.22097e-05     5.68341e-05
270     0.000944472     5.45661e-05     5.45625e-05     5.45682e-05     5.78769e-05     6.14197e-05     5.6106e-05
274     0.000834938     5.04458e-05     5.04425e-05     5.04478e-05     5.35189e-05     5.68005e-05     5.18777e-05
278     0.00101681     6.41298e-05     6.41255e-05     6.41322e-05     6.80511e-05     7.22306e-05     6.596e-05
282     0.000932072     6.13905e-05     6.13865e-05     6.13929e-05     6.51517e-05     6.91563e-05     6.31475e-05
286     0.000956872     6.5668e-05     6.56637e-05     6.56705e-05     6.9706e-05     7.39969e-05     6.75576e-05
290     0.000989939     7.06955e-05     7.06908e-05     7.06981e-05     7.50625e-05     7.96918e-05     7.27432e-05
294     0.00102094     7.58283e-05     7.58233e-05     7.58311e-05     8.0535e-05     8.55121e-05     7.80401e-05
298     0.00100854     7.78516e-05     7.78465e-05     7.78545e-05     8.27107e-05     8.78346e-05     8.01405e-05
302     0.00101061     8.09258e-05     8.09206e-05     8.09288e-05     8.5976e-05     9.13021e-05     8.33043e-05
306     0.00105401     8.76654e-05     8.76597e-05     8.76686e-05     9.31687e-05     9.89546e-05     9.02642e-05
310     0.00104987     9.04982e-05     9.04924e-05     9.05015e-05     9.62159e-05     0.000102207     9.3206e-05
314     0.00102921     9.19678e-05     9.19619e-05     9.19711e-05     9.78145e-05     0.000103921     9.47444e-05
318     0.00111601     0.000103171     0.000103165     0.000103175     0.000109762     0.000116628     0.000106308
322     0.00110774     0.000105964     0.000105957     0.000105967     0.000112795     0.000119878     0.000109228
326     0.00117801     0.000116394     0.000116386     0.000116398     0.000123959     0.000131769     0.000120021
330     0.00116147     0.000118465     0.000118458     0.000118469     0.000126221     0.000134198     0.000122196
334     0.00126481     0.000133082     0.000133074     0.000133086     0.000141854     0.000150841     0.000137314
338     0.00119661     0.000129929     0.000129921     0.000129934     0.000138545     0.000147343     0.000134099
342     0.00125861     0.000140956     0.000140947     0.00014096     0.00015042     0.000160014     0.000145562
346     0.00130201     0.000150786     0.000150777     0.000150791     0.00016097     0.000171252     0.000155759
350     0.00125034     0.000150535     0.000150526     0.000150539     0.000160875     0.00017122     0.000155621
354     0.00127927     0.00016105     0.000161041     0.000161055     0.000172285     0.000183438     0.00016661
358     0.00136814     0.000180611     0.000180601     0.000180617     0.00019334     0.000205916     0.000186932
362     0.00143841     0.000198708     0.000198697     0.000198714     0.000212892     0.000226828     0.000205781
366     0.00137641     0.000198738     0.000198727     0.000198744     0.000213258     0.000227365     0.000206038
370     0.00125241     0.000188732     0.000188721     0.000188737     0.000202863     0.000216435     0.000195896
374     0.00136194     0.000213866     0.000213854     0.000213872     0.000230115     0.000245617     0.000222142
378     0.00146321     0.000239735     0.000239722     0.000239741     0.000257956     0.000275349     0.000249012
382     0.00136814     0.000233336     0.000233324     0.000233342     0.000251483     0.000268633     0.000242639
386     0.00143428     0.000253965     0.000253952     0.000253971     0.000274042     0.000292885     0.000264306
390     0.00137434     0.000252319     0.000252306     0.000252325     0.000272567     0.00029145     0.000262792
394     0.00155208     0.00029485     0.000294835     0.000294856     0.000318872     0.000341134     0.000307328
398     0.00162854     0.000319915     0.000319899     0.000319922     0.000346456     0.000370867     0.000333771
402     0.00162234     0.00032937     0.000329353     0.000329377     0.000357244     0.000382678     0.000343996
406     0.00158928     0.000332983     0.000332967     0.00033299     0.000361664     0.000387652     0.000348099
410     0.00165128     0.000357069     0.000357052     0.000357076     0.000388346     0.0004165     0.000373621
414     0.00157068     0.000349996     0.00034998     0.000350003     0.000381145     0.000409013     0.000366543
418     0.00163268     0.000374135     0.000374117     0.000374141     0.00040792     0.000437981     0.000392143
422     0.00167814     0.000395331     0.000395313     0.000395338     0.000431886     0.000464128     0.000414918
426     0.00163474     0.000395367     0.000395349     0.000395373     0.000432633     0.000465274     0.000415418
430     0.00171741     0.000426644     0.000426625     0.00042665     0.000467718     0.000503417     0.000448845
434     0.00182901     0.00046609     0.000466069     0.000466096     0.000511773     0.000551222     0.000490877
438     0.00170501     0.000445847     0.000445828     0.000445853     0.000490278     0.000528418     0.000470037
442     0.00178561     0.000478336     0.000478317     0.000478342     0.000527291     0.000568942     0.000505124
446     0.00188481     0.000516966     0.000516945     0.000516972     0.000570881     0.000616488     0.000546562
450     0.00194268     0.000545074     0.000545052     0.00054508     0.000603137     0.000651928     0.000577063
454     0.00194061     0.000556593     0.000556571     0.000556599     0.000617173     0.00066773     0.000590094
458     0.00192408     0.000563958     0.000563936     0.000563963     0.000626529     0.000678421     0.000598679
462     0.00205428     0.000615122     0.000615099     0.000615127     0.000685018     0.000742511     0.000654081
466     0.00216175     0.000660895     0.000660871     0.000660899     0.000737545     0.000800141     0.000703784
470     0.00212041     0.000661976     0.000661953     0.00066198     0.000740562     0.000804234     0.000706134
474     0.00211215     0.000672628     0.000672604     0.000672631     0.00075437     0.0008201     0.000718741
478     0.00210595     0.000683836     0.000683813     0.000683839     0.000768679     0.000836476     0.000731852
482     0.00220928     0.000731256     0.000731233     0.000731258     0.000824523     0.000898498     0.000784234
486     0.00223821     0.000754952     0.000754929     0.000754953     0.000853534     0.000931243     0.00081112
490     0.00248415     0.000853898     0.000853873     0.000853898     0.000968257     0.00105779     0.000919271
494     0.00241388     0.000844873     0.000844849     0.000844873     0.000960483     0.00105047     0.000911148
498     0.00240355     0.000856021     0.000855998     0.00085602     0.000975278     0.00106765     0.00092455
502     0.00252342     0.000914498     0.000914475     0.000914495     0.00104651     0.00114779     0.000990707
506     0.00244488     0.000901559     0.000901538     0.000901554     0.00103485     0.00113653     0.00097871
510     0.00275902     0.00103459     0.00103457     0.00103459     0.00119091     0.00130958     0.00112526
514     0.00255442     0.000974128     0.000974107     0.00097412     0.00112476     0.00123855     0.00106169
518     0.00264948     0.0010272     0.00102719     0.0010272     0.00119032     0.00131286     0.00112226
522     0.00270322     0.0010654     0.00106538     0.00106538     0.00123919     0.00136906     0.00116691
526     0.00271148     0.00108572     0.0010857     0.00108571     0.00126665     0.0014012     0.00119162
530     0.00283755     0.00115383     0.00115381     0.00115381     0.00135135     0.00149732     0.00126977
534     0.00291608     0.00120334     0.00120332     0.00120332     0.00141437     0.00156944     0.00132753
538     0.00277968     0.00116426     0.00116425     0.00116424     0.00137211     0.0015242     0.0012868
542     0.00309589     0.00131612     0.00131611     0.00131609     0.00155923     0.00173574     0.00145994
546     0.00315789     0.00136261     0.00136261     0.00136258     0.00162009     0.00180615     0.00151524
550     0.00314962     0.00137956     0.00137956     0.00137953     0.00164663     0.00183869     0.00153818
554     0.00323642     0.0014392     0.0014392     0.00143916     0.00172401     0.00192802     0.00160863
558     0.00339349     0.00153098     0.00153098     0.00153093     0.00183876     0.00205872     0.00171423
562     0.00337075     0.00154087     0.00154089     0.00154082     0.00186064     0.00208804     0.00173164
566     0.00359395     0.0016628     0.00166282     0.00166273     0.00201506     0.00226479     0.00187319
570     0.00357742     0.0016763     0.00167632     0.00167623     0.00203914     0.00229551     0.00189329
574     0.00378409     0.00179826     0.00179829     0.00179818     0.002196     0.00247606     0.00203644
578     0.00376136     0.00181373     0.00181377     0.00181364     0.00222252     0.00250948     0.00205882
582     0.00394942     0.00193047     0.00193052     0.00193036     0.00237661     0.00268861     0.00219834
586     0.00413956     0.00204959     0.00204966     0.00204948     0.00253141     0.00286759     0.0023391
590     0.00434003     0.00217964     0.00217972     0.00217951     0.00270181     0.00306526     0.00249366
594     0.00414369     0.00211469     0.00211477     0.00211455     0.00263035     0.00298852     0.002425
598     0.00429043     0.00222576     0.00222586     0.0022256     0.00277604     0.00315779     0.00255703
602     0.00468929     0.00246698     0.00246711     0.00246679     0.0030889     0.00351973     0.00284153
606     0.00458596     0.00244199     0.00244213     0.00244179     0.00306876     0.00350227     0.00281962
610     0.00462523     0.00249284     0.002493     0.00249262     0.00313865     0.00358516     0.00288193
614     0.00500343     0.00273551     0.0027357     0.00273525     0.00345067     0.00394487     0.0031664
618     0.00506336     0.00281152     0.00281174     0.00281124     0.00355756     0.00407222     0.00326127
622     0.00527003     0.00297325     0.00297351     0.00297293     0.00377035     0.00431994     0.0034538
626     0.00528243     0.00302547     0.00302576     0.00302512     0.00384308     0.00440665     0.00351834
630     0.00533823     0.00310259     0.00310291     0.00310221     0.00394584     0.00452721     0.0036108
634     0.00546843     0.00322559     0.00322595     0.00322517     0.00410628     0.00471373     0.00375618
638     0.00575157     0.00344455     0.00344497     0.00344408     0.00438948     0.0050415     0.00401361
642     0.0056689     0.00345329     0.00345376     0.00345278     0.00440103     0.0050562     0.00402348
646     0.00593964     0.00368626     0.0036868     0.00368568     0.00469769     0.00539785     0.00429428
650     0.0060843     0.00384862     0.00384922     0.00384798     0.00490348     0.00563461     0.00448229
654     0.00611737     0.0039434     0.00394407     0.00394271     0.00502091     0.00576876     0.00459019
658     0.00621864     0.00408765     0.00408839     0.0040869     0.00519725     0.00596872     0.00475312
662     0.00643564     0.00431598     0.00431684     0.00431513     0.00547523     0.00628393     0.00501008
666     0.00690684     0.0047274     0.0047284     0.00472641     0.00598404     0.00686361     0.0054786
670     0.00689857     0.00482162     0.0048227     0.00482056     0.00608876     0.00697854     0.00557789
674     0.00693577     0.00495516     0.00495634     0.00495403     0.00623927     0.00714403     0.00572027
678     0.00679317     0.0049634     0.00496464     0.00496222     0.00622631     0.00711965     0.0057145
682     0.00715691     0.00535233     0.00535377     0.00535097     0.00668854     0.0076378     0.00614541
686     0.00694611     0.00532039     0.0053219     0.005319     0.00661868     0.00754538     0.00608916
690     0.00744831     0.00585205     0.00585378     0.00585046     0.00724715     0.00824825     0.00667607
694     0.00734084     0.00592956     0.0059314     0.00592791     0.00730815     0.0083033     0.00674154
698     0.00730364     0.00607299     0.00607494     0.00607125     0.00744699     0.00844525     0.00687973
702     0.00734911     0.0062961     0.00629824     0.00629423     0.00766271     0.00866507     0.00709485
706     0.00757024     0.00668481     0.00668714     0.00668278     0.00808357     0.00911765     0.00749924
710     0.00732018     0.00667306     0.00667544     0.00667101     0.00801797     0.00902041     0.00745304
714     0.00743178     0.00700581     0.00700835     0.00700363     0.00836441     0.00938571     0.00779046
718     0.00715071     0.00697686     0.00697943     0.00697469     0.00827079     0.00925329     0.00772044
722     0.00741111     0.00748315     0.00748596     0.00748079     0.0087896     0.00979605     0.00822853
726     0.00740284     0.00772253     0.00772543     0.00772012     0.00900387     0.0100033     0.00844899
730     0.00715071     0.00771256     0.00771544     0.00771018     0.00892286     0.00988006     0.00839387
734     0.00718791     0.00802269     0.00802564     0.00802026     0.00920714     0.0101585     0.00868408
738     0.00702051     0.00811371     0.00811664     0.0081113     0.00923734     0.010155     0.00873559
742     0.00676424     0.00809989     0.00810274     0.00809754     0.00912266     0.0099795     0.00865805
746     0.00662371     0.0082199     0.00822269     0.00821761     0.00918121     0.0100047     0.00873792
750     0.00656791     0.00843076     0.00843349     0.00842851     0.00933818     0.0101352     0.00891256
754     0.00637984     0.00845374     0.00845062     0.00845731     0.00928379     0.00970175     0.00919137
758     0.0060657     0.00828465     0.00828171     0.00828801     0.00901702     0.00945216     0.00888783
762     0.0057619     0.00810425     0.0081015     0.00810735     0.00872118     0.00917829     0.00854724
766     0.0056875     0.00823509     0.00823241     0.00823808     0.00878417     0.00927337     0.00857
770     0.0055077     0.00819941     0.00819687     0.00820223     0.00867173     0.00916222     0.00844116
774     0.00546637     0.00836797     0.00836551     0.00837067     0.00876989     0.0092495     0.0085384
778     0.0049683     0.00780277     0.00780059     0.00780513     0.00810724     0.00851092     0.00791769
782     0.0049373     0.00793738     0.0079353     0.00793958     0.0081498     0.00849975     0.00799357
786     0.00475956     0.00781047     0.00780854     0.00781249     0.00795302     0.0082556     0.00782441
790     0.00479263     0.0080184     0.00801653     0.00802033     0.00809395     0.00835996     0.00798876
794     0.00444336     0.0075719     0.00757023     0.00757359     0.00757765     0.0077874     0.00750323
798     0.00431729     0.0074894     0.00748784     0.00749095     0.00742887     0.00759439     0.00738046
802     0.00422636     0.00745677     0.00745533     0.00745816     0.00731635     0.00743005     0.00729882
806     0.00401556     0.00719936     0.00719804     0.0072006     0.00700362     0.00707474     0.00700983
810     0.00399489     0.00726868     0.00726742     0.00726984     0.00701446     0.00704963     0.00704261
814     0.00368696     0.0067998     0.00679869     0.00680081     0.0065075     0.00650496     0.00655497
818     0.00348855     0.00651342     0.00651241     0.00651431     0.00618175     0.0061456     0.00624729
822     0.00307315     0.00580247     0.00580164     0.00580319     0.00544958     0.00538041     0.00553013
826     0.00331702     0.00632727     0.0063264     0.006328     0.0058943     0.00578788     0.00600074
830     0.00308142     0.00593572     0.00593495     0.00593636     0.00548563     0.00535644     0.00560287
834     0.00299875     0.00583282     0.00583209     0.00583341     0.00535031     0.00519551     0.00548181
838     0.00279415     0.00548547     0.00548482     0.00548598     0.00499416     0.00482171     0.00513334
842     0.00283135     0.00560644     0.00560581     0.00560693     0.00505117     0.00483889     0.00521466
846     0.00256268     0.00511341     0.00511286     0.00511383     0.00457721     0.0043646     0.00473781
850     0.00234361     0.00471278     0.00471229     0.00471314     0.00418636     0.00396916     0.00434704
854     0.00239528     0.00485412     0.00485364     0.00485448     0.00427957     0.00403364     0.00445813
858     0.00237461     0.00484947     0.00484901     0.00484981     0.00424536     0.00397785     0.00443634
862     0.00216381     0.00445126     0.00445085     0.00445155     0.00386145     0.00359007     0.00405164
866     0.00205841     0.0042626     0.00426222     0.00426287     0.00367202     0.00339373     0.00386482
870     0.00206668     0.00430679     0.00430641     0.00430705     0.00368734     0.00338976     0.00389161
874     0.00199848     0.00418983     0.00418947     0.00419007     0.00356462     0.00325885     0.00377276
878     0.00176081     0.0037137     0.00371339     0.00371391     0.00313699     0.00284991     0.00333084
882     0.00173601     0.00368279     0.00368249     0.00368298     0.00308644     0.00278433     0.00328878
886     0.00166781     0.0035604     0.00356012     0.00356059     0.00296549     0.00266028     0.00316873
890     0.00165334     0.00355241     0.00355213     0.00355259     0.00294061     0.00262228     0.00315127
894     0.00152521     0.00329946     0.0032992     0.00329962     0.00271515     0.00240656     0.00291802
898     0.00145081     0.00315977     0.00315952     0.00315992     0.0025864     0.00227912     0.00278713
902     0.00135781     0.0029762     0.00297597     0.00297634     0.00241531     0.00211017     0.00261334
906     0.00131234     0.00289451     0.0028943     0.00289465     0.00233651     0.00203101     0.00253421
910     0.00139914     0.00310524     0.00310501     0.00310538     0.00249173     0.0021532     0.00271006
914     0.00122347     0.00273376     0.00273356     0.00273389     0.00218042     0.00187227     0.00237839
918     0.00124827     0.00280817     0.00280797     0.00280829     0.00222917     0.00190361     0.0024375
922     0.00113874     0.00257838     0.0025782     0.0025785     0.00203234     0.0017212     0.0022303
926     0.00121934     0.00277837     0.00277817     0.00277849     0.00217772     0.00183246     0.00239658
930     0.00102507     0.00235023     0.00235007     0.00235034     0.00183311     0.0015337     0.00202233
934     0.00108914     0.00251422     0.00251404     0.00251433     0.00195014     0.00162102     0.00215748
938     0.00107261     0.00249327     0.00249309     0.00249338     0.00192379     0.00158926     0.00213397
942     0.000992006     0.00232152     0.00232135     0.00232162     0.00177917     0.00145815     0.00198024
946     0.000946539     0.00222916     0.002229     0.00222926     0.0017009     0.0013866     0.00189734
950     0.000868005     0.00205772     0.00205757     0.00205781     0.00156223     0.00126542     0.00174722
954     0.000847338     0.00202191     0.00202177     0.002022     0.00152823     0.00123044     0.00171331
958     0.000814272     0.00195672     0.00195658     0.00195681     0.00147232     0.0011776     0.00165482
962     0.000868005     0.00210161     0.00210146     0.00210171     0.00157112     0.00124481     0.00177226
966     0.000789471     0.00192479     0.00192465     0.00192488     0.00143332     0.00112914     0.00162038
970     0.000725404     0.00178189     0.00178176     0.00178197     0.00132069     0.0010333     0.00149694
974     0.000713004     0.00176389     0.00176377     0.00176397     0.00130138     0.00101135     0.00147878
978     0.000677871     0.00168858     0.00168846     0.00168866     0.00123996     0.000956879     0.00141265
982     0.000682004     0.00171073     0.00171061     0.00171081     0.00124902     0.000955663     0.00142752
986     0.000696471     0.00176039     0.00176027     0.00176047     0.0012806     0.000974298     0.00146661
990     0.000677871     0.00172589     0.00172576     0.00172597     0.0012504     0.000945414     0.00143527
994     0.000632404     0.00162247     0.00162235     0.00162254     0.00117033     0.00087893     0.00134664
998     0.000669604     0.00173111     0.00173098     0.00173119     0.00124321     0.000927174     0.00143402
1002     0.000570403     0.00148605     0.00148594     0.00148612     0.00106213     0.000785771     0.00122857
1006     0.000500136     0.0013131     0.001313     0.00131316     0.000935371     0.000687957     0.00108408
1010     0.000558003     0.00147703     0.00147692     0.0014771     0.00104733     0.000764311     0.00121707
1014     0.000533203     0.00142232     0.00142222     0.00142239     0.00100496     0.000728875     0.00117027
1018     0.000502203     0.00135122     0.00135113     0.00135129     0.000951742     0.000686079     0.00111045
1022     0.000518736     0.00140673     0.00140663     0.0014068     0.000986131     0.000704556     0.0011539
1026     0.000427803     0.00117009     0.00117     0.00117014     0.000815441     0.000576652     0.000957391
1030     0.000429869     0.00118533     0.00118525     0.00118539     0.000823826     0.000579259     0.000968927
1034     0.000473269     0.00131588     0.00131578     0.00131594     0.000912395     0.000638168     0.00107478
1038     0.000403002     0.00113006     0.00112998     0.00113011     0.000779811     0.000540451     0.00092123
1042     0.000403002     0.00113926     0.00113917     0.00113931     0.000781413     0.000535119     0.000926506
1046     0.000390602     0.00111395     0.00111387     0.001114     0.000762284     0.000519073     0.000905287
1050     0.000400936     0.00115319     0.00115311     0.00115324     0.000787398     0.000533218     0.000936564
1054     0.000386469     0.00112085     0.00112077     0.0011209     0.000763572     0.000514189     0.000909653
1058     0.000361669     0.00105819     0.00105812     0.00105824     0.000718071     0.000479285     0.000857612
1062     0.000355469     0.00104897     0.00104889     0.00104902     0.000707206     0.000465528     0.000848024
1066     0.000332735     0.000990749     0.000990677     0.000990793     0.000666779     0.000436505     0.000800667
1070     0.000330669     0.000992999     0.000992927     0.000993044     0.000666035     0.000432484     0.00080155
1074     0.000324469     0.000983236     0.000983164     0.00098328     0.000656871     0.000422478     0.000792565
1078     0.000303802     0.000927957     0.000927889     0.000927999     0.000618294     0.000394763     0.000747421
1082     0.000268668     0.000827871     0.000827811     0.000827908     0.000549253     0.000346742     0.000665905
1086     0.000254201     0.000790696     0.000790638     0.000790732     0.000522822     0.000327153     0.000635306
1090     0.000248001     0.000777762     0.000777705     0.000777797     0.000512686     0.00031814     0.000624305
1094     0.000264535     0.000837242     0.000837181     0.000837279     0.000550065     0.000338066     0.000671397
1098     0.000231468     0.000738955     0.000738901     0.000738988     0.000484386     0.000295453     0.00059226
1102     0.000221135     0.000712713     0.000712661     0.000712745     0.000465485     0.000280724     0.000570666
1106     0.000239735     0.000779344     0.000779288     0.000779379     0.000507164     0.000302644     0.000623342
1110     0.000233535     0.000765639     0.000765583     0.000765673     0.000496414     0.000293152     0.000611647
1114     0.000227335     0.000752075     0.000752021     0.000752109     0.000485698     0.000283423     0.000600086
1118     0.000274868     0.000917035     0.000916969     0.000917076     0.000591036     0.000342258     0.000731415
1122     0.000274868     0.000925156     0.000925089     0.000925198     0.000594893     0.000341188     0.00073766
1126     0.000241801     0.000821012     0.000820952     0.000821048     0.000526249     0.000298715     0.000654019
1130     0.000225268     0.00077173     0.000771674     0.000771764     0.000492357     0.000275446     0.000613867
1134     0.000157068     0.000542668     0.000542629     0.000542693     0.000345105     0.000190936     0.000431286
1138     0.000200468     0.000699031     0.000698981     0.000699062     0.000444423     0.000244736     0.000555803
1142     0.000169468     0.000596281     0.000596237     0.000596307     0.000378127     0.000205872     0.000473923
1146     0.000157068     0.000557231     0.000557191     0.000557256     0.000352393     0.000189763     0.000442616
1150     0.000188068     0.000673123     0.000673074     0.000673153     0.000424565     0.000226227     0.000534355
1154     0.000150868     0.000545101     0.000545062     0.000545126     0.000342811     0.000180484     0.000432449
1158     0.000150868     0.000549366     0.000549327     0.000549391     0.000344694     0.00017971     0.000435624
1162     0.000206668     0.000759437     0.000759382     0.000759471     0.000474275     0.000242809     0.000601461
1166     0.000179801     0.000666467     0.000666419     0.000666497     0.000415462     0.00021067     0.000527738
1170     0.000173601     0.000648995     0.000648949     0.000649024     0.000403654     0.000202426     0.000513722
1174     0.000171534     0.00064677     0.000646723     0.000646799     0.000401302     0.00019897     0.000511733
1178     0.000144668     0.000550247     0.000550207     0.000550271     0.000340536     0.000166835     0.000435139
1182     0.000146734     0.000562829     0.000562788     0.000562854     0.000347419     0.000167803     0.000444956
1186     0.000121934     0.000471861     0.000471827     0.000471882     0.000289764     0.000137063     0.000372471
1190     0.000152934     0.000596878     0.000596835     0.000596904     0.000365984     0.000171501     0.000471115
1194     0.000121934     0.000479675     0.00047964     0.000479696     0.000293783     0.000136444     0.000378656
1198     0.000142601     0.000566098     0.000566057     0.000566123     0.000345568     0.000157926     0.000446549
1202     0.000159134     0.000636992     0.000636946     0.00063702     0.000387792     0.000174341     0.000502317
1206     0.000144668     0.000584071     0.000584029     0.000584097     0.000354969     0.000157789     0.00046054
1210     0.000134334     0.000546962     0.000546923     0.000546986     0.000331881     0.000145814     0.000431268
1214     9.50672e-05     0.00039012     0.000390091     0.000390137     0.000236166     0.000102336     0.000307494
1218     0.000121934     0.000504539     0.000504503     0.000504561     0.000304111     0.000129     0.000397232
1222     0.000113667     0.00047479     0.000474756     0.000474811     0.000286278     0.000120509     0.000374167
1226     0.000119867     0.000504716     0.000504679     0.000504738     0.000303461     0.000125604     0.00039755
1230     0.000117801     0.000500032     0.000499996     0.000500054     0.000299771     0.000121928     0.000393644
1234     0.000113667     0.000486275     0.00048624     0.000486296     0.000290668     0.000116054     0.000382617
1238     0.000119867     0.000516951     0.000516914     0.000516974     0.000308302     0.000121149     0.000406633
1242     0.000105401     0.00045835     0.000458317     0.00045837     0.000272795     0.000105295     0.000360552
1246     0.000124001     0.000543939     0.0005439     0.000543963     0.000323355     0.000123243     0.000427954
1250     0.000107467     0.000475167     0.000475132     0.000475187     0.000281816     0.000105591     0.000373734
1254     9.71339e-05     0.000432986     0.000432955     0.000433005     0.000256134     9.41796e-05     0.000340426
1258     8.26672e-05     0.000371462     0.000371436     0.000371479     0.000219421     7.94533e-05     0.000292088
1262     0.000115734     0.000524075     0.000524037     0.000524098     0.000308199     0.000108147     0.000411739
1266     9.92006e-05     0.000453039     0.000453007     0.000453059     0.000266071     9.20283e-05     0.000355968
1270     8.47338e-05     0.00039023     0.000390202     0.000390247     0.000228613     7.73791e-05     0.00030654
1274     8.47338e-05     0.000393118     0.000393089     0.000393135     0.000229844     7.64442e-05     0.000308737
1278     9.30006e-05     0.000434979     0.000434948     0.000434998     0.000254032     8.30502e-05     0.000341731
1282     6.20004e-05     0.000292551     0.00029253     0.000292564     0.000170606     5.46238e-05     0.000229909
1286     8.47338e-05     0.000402808     0.000402779     0.000402826     0.000234106     7.27798e-05     0.000316387
1290     7.23338e-05     0.000346637     0.000346612     0.000346652     0.000201194     6.14283e-05     0.00027232
1294     5.99337e-05     0.000289351     0.00028933     0.000289363     0.000167677     5.02402e-05     0.000227317
1298     6.82004e-05     0.000331765     0.000331741     0.00033178     0.000191662     5.57845e-05     0.000260507
1302     7.23338e-05     0.000354533     0.000354508     0.000354549     0.000204469     5.79792e-05     0.000278458
1306     7.64671e-05     0.000377945     0.000377918     0.000377961     0.000217794     6.05572e-05     0.000296991
1310     8.06005e-05     0.000401308     0.000401279     0.000401326     0.000230749     6.25538e-05     0.00031529
1314     8.68005e-05     0.000435306     0.000435275     0.000435325     0.000249575     6.5579e-05     0.000341857
1318     6.20004e-05     0.000313538     0.000313515     0.000313552     0.000179122     4.52869e-05     0.000246079
1322     4.96003e-05     0.000252872     0.000252854     0.000252883     0.000144482     3.58578e-05     0.000198657
1326     8.06005e-05     0.000413945     0.000413916     0.000413963     0.000236198     5.71047e-05     0.000325286
1330     4.96003e-05     0.000256737     0.000256719     0.000256748     0.000146026     3.38846e-05     0.000201667
1334     5.37337e-05     0.000279924     0.000279904     0.000279936     0.000158932     3.59209e-05     0.000219855
1338     7.02671e-05     0.000368856     0.00036883     0.000368872     0.000209401     4.64182e-05     0.000289909
1342     6.4067e-05     0.00033868     0.000338656     0.000338695     0.000191638     4.03618e-05     0.000266132
1346     5.7867e-05     0.000308533     0.000308511     0.000308547     0.000174487     3.58336e-05     0.000242583
1350     4.54669e-05     0.000244138     0.000244121     0.000244149     0.000137841     2.7396e-05     0.000191963
1354     5.37337e-05     0.000290625     0.000290604     0.000290638     0.000163773     3.1367e-05     0.000228509
1358     5.1667e-05     0.000281565     0.000281544     0.000281577     0.000158411     2.91817e-05     0.000221426
1362     3.92669e-05     0.000215501     0.000215485     0.00021551     0.000120922     2.10255e-05     0.000169479
1366     6.20004e-05     0.000342597     0.000342573     0.000342612     0.000192272     3.272e-05     0.000269634
1370     4.96003e-05     0.000276111     0.000276092     0.000276123     0.000154936     2.57827e-05     0.00021743
1374     5.1667e-05     0.000289672     0.000289652     0.000289685     0.000162375     2.60373e-05     0.000228189
1378     5.99337e-05     0.000338737     0.000338712     0.000338751     0.000188898     2.74785e-05     0.00026659
1382     4.54669e-05     0.000258503     0.000258485     0.000258515     0.000143972     1.97739e-05     0.000203552
1386     4.96003e-05     0.000284007     0.000283987     0.000284019     0.000158241     2.13358e-05     0.00022379
1390     3.10002e-05     0.000178882     0.00017887     0.00017889     9.9362e-05     1.2217e-05     0.000140946
1394     3.51335e-05     0.000204287     0.000204273     0.000204296     0.000113261     1.29746e-05     0.000160987
1398     3.30669e-05     0.000193642     0.000193628     0.000193651     0.000107415     1.20515e-05     0.000152711
1402     3.10002e-05     0.000182614     0.000182601     0.000182622     0.000101008     1.01602e-05     0.000144016
1406     5.99337e-05     0.000355549     0.000355524     0.000355565     0.000196654     1.89486e-05     0.000280581
1410     4.75336e-05     0.000283955     0.000283935     0.000283968     0.000156926     1.41976e-05     0.000224173
1414     5.99337e-05     0.000360737     0.000360711     0.000360753     0.000198892     1.59026e-05     0.000284833
1418     2.89335e-05     0.000175223     0.00017521     0.00017523     9.64113e-05     6.91567e-06     0.000138348
1422     4.54669e-05     0.000277373     0.000277353     0.000277385     0.000152228     9.19757e-06     0.000219034
1426     2.27335e-05     0.000139459     0.000139449     0.000139465     7.6508e-05     4.34328e-06     0.000110161
1430     2.68668e-05     0.000166172     0.00016616     0.000166179     9.11122e-05     4.40431e-06     0.000131387
1434     3.72002e-05     0.000231644     0.000231628     0.000231654     0.000126937     5.45088e-06     0.000183239
1438     2.27335e-05     0.000142492     0.000142482     0.000142498     7.79759e-05     2.7677e-06     0.000112746
1442     3.92669e-05     0.000247786     0.000247768     0.000247797     0.000135581     3.92023e-06     0.000196244
1446     2.06668e-05     0.000131361     0.000131352     0.000131367     7.16035e-05     1.11046e-06     0.000103993
1450     3.30669e-05     0.000211525     0.00021151     0.000211535     0.000115207     1.06205e-06     0.000167526
1454     2.68668e-05     0.000172883     0.000172871     0.000172891     9.41736e-05     5.92708e-07     0.000136994
1458     3.51335e-05     0.000227657     0.000227641     0.000227667     0.000123919     -2.44548e-07     0.000180535
1462     3.10002e-05     0.000202117     0.000202102     0.000202125     0.000109722     -1.59032e-06     0.000160301
1466     3.10002e-05     0.000203595     0.00020358     0.000203603     0.000110409     -2.35479e-06     0.000161528
1470     2.48001e-05     0.000163826     0.000163815     0.000163833     8.87818e-05     -2.42853e-06     0.000130035
1474     2.48001e-05     0.0001649     0.000164889     0.000164907     8.93285e-05     -2.97688e-06     0.000130968
1478     3.72002e-05     0.00024906     0.000249042     0.000249071     0.000134806     -5.60162e-06     0.000197938
1482     3.72002e-05     0.000250712     0.000250694     0.000250723     0.000135573     -6.8594e-06     0.000199391
1486     2.48001e-05     0.000168099     0.000168087     0.000168106     9.08488e-05     -5.18574e-06     0.000133766
1490     3.51335e-05     0.000239748     0.000239731     0.000239758     0.000129444     -8.44461e-06     0.000190883
1494     2.27335e-05     0.000156015     0.000156003     0.000156021     8.41342e-05     -6.07602e-06     0.000124244
1498     2.89335e-05     0.000200099     0.000200085     0.000200108     0.000107597     -9.12217e-06     0.000159342
1502     2.68668e-05     0.000187171     0.000187158     0.000187179     0.000100822     -8.86155e-06     0.000149272
1506     1.44668e-05     0.000101211     0.000101203     0.000101215     5.44711e-05     -5.1228e-06     8.07426e-05
1510     3.30669e-05     0.00023302     0.000233004     0.00023303     0.000125286     -1.30962e-05     0.000186047
1514     3.51335e-05     0.000249114     0.000249096     0.000249125     0.00013379     -1.49967e-05     0.000198962
1518     2.68668e-05     0.000191552     0.000191538     0.00019156     0.000102696     -1.24333e-05     0.000153007
1522     3.30669e-05     0.000237326     0.000237309     0.000237336     0.000127429     -1.59209e-05     0.000189841
1526     2.06668e-05     0.000149192     0.000149181     0.000149198     7.99696e-05     -1.0745e-05     0.000119365
1530     1.86001e-05     0.000135053     0.000135044     0.000135059     7.22932e-05     -1.02366e-05     0.000108067
1534     3.30669e-05     0.000241543     0.000241526     0.000241553     0.00012901     -1.99114e-05     0.000193338
1538     1.65334e-05     0.000121467     0.000121459     0.000121472     6.48641e-05     -1.04441e-05     9.72996e-05
1542     1.65334e-05     0.000122349     0.000122341     0.000122355     6.53079e-05     -1.10901e-05     9.80912e-05
1546     2.89335e-05     0.000215251     0.000215235     0.00021526     0.000114713     -2.06424e-05     0.00017263
1550     2.48001e-05     0.000185636     0.000185623     0.000185644     9.89307e-05     -1.84214e-05     0.000148996
1554     2.06668e-05     0.000155758     0.000155747     0.000155764     8.29949e-05     -1.59549e-05     0.000125098
1558     3.10002e-05     0.000234597     0.00023458     0.000234607     0.000124868     -2.50372e-05     0.000188491
1562     2.89335e-05     0.00022051     0.000220494     0.000220519     0.000117423     -2.43514e-05     0.00017737
1566     1.65334e-05     0.000126579     0.00012657     0.000126585     6.73028e-05     -1.44878e-05     0.000101823
1570     2.06668e-05     0.000159283     0.000159272     0.00015929     8.46337e-05     -1.90479e-05     0.000128233
1574     1.65334e-05     0.000128305     0.000128296     0.000128311     6.81831e-05     -1.58078e-05     0.000103386
1578     2.89335e-05     0.0002258     0.000225784     0.00022581     0.000119855     -2.87626e-05     0.000181999
1582     1.65334e-05     0.000129715     0.000129706     0.000129721     6.8887e-05     -1.70029e-05     0.000104671
1586     1.03334e-05     8.15336e-05     8.15278e-05     8.15371e-05     4.32541e-05     -1.10832e-05     6.58239e-05
1590     1.24001e-05     9.83432e-05     9.83362e-05     9.83475e-05     5.21692e-05     -1.36046e-05     7.94349e-05
1594     1.24001e-05     9.89972e-05     9.89901e-05     9.90014e-05     5.24749e-05     -1.43055e-05     8.00369e-05
1598     1.65334e-05     0.000132665     0.000132656     0.000132671     7.02359e-05     -1.96706e-05     0.000107273
1602     1.86001e-05     0.000150053     0.000150043     0.00015006     7.95151e-05     -2.27399e-05     0.000121482
1606     1.44668e-05     0.000117491     0.000117483     0.000117496     6.22378e-05     -1.83076e-05     9.51901e-05
1610     1.86001e-05     0.000151983     0.000151972     0.000151989     8.06263e-05     -2.4028e-05     0.000123293
1614     1.24001e-05     0.000101808     0.0001018     0.000101812     5.39801e-05     -1.64212e-05     8.2622e-05
1618     2.27335e-05     0.000187743     0.00018773     0.000187751     9.93538e-05     -3.13131e-05     0.000152383
1622     1.44668e-05     0.000120197     0.000120188     0.000120202     6.34795e-05     -2.09176e-05     9.75994e-05
1626     8.26672e-06     6.89514e-05     6.89465e-05     6.89544e-05     3.64382e-05     -1.21006e-05     5.60248e-05
1630     1.86001e-05     0.000156078     0.000156067     0.000156085     8.25521e-05     -2.78914e-05     0.000126961
1634     1.24001e-05     0.000104713     0.000104706     0.000104718     5.53208e-05     -1.93835e-05     8.52393e-05
1638     1.24001e-05     0.000105259     0.000105252     0.000105264     5.55295e-05     -1.99299e-05     8.56926e-05
1642     1.44668e-05     0.000123391     0.000123382     0.000123397     6.5152e-05     -2.3794e-05     0.000100573
1646     2.06668e-05     0.000177343     0.00017733     0.000177351     9.3555e-05     -3.51677e-05     0.000144638
1650     4.13336e-06     3.56656e-05     3.56631e-05     3.56672e-05     1.88351e-05     -7.12345e-06     2.91129e-05
1654     2.27335e-05     0.000197146     0.000197132     0.000197155     0.000104191     -3.98179e-05     0.00016106
1658     6.20004e-06     5.40492e-05     5.40453e-05     5.40515e-05     2.8511e-05     -1.12619e-05     4.41691e-05
1662     1.44668e-05     0.00012669     0.000126681     0.000126695     6.70638e-05     -2.64174e-05     0.000103721
1666     1.24001e-05     0.000109249     0.000109241     0.000109253     5.77494e-05     -2.33335e-05     8.94667e-05
1670     1.03334e-05     9.14739e-05     9.14674e-05     9.14779e-05     4.831e-05     -1.98821e-05     7.49311e-05
1674     1.24001e-05     0.000110464     0.000110456     0.000110468     5.83039e-05     -2.47158e-05     9.05694e-05
1678     1.24001e-05     0.000110947     0.000110939     0.000110952     5.8579e-05     -2.51358e-05     9.10307e-05
1682     1.65334e-05     0.00014892     0.00014891     0.000148927     7.85709e-05     -3.46225e-05     0.000122279
1686     1.03334e-05     9.35147e-05     9.35081e-05     9.35187e-05     4.93419e-05     -2.21072e-05     7.68441e-05
1690     6.20004e-06     5.63587e-05     5.63547e-05     5.63612e-05     2.97405e-05     -1.34632e-05     4.63363e-05
1694     1.44668e-05     0.00013238     0.000132371     0.000132386     6.98963e-05     -3.22422e-05     0.000108966
1698     1.86001e-05     0.000171094     0.000171082     0.000171102     9.03807e-05     -4.20514e-05     0.000140925
1702     1.24001e-05     0.000114429     0.000114421     0.000114434     6.03319e-05     -2.89973e-05     9.42955e-05
1706     8.26672e-06     7.66825e-05     7.66771e-05     7.66858e-05     4.04377e-05     -1.97082e-05     6.3237e-05
1710     0     0     0     0     0     0     0
1714     1.03334e-05     9.69172e-05     9.69103e-05     9.69214e-05     5.1162e-05     -2.54898e-05     8.0052e-05
1718     8.26672e-06     7.78648e-05     7.78593e-05     7.78682e-05     4.11653e-05     -2.06373e-05     6.43851e-05
1722     6.20004e-06     5.87595e-05     5.87553e-05     5.8762e-05     3.11029e-05     -1.57791e-05     4.86462e-05
1726     6.20004e-06     5.90632e-05     5.9059e-05     5.90657e-05     3.1226e-05     -1.62673e-05     4.89288e-05
1730     2.06668e-06     1.97713e-05     1.97699e-05     1.97722e-05     1.04528e-05     -5.44545e-06     1.63788e-05
1734     1.24001e-05     0.000119152     0.000119143     0.000119157     6.30309e-05     -3.345e-05     9.88259e-05
1738     6.20004e-06     5.99523e-05     5.99481e-05     5.99549e-05     3.17309e-05     -1.7048e-05     4.97693e-05
1742     4.13336e-06     4.0196e-05     4.01932e-05     4.01978e-05     2.13483e-05     -1.14487e-05     3.34263e-05
1746     1.03334e-05     0.000100846     0.000100838     0.00010085     5.34878e-05     -2.91305e-05     8.38653e-05
1750     6.20004e-06     6.08493e-05     6.0845e-05     6.08519e-05     3.2237e-05     -1.79788e-05     5.06327e-05
1754     1.03334e-05     0.000101918     0.00010191     0.000101922     5.40766e-05     -3.03624e-05     8.49026e-05
1758     8.26672e-06     8.1925e-05     8.19192e-05     8.19285e-05     4.34381e-05     -2.48403e-05     6.82853e-05
1762     6.20004e-06     6.16522e-05     6.16478e-05     6.16549e-05     3.27178e-05     -1.89505e-05     5.14447e-05
1766     2.06668e-06     2.06531e-05     2.06516e-05     2.0654e-05     1.09373e-05     -6.52313e-06     1.72408e-05
1770     1.24001e-05     0.000124651     0.000124643     0.000124657     6.60911e-05     -3.96062e-05     0.000104147
1774     1.65334e-05     0.000166876     0.000166864     0.000166883     8.85304e-05     -5.34163e-05     0.000139516
1778     1.24001e-05     0.000125843     0.000125834     0.000125848     6.67593e-05     -4.08146e-05     0.00010528
1782     0     0     0     0     0     0     0
1786     4.13336e-06     4.23262e-05     4.23232e-05     4.2328e-05     2.24955e-05     -1.39616e-05     3.5472e-05
1790     6.20004e-06     6.38017e-05     6.37972e-05     6.38045e-05     3.39e-05     -2.13676e-05     5.35058e-05
1794     8.26672e-06     8.5515e-05     8.5509e-05     8.55187e-05     4.55499e-05     -2.87668e-05     7.1813e-05
1798     6.20004e-06     6.43759e-05     6.43713e-05     6.43786e-05     3.43272e-05     -2.18237e-05     5.41097e-05
1802     4.13336e-06     4.31287e-05     4.31257e-05     4.31306e-05     2.2954e-05     -1.49846e-05     3.62667e-05
1806     0     0     0     0     0     0     0
1810     8.26672e-06     8.71237e-05     8.71175e-05     8.71274e-05     4.64339e-05     -3.08365e-05     7.33802e-05
1814     0     0     0     0     0     0     0
1818     8.26672e-06     8.79594e-05     8.79532e-05     8.79632e-05     4.68774e-05     -3.18955e-05     7.41793e-05
1822     2.06668e-06     2.21248e-05     2.21232e-05     2.21258e-05     1.18054e-05     -8.10848e-06     1.86793e-05
1826     4.13336e-06     4.43069e-05     4.43037e-05     4.43088e-05     2.36584e-05     -1.63167e-05     3.74289e-05
1830     8.26672e-06     8.91066e-05     8.91003e-05     8.91104e-05     4.76272e-05     -3.30654e-05     7.53387e-05
1834     2.06668e-06     2.23887e-05     2.23871e-05     2.23896e-05     1.19765e-05     -8.37738e-06     1.89449e-05
1838     8.26672e-06     8.99099e-05     8.99035e-05     8.99137e-05     4.81526e-05     -3.39965e-05     7.61641e-05
1842     6.20004e-06     6.76626e-05     6.76578e-05     6.76655e-05     3.62117e-05     -2.60513e-05     5.73571e-05
1846     8.26672e-06     9.06645e-05     9.06581e-05     9.06684e-05     4.86389e-05     -3.48377e-05     7.69275e-05
1850     0     0     0     0     0     0     0
1854     4.13336e-06     4.57474e-05     4.57442e-05     4.57494e-05     2.45185e-05     -1.80464e-05     3.88566e-05
1858     4.13336e-06     4.60286e-05     4.60253e-05     4.60305e-05     2.47363e-05     -1.82382e-05     3.915e-05
1862     8.26672e-06     9.24209e-05     9.24144e-05     9.24249e-05     4.97361e-05     -3.69682e-05     7.86972e-05
1866     2.06668e-06     2.32511e-05     2.32495e-05     2.32521e-05     1.25042e-05     -9.46272e-06     1.98119e-05
1870     8.26672e-06     9.3095e-05     9.30884e-05     9.3099e-05     5.00911e-05     -3.79491e-05     7.93493e-05
1874     0     0     0     0     0     0     0
1878     4.13336e-06     4.69579e-05     4.69545e-05     4.69599e-05     2.53549e-05     -1.93651e-05     4.01104e-05
1882     4.13336e-06     4.72383e-05     4.72349e-05     4.72403e-05     2.54569e-05     -1.99137e-05     4.0366e-05
1886     8.26672e-06     9.48696e-05     9.48629e-05     9.48737e-05     5.1163e-05     -4.03092e-05     8.11286e-05
1890     6.20004e-06     7.13503e-05     7.13453e-05     7.13534e-05     3.84884e-05     -3.03951e-05     6.1031e-05
1894     0     0     0     0     0     0     0
1898     4.13336e-06     4.80339e-05     4.80305e-05     4.80359e-05     2.60439e-05     -2.06417e-05     4.11952e-05
1902     4.13336e-06     4.8244e-05     4.82406e-05     4.82461e-05     2.61463e-05     -2.10587e-05     4.1404e-05
1906     6.20004e-06     7.28145e-05     7.28094e-05     7.28177e-05     3.95148e-05     -3.20642e-05     6.25565e-05
1910     6.20004e-06     7.29969e-05     7.29917e-05     7.3e-05     3.963e-05     -3.22438e-05     6.27346e-05
1914     0     0     0     0     0     0     0
1918     8.26672e-06     9.82794e-05     9.82724e-05     9.82836e-05     5.34653e-05     -4.40721e-05     8.46063e-05
1922     2.06668e-06     2.46954e-05     2.46937e-05     2.46965e-05     1.34523e-05     -1.11711e-05     2.12815e-05
1926     6.20004e-06     7.41811e-05     7.41758e-05     7.41842e-05     4.04463e-05     -3.35916e-05     6.39544e-05
1930     6.20004e-06     7.45152e-05     7.45099e-05     7.45184e-05     4.07003e-05     -3.39772e-05     6.43138e-05
1934     0     0     0     0     0     0     0
1938     4.13336e-06     5.00983e-05     5.00948e-05     5.01005e-05     2.74037e-05     -2.32307e-05     4.33061e-05
1942     6.20004e-06     7.5486e-05     7.54806e-05     7.54892e-05     4.13202e-05     -3.53767e-05     6.53091e-05
1946     2.06668e-06     2.52528e-05     2.5251e-05     2.52539e-05     1.38554e-05     -1.18894e-05     2.18745e-05
1950     2.06668e-06     2.53537e-05     2.53519e-05     2.53548e-05     1.39108e-05     -1.19369e-05     2.19619e-05
1954     2.06668e-06     2.54829e-05     2.54811e-05     2.5484e-05     1.39699e-05     -1.2191e-05     2.20863e-05
1958     0     0     0     0     0     0     0
1962     2.06668e-06     2.56504e-05     2.56486e-05     2.56515e-05     1.41281e-05     -1.23797e-05     2.22841e-05
1966     2.06668e-06     2.57949e-05     2.5793e-05     2.5796e-05     1.41847e-05     -1.26814e-05     2.24186e-05
1970     4.13336e-06     5.18371e-05     5.18334e-05     5.18393e-05     2.85777e-05     -2.55764e-05     4.51065e-05
1974     2.06668e-06     2.60537e-05     2.60518e-05     2.60548e-05     1.43733e-05     -1.29848e-05     2.26898e-05
1978     8.26672e-06     0.000104417     0.00010441     0.000104422     5.76051e-05     -5.20403e-05     9.09357e-05
1982     4.13336e-06     5.24676e-05     5.24639e-05     5.24698e-05     2.90231e-05     -2.62274e-05     4.57489e-05
1986     4.13336e-06     5.25921e-05     5.25884e-05     5.25943e-05     2.91005e-05     -2.64257e-05     4.5876e-05
1990     0     0     0     0     0     0     0
1994     2.06668e-06     2.64789e-05     2.6477e-05     2.648e-05     1.46848e-05     -1.34443e-05     2.31315e-05
1998     4.13336e-06     5.32656e-05     5.32618e-05     5.32679e-05     2.94466e-05     -2.73486e-05     4.65035e-05
2002     0     0     0     0     0     0     0
2006     6.20004e-06     8.05363e-05     8.05306e-05     8.05397e-05     8.50951e-05     9.01592e-05     8.25844e-05
2010     4.13336e-06     5.37962e-05     5.37924e-05     5.37985e-05     5.68413e-05     6.0224e-05     5.51643e-05
2014     4.13336e-06     5.4058e-05     5.40542e-05     5.40603e-05     5.71179e-05     6.05171e-05     5.54327e-05
2018     2.06668e-06     2.7211e-05     2.72091e-05     2.72121e-05     2.87513e-05     3.04623e-05     2.7903e-05
2022     2.06668e-06     2.72724e-05     2.72705e-05     2.72736e-05     2.88161e-05     3.0531e-05     2.7966e-05
2026     2.06668e-06     2.73541e-05     2.73522e-05     2.73553e-05     2.89025e-05     3.06225e-05     2.80497e-05
2030     4.13336e-06     5.49531e-05     5.49492e-05     5.49554e-05     5.80637e-05     6.15192e-05     5.63506e-05
2034     8.26672e-06     0.000110262     0.000110254     0.000110267     0.000116503     0.000123437     0.000113066
2038     0     0     0     0     0     0     0
2042     2.06668e-06     2.78232e-05     2.78213e-05     2.78244e-05     2.93982e-05     3.11477e-05     2.85308e-05
2046     2.06668e-06     2.78777e-05     2.78757e-05     2.78789e-05     2.94557e-05     3.12087e-05     2.85867e-05
2050     2.06668e-06     2.79808e-05     2.79788e-05     2.7982e-05     2.95647e-05     3.13241e-05     2.86924e-05
2054     0     0     0     0     0     0     0
2058     0     0     0     0     0     0     0
2062     2.06668e-06     2.83172e-05     2.83152e-05     2.83184e-05     2.99201e-05     3.17007e-05     2.90373e-05
2066     0     0     0     0     0     0     0
2070     6.20004e-06     8.55624e-05     8.55563e-05     8.5566e-05     9.04056e-05     9.57858e-05     8.77383e-05
2074     2.06668e-06     2.86968e-05     2.86947e-05     2.8698e-05     3.03212e-05     3.21256e-05     2.94266e-05
2078     2.06668e-06     2.87503e-05     2.87483e-05     2.87515e-05     3.03777e-05     3.21855e-05     2.94815e-05
2082     4.13336e-06     5.77369e-05     5.77328e-05     5.77393e-05     6.10051e-05     6.46356e-05     5.92052e-05
2086     0     0     0     0     0     0     0
2090     0     0     0     0     0     0     0
2094     6.20004e-06     8.74409e-05     8.74347e-05     8.74446e-05     9.23905e-05     9.78888e-05     8.96646e-05
2098     4.13336e-06     5.86076e-05     5.86034e-05     5.86101e-05     6.19251e-05     6.56103e-05     6.0098e-05
2102     2.06668e-06     2.94499e-05     2.94478e-05     2.94512e-05     3.11169e-05     3.29687e-05     3.01989e-05
2106     0     0     0     0     0     0     0
2110     2.06668e-06     2.95648e-05     2.95628e-05     2.95661e-05     3.12384e-05     3.30974e-05     3.03167e-05
2114     2.06668e-06     2.976e-05     2.97579e-05     2.97613e-05     3.14446e-05     3.33159e-05     3.05168e-05
2118     2.06668e-06     2.98477e-05     2.98456e-05     2.9849e-05     3.15372e-05     3.34141e-05     3.06068e-05
2122     2.06668e-06     2.98997e-05     2.98976e-05     2.9901e-05     3.15922e-05     3.34723e-05     3.06601e-05
2126     0     0     0     0     0     0     0
2130     2.06668e-06     3.0172e-05     3.01699e-05     3.01733e-05     3.18799e-05     3.37772e-05     3.09394e-05
2134     2.06668e-06     3.03071e-05     3.03049e-05     3.03084e-05     3.20226e-05     3.39283e-05     3.10778e-05
2138     0     0     0     0     0     0     0
2142     0     0     0     0     0     0     0
2146     2.06668e-06     3.05281e-05     3.0526e-05     3.05294e-05     3.22562e-05     3.41758e-05     3.13045e-05
2150     8.26672e-06     0.000122691     0.000122682     0.000122696     0.000129636     0.00013735     0.000125811
2154     0     0     0     0     0     0     0
2158     0     0     0     0     0     0     0
2162     4.13336e-06     6.20367e-05     6.20323e-05     6.20393e-05     6.55483e-05     6.94491e-05     6.36143e-05
2166     0     0     0     0     0     0     0
2170     0     0     0     0     0     0     0
2174     4.13336e-06     6.26442e-05     6.26398e-05     6.26469e-05     6.61902e-05     7.01293e-05     6.42374e-05
2178     2.06668e-06     3.14505e-05     3.14483e-05     3.14518e-05     3.32308e-05     3.52084e-05     3.22503e-05
2182     2.06668e-06     3.15269e-05     3.15247e-05     3.15283e-05     3.33115e-05     3.52939e-05     3.23287e-05
2186     2.06668e-06     3.16351e-05     3.16329e-05     3.16365e-05     3.34258e-05     3.5415e-05     3.24396e-05
2190     4.13336e-06     6.35311e-05     6.35266e-05     6.35338e-05     6.71273e-05     7.11221e-05     6.51468e-05
2194     2.06668e-06     3.18806e-05     3.18783e-05     3.18819e-05     3.36852e-05     3.56898e-05     3.26913e-05
2198     2.06668e-06     3.20355e-05     3.20333e-05     3.20369e-05     3.38489e-05     3.58633e-05     3.28502e-05
2202     0     0     0     0     0     0     0
2206     0     0     0     0     0     0     0
2210     0     0     0     0     0     0     0
2214     4.13336e-06     6.48696e-05     6.48651e-05     6.48724e-05     6.85416e-05     7.26206e-05     6.65194e-05
2218     0     0     0     0     0     0     0
2222     0     0     0     0     0     0     0
2226     0     0     0     0     0     0     0
2230     0     0     0     0     0     0     0
2234     0     0     0     0     0     0     0
2238     6.20004e-06     9.9296e-05     9.9289e-05     9.93003e-05     0.000104917     0.00011116     0.000101821
2242     2.06668e-06     3.32178e-05     3.32155e-05     3.32192e-05     3.50981e-05     3.71869e-05     3.40626e-05
2246     2.06668e-06     3.32759e-05     3.32735e-05     3.32773e-05     3.51594e-05     3.72518e-05     3.41221e-05
2250     0     0     0     0     0     0     0
2254     0     0     0     0     0     0     0
2258     0     0     0     0     0     0     0
2262     4.13336e-06     6.74645e-05     6.74597e-05     6.74674e-05     7.12833e-05     7.55255e-05     6.91802e-05
2266     0     0     0     0     0     0     0
2270     2.06668e-06     3.40036e-05     3.40012e-05     3.40051e-05     3.59284e-05     3.80666e-05     3.48684e-05
2274     2.06668e-06     3.40759e-05     3.40735e-05     3.40774e-05     3.60048e-05     3.81475e-05     3.49425e-05
2278     0     0     0     0     0     0     0
2282     0     0     0     0     0     0     0
2286     4.13336e-06     6.88827e-05     6.88778e-05     6.88856e-05     7.27818e-05     7.71131e-05     7.06344e-05
2290     0     0     0     0     0     0     0
2294     2.06668e-06     3.46413e-05     3.46388e-05     3.46427e-05     3.66021e-05     3.87804e-05     3.55222e-05
2298     0     0     0     0     0     0     0
2302     0     0     0     0     0     0     0
2306     2.06668e-06     3.49898e-05     3.49874e-05     3.49913e-05     3.69704e-05     3.91706e-05     3.58797e-05
2310     0     0     0     0     0     0     0
2314     2.06668e-06     3.52182e-05     3.52157e-05     3.52197e-05     3.72118e-05     3.94263e-05     3.61139e-05
2318     0     0     0     0     0     0     0
2322     0     0     0     0     0     0     0
2326     0     0     0     0     0     0     0
2330     0     0     0     0     0     0     0
2334     0     0     0     0     0     0     0
2338     2.06668e-06     3.58185e-05     3.58159e-05     3.582e-05     3.7846e-05     4.00982e-05     3.67294e-05
2342     0     0     0     0     0     0     0
2346     2.06668e-06     3.61058e-05     3.61033e-05     3.61074e-05     3.81496e-05     4.04199e-05     3.7024e-05
2350     0     0     0     0     0     0     0
2354     0     0     0     0     0     0     0
2358     0     0     0     0     0     0     0
2362     0     0     0     0     0     0     0
2366     0     0     0     0     0     0     0
2370     0     0     0     0     0     0     0
2374     2.06668e-06     3.68556e-05     3.6853e-05     3.68572e-05     3.89418e-05     4.12593e-05     3.77929e-05
2378     0     0     0     0     0     0     0
2382     0     0     0     0     0     0     0
2386     0     0     0     0     0     0     0
2390     2.06668e-06     3.7315e-05     3.73123e-05     3.73166e-05     3.94272e-05     4.17736e-05     3.82639e-05
2394     0     0     0     0     0     0     0
2398     0     0     0     0     0     0     0
2402     0     0     0     0     0     0     0
2406     0     0     0     0     0     0     0
2410     0     0     0     0     0     0     0
2414     0     0     0     0     0     0     0
2418     2.06668e-06     3.80728e-05     3.80701e-05     3.80744e-05     4.02279e-05     4.26219e-05     3.9041e-05
2422     0     0     0     0     0     0     0
2426     0     0     0     0     0     0     0
2430     0     0     0     0     0     0     0
2434     0     0     0     0     0     0     0
2438     0     0     0     0     0     0     0
2442     4.13336e-06     7.75038e-05     7.74984e-05     7.75072e-05     8.1891e-05     8.67644e-05     7.94749e-05
2446     0     0     0     0     0     0     0
2450     2.06668e-06     3.88982e-05     3.88955e-05     3.88999e-05     4.11001e-05     4.3546e-05     3.98875e-05
2454     2.06668e-06     3.90819e-05     3.90792e-05     3.90836e-05     4.12942e-05     4.37516e-05     4.00758e-05
2458     0     0     0     0     0     0     0
2462     0     0     0     0     0     0     0
2466     2.06668e-06     3.93989e-05     3.93962e-05     3.94006e-05     4.16291e-05     4.41065e-05     4.04009e-05
2470     0     0     0     0     0     0     0
2474     0     0     0     0     0     0     0
2478     2.06668e-06     3.971e-05     3.97072e-05     3.97117e-05     4.19577e-05     4.44547e-05     4.07198e-05
2482     0     0     0     0     0     0     0
2486     0     0     0     0     0     0     0
2490     2.06668e-06     4.002e-05     4.00172e-05     4.00218e-05     4.22854e-05     4.48019e-05     4.10378e-05
2494     0     0     0     0     0     0     0
2498     0     0     0     0     0     0     0
2502     0     0     0     0     0     0     0
2506     0     0     0     0     0     0     0
2510     0     0     0     0     0     0     0
2514     0     0     0     0     0     0     0
2518     0     0     0     0     0     0     0
2522     0     0     0     0     0     0     0
2526     0     0     0     0     0     0     0
2530     0     0     0     0     0     0     0
2534     0     0     0     0     0     0     0
2538     0     0     0     0     0     0     0
2542     0     0     0     0     0     0     0
2546     0     0     0     0     0     0     0
2550     2.06668e-06     4.17521e-05     4.17491e-05     4.17538e-05     4.41154e-05     4.67408e-05     4.28139e-05
2554     0     0     0     0     0     0     0
2558     0     0     0     0     0     0     0
2562     2.06668e-06     4.21425e-05     4.21395e-05     4.21443e-05     4.4528e-05     4.71779e-05     4.32143e-05
2566     0     0     0     0     0     0     0
2570     0     0     0     0     0     0     0
2574     2.06668e-06     4.24798e-05     4.24768e-05     4.24817e-05     4.48844e-05     4.75556e-05     4.35602e-05
2578     0     0     0     0     0     0     0
2582     0     0     0     0     0     0     0
2586     2.06668e-06     4.28217e-05     4.28186e-05     4.28235e-05     4.52456e-05     4.79382e-05     4.39107e-05
2590     0     0     0     0     0     0     0
2594     2.06668e-06     4.30157e-05     4.30126e-05     4.30175e-05     4.54506e-05     4.81554e-05     4.41096e-05
2598     0     0     0     0     0     0     0
2602     0     0     0     0     0     0     0
2606     0     0     0     0     0     0     0
2610     0     0     0     0     0     0     0
2614     0     0     0     0     0     0     0
2618     0     0     0     0     0     0     0
2622     0     0     0     0     0     0     0
2626     0     0     0     0     0     0     0
2630     0     0     0     0     0     0     0
2634     0     0     0     0     0     0     0
2638     0     0     0     0     0     0     0
2642     0     0     0     0     0     0     0
2646     0     0     0     0     0     0     0
2650     0     0     0     0     0     0     0
2654     0     0     0     0     0     0     0
2658     0     0     0     0     0     0     0
2662     0     0     0     0     0     0     0
2666     2.06668e-06     4.50375e-05     4.50343e-05     4.50394e-05     4.75868e-05     5.04188e-05     4.61828e-05
2670     2.06668e-06     4.51269e-05     4.51237e-05     4.51288e-05     4.76813e-05     5.05189e-05     4.62745e-05
2674     0     0     0     0     0     0     0
2678     0     0     0     0     0     0     0
2682     0     0     0     0     0     0     0
2686     0     0     0     0     0     0     0
2690     0     0     0     0     0     0     0
2694     0     0     0     0     0     0     0
2698     0     0     0     0     0     0     0
2702     4.13336e-06     9.21618e-05     9.21552e-05     9.21657e-05     9.73786e-05     0.000103174     9.45055e-05
2706     0     0     0     0     0     0     0
2710     0     0     0     0     0     0     0
2714     0     0     0     0     0     0     0
2718     2.06668e-06     4.65238e-05     4.65205e-05     4.65258e-05     4.91573e-05     5.20828e-05     4.7707e-05
2722     0     0     0     0     0     0     0
2726     0     0     0     0     0     0     0
2730     0     0     0     0     0     0     0
2734     0     0     0     0     0     0     0
2738     0     0     0     0     0     0     0
2742     0     0     0     0     0     0     0
2746     0     0     0     0     0     0     0
2750     0     0     0     0     0     0     0
2754     0     0     0     0     0     0     0
2758     0     0     0     0     0     0     0
2762     0     0     0     0     0     0     0
2766     0     0     0     0     0     0     0
2770     0     0     0     0     0     0     0
2774     0     0     0     0     0     0     0
2778     0     0     0     0     0     0     0
2782     0     0     0     0     0     0     0
2786     0     0     0     0     0     0     0
2790     0     0     0     0     0     0     0
2794     0     0     0     0     0     0     0
2798     0     0     0     0     0     0     0
2802     0     0     0     0     0     0     0
2806     0     0     0     0     0     0     0
2810     0     0     0     0     0     0     0
2814     0     0     0     0     0     0     0
2818     0     0     0     0     0     0     0
2822     0     0     0     0     0     0     0
2826     0     0     0     0     0     0     0
2830     0     0     0     0     0     0     0
2834     0     0     0     0     0     0     0
2838     0     0     0     0     0     0     0
2842     0     0     0     0     0     0     0
2846     0     0     0     0     0     0     0
2850     0     0     0     0     0     0     0
2854     0     0     0     0     0     0     0
2858     0     0     0     0     0     0     0
2862     0     0     0     0     0     0     0
2866     0     0     0     0     0     0     0
2870     0     0     0     0     0     0     0
2874     0     0     0     0     0     0     0
2878     0     0     0     0     0     0     0
2882     0     0     0     0     0     0     0
2886     0     0     0     0     0     0     0
2890     0     0     0     0     0     0     0
2894     0     0     0     0     0     0     0
2898     0     0     0     0     0     0     0
2902     0     0     0     0     0     0     0
2906     0     0     0     0     0     0     0
2910     0     0     0     0     0     0     0
2914     0     0     0     0     0     0     0
2918     0     0     0     0     0     0     0
2922     0     0     0     0     0     0     0
2926     0     0     0     0     0     0     0
2930     0     0     0     0     0     0     0
2934     0     0     0     0     0     0     0
2938     0     0     0     0     0     0     0
2942     0     0     0     0     0     0     0
2946     0     0     0     0     0     0     0
2950     0     0     0     0     0     0     0
2954     0     0     0     0     0     0     0
2958     0     0     0     0     0     0     0
2962     0     0     0     0     0     0     0
2966     0     0     0     0     0     0     0
2970     0     0     0     0     0     0     0
2974     0     0     0     0     0     0     0
2978     0     0     0     0     0     0     0
2982     0     0     0     0     0     0     0
2986     0     0     0     0     0     0     0
2990     0     0     0     0     0     0     0
2994     0     0     0     0     0     0     0
2998     0     0     0     0     0     0     0
3002     0     0     0     0     0     0     0
3006     0     0     0     0     0     0     0
3010     0     0     0     0     0     0     0
3014     0     0     0     0     0     0     0
3018     2.06668e-06     5.52382e-05     5.52343e-05     5.52406e-05     5.8365e-05     6.18383e-05     5.6643e-05
3022     0     0     0     0     0     0     0
3026     0     0     0     0     0     0     0
3030     0     0     0     0     0     0     0
3034     0     0     0     0     0     0     0
3038     0     0     0     0     0     0     0
3042     0     0     0     0     0     0     0
3046     0     0     0     0     0     0     0
3050     0     0     0     0     0     0     0
3054     0     0     0     0     0     0     0
3058     0     0     0     0     0     0     0
3062     0     0     0     0     0     0     0
3066     2.06668e-06     5.66152e-05     5.66112e-05     5.66177e-05     5.982e-05     6.33799e-05     5.8055e-05
3070     0     0     0     0     0     0     0
3074     0     0     0     0     0     0     0
3078     0     0     0     0     0     0     0
3082     0     0     0     0     0     0     0
3086     0     0     0     0     0     0     0
3090     0     0     0     0     0     0     0
3094     0     0     0     0     0     0     0
3098     0     0     0     0     0     0     0
3102     0     0     0     0     0     0     0
3106     0     0     0     0     0     0     0
3110     0     0     0     0     0     0     0
3114     0     0     0     0     0     0     0
3118     0     0     0     0     0     0     0
3122     0     0     0     0     0     0     0
3126     0     0     0     0     0     0     0
3130     0     0     0     0     0     0     0
3134     0     0     0     0     0     0     0
3138     0     0     0     0     0     0     0
3142     0     0     0     0     0     0     0
3146     0     0     0     0     0     0     0
3150     0     0     0     0     0     0     0
3154     0     0     0     0     0     0     0
3158     0     0     0     0     0     0     0
3162     0     0     0     0     0     0     0
3166     0     0     0     0     0     0     0
3170     0     0     0     0     0     0     0
3174     0     0     0     0     0     0     0
3178     0     0     0     0     0     0     0
3182     0     0     0     0     0     0     0
3186     0     0     0     0     0     0     0
3190     0     0     0     0     0     0     0
3194     0     0     0     0     0     0     0
3198     0     0     0     0     0     0     0
3202     0     0     0     0     0     0     0
3206     0     0     0     0     0     0     0
3210     0     0     0     0     0     0     0
3214     0     0     0     0     0     0     0
3218     0     0     0     0     0     0     0
3222     0     0     0     0     0     0     0
3226     0     0     0     0     0     0     0
3230     0     0     0     0     0     0     0
3234     0     0     0     0     0     0     0
3238     0     0     0     0     0     0     0
3242     0     0     0     0     0     0     0
3246     0     0     0     0     0     0     0
3250     0     0     0     0     0     0     0
3254     0     0     0     0     0     0     0
3258     0     0     0     0     0     0     0
3262     0     0     0     0     0     0     0
3266     0     0     0     0     0     0     0
3270     0     0     0     0     0     0     0
3274     0     0     0     0     0     0     0
3278     0     0     0     0     0     0     0
3282     0     0     0     0     0     0     0
3286     0     0     0     0     0     0     0
3290     0     0     0     0     0     0     0
3294     0     0     0     0     0     0     0
3298     0     0     0     0     0     0     0
3302     0     0     0     0     0     0     0
3306     0     0     0     0     0     0     0
3310     0     0     0     0     0     0     0
3314     0     0     0     0     0     0     0
3318     0     0     0     0     0     0     0
3322     0     0     0     0     0     0     0
3326     0     0     0     0     0     0     0
3330     0     0     0     0     0     0     0
3334     0     0     0     0     0     0     0
3338     0     0     0     0     0     0     0
3342     0     0     0     0     0     0     0
3346     0     0     0     0     0     0     0
3350     0     0     0     0     0     0     0
3354     0     0     0     0     0     0     0
3358     0     0     0     0     0     0     0
3362     0     0     0     0     0     0     0
3366     0     0     0     0     0     0     0
3370     0     0     0     0     0     0     0
3374     0     0     0     0     0     0     0
3378     0     0     0     0     0     0     0
3382     0     0     0     0     0     0     0
3386     0     0     0     0     0     0     0
3390     0     0     0     0     0     0     0
3394     0     0     0     0     0     0     0
3398     0     0     0     0     0     0     0
3402     0     0     0     0     0     0     0
3406     0     0     0     0     0     0     0
3410     0     0     0     0     0     0     0
3414     0     0     0     0     0     0     0
3418     0     0     0     0     0     0     0
3422     0     0     0     0     0     0     0
3426     0     0     0     0     0     0     0
3430     0     0     0     0     0     0     0
3434     0     0     0     0     0     0     0
3438     0     0     0     0     0     0     0
3442     0     0     0     0     0     0     0
3446     0     0     0     0     0     0     0
3450     0     0     0     0     0     0     0
3454     0     0     0     0     0     0     0
3458     0     0     0     0     0     0     0
3462     0     0     0     0     0     0     0
3466     0     0     0     0     0     0     0
3470     0     0     0     0     0     0     0
3474     0     0     0     0     0     0     0
3478     0     0     0     0     0     0     0
3482     0     0     0     0     0     0     0
3486     0     0     0     0     0     0     0
3490     0     0     0     0     0     0     0
3494     0     0     0     0     0     0     0
3498     0     0     0     0     0     0     0
3502     0     0     0     0     0     0     0
3506     0     0     0     0     0     0     0
3510     0     0     0     0     0     0     0
3514     0     0     0     0     0     0     0
3518     0     0     0     0     0     0     0
3522     0     0     0     0     0     0     0
3526     0     0     0     0     0     0     0
3530     0     0     0     0     0     0     0
3534     0     0     0     0     0     0     0
3538     0     0     0     0     0     0     0
3542     0     0     0     0     0     0     0
3546     0     0     0     0     0     0     0
3550     0     0     0     0     0     0     0
3554     0     0     0     0     0     0     0
3558     0     0     0     0     0     0     0
3562     0     0     0     0     0     0     0
3566     0     0     0     0     0     0     0
3570     0     0     0     0     0     0     0
3574     0     0     0     0     0     0     0
3578     0     0     0     0     0     0     0
3582     0     0     0     0     0     0     0
3586     0     0     0     0     0     0     0
3590     0     0     0     0     0     0     0
3594     0     0     0     0     0     0     0
3598     0     0     0     0     0     0     0
3602     0     0     0     0     0     0     0
3606     0     0     0     0     0     0     0
3610     0     0     0     0     0     0     0
3614     0     0     0     0     0     0     0
3618     0     0     0     0     0     0     0
3622     0     0     0     0     0     0     0
3626     0     0     0     0     0     0     0
3630     0     0     0     0     0     0     0
3634     0     0     0     0     0     0     0
3638     0     0     0     0     0     0     0
3642     0     0     0     0     0     0     0
3646     0     0     0     0     0     0     0
3650     0     0     0     0     0     0     0
3654     0     0     0     0     0     0     0
3658     0     0     0     0     0     0     0
3662     0     0     0     0     0     0     0
3666     0     0     0     0     0     0     0
3670     0     0     0     0     0     0     0
3674     0     0     0     0     0     0     0
3678     0     0     0     0     0     0     0
3682     0     0     0     0     0     0     0
3686     0     0     0     0     0     0     0
3690     0     0     0     0     0     0     0
3694     0     0     0     0     0     0     0
3698     0     0     0     0     0     0     0
3702     0     0     0     0     0     0     0
3706     0     0     0     0     0     0     0
3710     0     0     0     0     0     0     0
3714     0     0     0     0     0     0     0
3718     0     0     0     0     0     0     0
3722     0     0     0     0     0     0     0
3726     0     0     0     0     0     0     0
3730     0     0     0     0     0     0     0
3734     0     0     0     0     0     0     0
3738     0     0     0     0     0     0     0
3742     0     0     0     0     0     0     0
3746     0     0     0     0     0     0     0
3750     0     0     0     0     0     0     0
3754     0     0     0     0     0     0     0
3758     0     0     0     0     0     0     0
3762     0     0     0     0     0     0     0
3766     0     0     0     0     0     0     0
3770     0     0     0     0     0     0     0
3774     0     0     0     0     0     0     0
3778     0     0     0     0     0     0     0
3782     0     0     0     0     0     0     0
3786     0     0     0     0     0     0     0
3790     0     0     0     0     0     0     0
3794     0     0     0     0     0     0     0
3798     0     0     0     0     0     0     0
3802     0     0     0     0     0     0     0
3806     0     0     0     0     0     0     0
3810     0     0     0     0     0     0     0
3814     0     0     0     0     0     0     0
3818     0     0     0     0     0     0     0
3822     0     0     0     0     0     0     0
3826     0     0     0     0     0     0     0
3830     0     0     0     0     0     0     0
3834     0     0     0     0     0     0     0
3838     0     0     0     0     0     0     0
3842     0     0     0     0     0     0     0
3846     0     0     0     0     0     0     0
3850     0     0     0     0     0     0     0
3854     0     0     0     0     0     0     0
3858     0     0     0     0     0     0     0
3862     0     0     0     0     0     0     0
3866     0     0     0     0     0     0     0
3870     0     0     0     0     0     0     0
3874     0     0     0     0     0     0     0
3878     0     0     0     0     0     0     0
3882     0     0     0     0     0     0     0
3886     0     0     0     0     0     0     0
3890     0     0     0     0     0     0     0
3894     0     0     0     0     0     0     0
3898     0     0     0     0     0     0     0
3902     0     0     0     0     0     0     0
3906     0     0     0     0     0     0     0
3910     0     0     0     0     0     0     0
3914     0     0     0     0     0     0     0
3918     0     0     0     0     0     0     0
3922     0     0     0     0     0     0     0
3926     0     0     0     0     0     0     0
3930     0     0     0     0     0     0     0
3934     0     0     0     0     0     0     0
3938     0     0     0     0     0     0     0
3942     0     0     0     0     0     0     0
3946     0     0     0     0     0     0     0
3950     0     0     0     0     0     0     0
3954     0     0     0     0     0     0     0
3958     0     0     0     0     0     0     0
3962     0     0     0     0     0     0     0
3966     0     0     0     0     0     0     0
3970     0     0     0     0     0     0     0
3974     0     0     0     0     0     0     0
3978     0     0     0     0     0     0     0
3982     0     0     0     0     0     0     0
3986     0     0     0     0     0     0     0
3990     0     0     0     0     0     0     0
3994     0     0     0     0     0     0     0
3998     0     0     0     0     0     0     0
