2     0     0     0     0     0     0     0
6     0     0     0     0     0     0     0
10     0     0     0     0     0     0     0
14     0     0     0     0     0     0     0
18     0     0     0     0     0     0     0
22     0     0     0     0     0     0     0
26     0.000193059     1.61531e-07     1.61531e-07     1.61531e-07     1.65255e-07     1.67159e-07     1.63963e-07
30     0.000151689     1.03498e-07     1.03498e-07     1.03498e-07     1.05884e-07     1.07104e-07     1.05056e-07
34     0.000344749     1.97475e-07     1.97475e-07     1.97475e-07     2.02028e-07     2.04356e-07     2.00447e-07
38     0.000248219     1.22431e-07     1.22431e-07     1.22431e-07     1.25253e-07     1.26697e-07     1.24274e-07
42     0.000413698     1.77111e-07     1.77111e-07     1.77111e-07     1.81195e-07     1.83282e-07     1.79777e-07
46     0.000358538     1.36887e-07     1.36887e-07     1.36887e-07     1.40042e-07     1.41656e-07     1.38947e-07
50     0.000413698     1.39823e-07     1.39823e-07     1.39823e-07     1.43047e-07     1.44695e-07     1.41928e-07
54     0.000592967     1.8413e-07     1.8413e-07     1.8413e-07     1.88375e-07     1.90546e-07     1.86901e-07
58     0.000620547     1.77061e-07     1.77061e-07     1.77061e-07     1.81143e-07     1.8323e-07     1.79726e-07
62     0.000524018     1.38738e-07     1.38738e-07     1.38738e-07     1.41936e-07     1.43572e-07     1.40826e-07
66     0.000579178     1.43432e-07     1.43432e-07     1.43432e-07     1.46739e-07     1.48429e-07     1.45591e-07
70     0.000606757     1.42985e-07     1.42985e-07     1.42985e-07     1.46282e-07     1.47967e-07     1.45138e-07
74     0.000841186     1.90382e-07     1.90382e-07     1.90382e-07     1.94772e-07     1.97016e-07     1.93248e-07
78     0.000744657     1.63073e-07     1.63073e-07     1.63073e-07     1.66833e-07     1.68755e-07     1.65528e-07
82     0.000786027     1.68064e-07     1.68064e-07     1.68064e-07     1.71939e-07     1.7392e-07     1.70594e-07
86     0.000992876     2.08991e-07     2.08991e-07     2.08991e-07     2.13809e-07     2.16272e-07     2.12136e-07
90     0.000896346     1.87175e-07     1.87175e-07     1.87175e-07     1.9149e-07     1.93697e-07     1.89992e-07
94     0.000965296     2.01301e-07     2.01301e-07     2.01301e-07     2.05943e-07     2.08315e-07     2.04331e-07
98     0.000992876     2.07837e-07     2.07837e-07     2.07837e-07     2.12629e-07     2.15079e-07     2.10966e-07
102     0.00121351     2.56142e-07     2.56142e-07     2.56142e-07     2.62048e-07     2.65067e-07     2.59998e-07
106     0.00139278     2.98545e-07     2.98545e-07     2.98545e-07     3.05428e-07     3.08948e-07     3.03039e-07
110     0.00132383     2.89973e-07     2.89973e-07     2.89973e-07     2.96659e-07     3.00077e-07     2.94338e-07
114     0.00137899     3.12745e-07     3.12745e-07     3.12745e-07     3.19955e-07     3.23642e-07     3.17452e-07
118     0.00142036     3.39826e-07     3.39826e-07     3.39826e-07     3.47661e-07     3.51667e-07     3.44941e-07
122     0.00157205     4.02699e-07     4.02699e-07     4.02699e-07     4.11983e-07     4.1673e-07     4.0876e-07
126     0.00148931     4.22881e-07     4.22881e-07     4.22881e-07     4.32631e-07     4.37615e-07     4.29246e-07
130     0.00144794     4.64109e-07     4.64109e-07     4.64109e-07     4.74809e-07     4.8028e-07     4.71095e-07
134     0.0013652     5.09532e-07     5.09532e-07     5.09532e-07     5.21279e-07     5.27285e-07     5.17201e-07
138     0.00154447     6.96459e-07     6.96459e-07     6.96459e-07     7.12516e-07     7.20725e-07     7.06942e-07
142     0.00151689     8.51484e-07     8.51484e-07     8.51484e-07     8.71115e-07     8.81152e-07     8.64301e-07
146     0.00157205     1.13186e-06     1.13186e-06     1.13186e-06     1.15795e-06     1.17129e-06     1.14889e-06
150     0.00194438     1.93431e-06     1.93431e-06     1.93431e-06     1.9789e-06     2.0017e-06     1.96342e-06
154     0.00215123     3.24414e-06     3.24414e-06     3.24414e-06     3.31893e-06     3.35717e-06     3.29297e-06
158     0.0019168     5.42738e-06     5.42738e-06     5.42738e-06     5.55251e-06     5.61648e-06     5.50907e-06
162     0.00180648     1.3286e-05     1.3286e-05     1.3286e-05     1.35923e-05     1.37489e-05     1.3486e-05
166     0.00206849     2.9077e-05     2.9077e-05     2.9077e-05     2.97474e-05     3.00901e-05     2.95147e-05
170     0.00239945     4.61508e-05     4.61508e-05     4.61508e-05     4.72148e-05     4.77588e-05     4.68455e-05
174     0.00241324     5.60647e-05     5.60647e-05     5.60647e-05     5.73573e-05     5.80182e-05     5.69086e-05
178     0.00256493     7.05149e-05     7.05149e-05     7.05149e-05     7.21407e-05     7.29719e-05     7.15763e-05
182     0.00209607     6.94911e-05     6.94911e-05     6.94911e-05     7.10933e-05     7.19124e-05     7.05371e-05
186     0.00231671     9.3055e-05     9.3055e-05     9.3055e-05     9.52005e-05     9.62974e-05     9.44557e-05
190     0.00253735     0.000118636     0.000118636     0.000118636     0.000121371     0.000122769     0.000120421
194     0.00273041     0.00014423     0.00014423     0.00014423     0.000147556     0.000149256     0.000146401
198     0.00296484     0.000172034     0.000172034     0.000172034     0.000176     0.000178028     0.000174623
202     0.00321306     0.000204646     0.000204646     0.000204646     0.000209365     0.000211777     0.000207727
206     0.00319927     0.000222513     0.000222513     0.000222513     0.000227643     0.000230266     0.000225862
210     0.00277178     0.000207586     0.000207586     0.000207586     0.000213036     0.000215781     0.000211174
214     0.00318548     0.000257278     0.000257278     0.000257278     0.000264919     0.00026872     0.00026234
218     0.00346128     0.000299419     0.000299419     0.000299419     0.000308398     0.000312865     0.00030537
222     0.00322685     0.00029754     0.00029754     0.00029754     0.000306617     0.000311126     0.000303559
226     0.00308895     0.000303336     0.000303336     0.000303336     0.000312731     0.000317392     0.00030957
230     0.00355781     0.000370975     0.000370975     0.000370975     0.000382624     0.000388398     0.000378709
234     0.00405424     0.000448399     0.000448399     0.000448399     0.000462664     0.000469727     0.000457874
238     0.00376465     0.000440587     0.000440587     0.000440587     0.000454877     0.000461941     0.000450086
242     0.00433004     0.000535412     0.000535412     0.000535412     0.000553005     0.000561694     0.000547111
246     0.0039715     0.000517987     0.000517987     0.000517987     0.000535357     0.000543924     0.000529546
250     0.00421972     0.000578777     0.000578777     0.000578777     0.000598523     0.000608246     0.000591927
254     0.00504712     0.000728525     0.000728525     0.000728525     0.000753903     0.000766368     0.000745443
258     0.0043852     0.000665203     0.000665203     0.000665203     0.000688744     0.000700281     0.000680911
262     0.00510228     0.000812073     0.000812073     0.000812073     0.00084154     0.000855942     0.000831757
266     0.0049368     0.000822022     0.000822022     0.000822022     0.000852452     0.000867298     0.000842365
270     0.00536429     0.000935614     0.000935614     0.000935614     0.00097099     0.000988225     0.000959277
274     0.00550219     0.00100246     0.00100246     0.00100246     0.0010413     0.00106019     0.00102845
278     0.00541945     0.00103223     0.00103223     0.00103223     0.00107326     0.00109319     0.00105971
282     0.00565388     0.00112532     0.00112532     0.00112532     0.00117119     0.00119342     0.00115607
286     0.00597105     0.00123651     0.00123651     0.00123651     0.00128802     0.00131292     0.00127108
290     0.00659159     0.00142283     0.00142283     0.00142283     0.00148398     0.00151347     0.00146391
294     0.0064399     0.00144492     0.00144492     0.00144492     0.00150905     0.00153992     0.00148803
298     0.00697771     0.00162611     0.00162611     0.00162611     0.00170056     0.00173636     0.00167619
302     0.00744657     0.00180327     0.00180327     0.00180327     0.00188846     0.00192934     0.00186062
306     0.00774995     0.00194847     0.00194847     0.00194847     0.00204422     0.00209004     0.002013
310     0.00801196     0.00208805     0.00208805     0.00208805     0.00219365     0.00224405     0.00215929
314     0.00843944     0.0022791     0.0022791     0.0022791     0.00239918     0.00245632     0.00236021
318     0.00888072     0.00248196     0.00248196     0.00248196     0.00261831     0.00268301     0.00257416
322     0.010177     0.00294478     0.00294478     0.00294478     0.00311429     0.00319449     0.00305952
326     0.00998392     0.00298348     0.00298348     0.00298348     0.00316322     0.00324803     0.00310529
330     0.0104666     0.00323087     0.00323087     0.00323087     0.00343471     0.00353056     0.00336918
334     0.0103838     0.00330813     0.00330813     0.00330813     0.00353016     0.00363402     0.00345907
338     0.011818     0.00388399     0.00388399     0.00388399     0.00415782     0.00428528     0.00407047
342     0.0125075     0.00424114     0.00424114     0.00424114     0.00455928     0.00470657     0.0044582
346     0.0140244     0.00491697     0.00491697     0.00491697     0.00531628     0.00550086     0.00518958
350     0.0142174     0.00518367     0.00518367     0.00518367     0.00563887     0.00584906     0.00549459
354     0.0150172     0.00573072     0.00573072     0.00573072     0.00627518     0.00652662     0.00610266
358     0.0169478     0.00678026     0.00678026     0.00678026     0.00747037     0.00778945     0.00725151
362     0.0177201     0.00742331     0.00742331     0.00742331     0.00823546     0.00861107     0.00797787
366     0.0205746     0.00900562     0.00900562     0.00900562     0.0100656     0.0105558     0.00972954
370     0.0215399     0.0098336     0.0098336     0.0098336     0.0110718     0.0116446     0.0106791
374     0.023374     0.0111561     0.0111561     0.0111561     0.0126582     0.0133537     0.0121815
378     0.0260768     0.0129722     0.0129722     0.0129722     0.0148191     0.0156753     0.0142324
382     0.0285728     0.0148026     0.0148026     0.0148026     0.0170395     0.018078     0.0163283
386     0.0321719     0.0173224     0.0173224     0.0173224     0.0200791     0.02136     0.0192018
390     0.0349713     0.0195447     0.0195447     0.0195447     0.0228053     0.0243223     0.0217667
394     0.039715     0.0230024     0.0230024     0.0230024     0.0269922     0.0288504     0.0257201
398     0.0443622     0.0266264     0.0266264     0.0266264     0.0313948     0.0336185     0.0298728
402     0.0501954     0.0312111     0.0312111     0.0312111     0.0369018     0.03956     0.0350829
406     0.0582625     0.037545     0.037545     0.037545     0.0444655     0.0477042     0.04225
410     0.0651851     0.0435344     0.0435344     0.0435344     0.0515084     0.055247     0.0489518
414     0.0771961     0.0534832     0.0534832     0.0534832     0.0631164     0.0676394     0.0600236
418     0.0890968     0.0641341     0.0641341     0.0641341     0.0752472     0.0804747     0.0716735
422     0.10428     0.0781951     0.0781951     0.0781951     0.0909958     0.0970324     0.0868698
426     0.119959     0.0941354     0.0941354     0.0941354     0.108294     0.114993     0.103717
430     0.143153     0.118319     0.118319     0.118319     0.134252     0.141816     0.129088
434     0.164473     0.144343     0.144343     0.144343     0.161123     0.169113     0.155667
438     0.190191     0.178808     0.178808     0.178808     0.195968     0.204176     0.190365
442     0.20969     0.212617     0.212617     0.212617     0.228543     0.236222     0.223306
446     0.223066     0.243937     0.243937     0.243937     0.256972     0.263337     0.252637
450     0.218309     0.25519     0.25519     0.25519     0.263356     0.267442     0.260578
454     0.204932     0.25154     0.25154     0.25154     0.254504     0.256125     0.253407
458     0.181117     0.22891     0.22891     0.22891     0.227074     0.226403     0.227541
462     0.157771     0.202076     0.202076     0.202076     0.196767     0.194433     0.19837
466     0.134466     0.172865     0.172865     0.172865     0.165421     0.162058     0.167727
470     0.111947     0.143835     0.143835     0.143835     0.135366     0.131502     0.138017
474     0.092172     0.118261     0.118261     0.118261     0.109686     0.105749     0.112386
478     0.0786027     0.100821     0.100821     0.100821     0.0922483     0.0882917     0.0949611
482     0.0666606     0.0856593     0.0856593     0.0856593     0.0774088     0.0735795     0.0800317
486     0.0555735     0.071699     0.071699     0.071699     0.0640875     0.0605366     0.0665176
490     0.0468996     0.0608591     0.0608591     0.0608591     0.0538637     0.0505885     0.0561042
494     0.04057     0.0530198     0.0530198     0.0530198     0.0465049     0.0434495     0.048595
498     0.0347231     0.0457642     0.0457642     0.0457642     0.0398089     0.0370142     0.0417215
502     0.0299104     0.039803     0.039803     0.039803     0.0343754     0.0318252     0.0361207
506     0.0265181     0.0356649     0.0356649     0.0356649     0.0305966     0.0282101     0.0322295
510     0.0240359     0.0326988     0.0326988     0.0326988     0.0278871     0.0256143     0.0294413
514     0.0211676     0.0291461     0.0291461     0.0291461     0.0247241     0.022628     0.0261566
518     0.0185613     0.0258815     0.0258815     0.0258815     0.0218457     0.0199258     0.0231567
522     0.0164376     0.0232184     0.0232184     0.0232184     0.0195073     0.017737     0.0207154
526     0.0147414     0.0210979     0.0210979     0.0210979     0.0176514     0.016005     0.0187749
530     0.0139692     0.0202526     0.0202526     0.0202526     0.0168724     0.0152575     0.0179749
534     0.0119835     0.017599     0.017599     0.017599     0.0146081     0.0131802     0.0155835
538     0.0109078     0.0162318     0.0162318     0.0162318     0.0134259     0.0120877     0.0143407
542     0.0100529     0.0151611     0.0151611     0.0151611     0.0124961     0.0112256     0.0133649
546     0.00961159     0.0146983     0.0146983     0.0146983     0.0120811     0.010833     0.0129349
550     0.00872903     0.0135394     0.0135394     0.0135394     0.0110851     0.0099138     0.0118865
554     0.00784648     0.0123459     0.0123459     0.0123459     0.0100833     0.00900247     0.0108228
558     0.00717077     0.0114389     0.0114389     0.0114389     0.00931536     0.00829949     0.0100102
562     0.00674328     0.0108961     0.0108961     0.0108961     0.00885488     0.00787644     0.0095239
566     0.00572283     0.00935262     0.00935262     0.00935262     0.00758387     0.00673399     0.00816467
570     0.00573662     0.00949479     0.00949479     0.00949479     0.00768015     0.00680666     0.00827701
574     0.00517123     0.00867991     0.00867991     0.00867991     0.00699626     0.00618525     0.00755047
578     0.00468858     0.00797771     0.00797771     0.00797771     0.00642069     0.00567052     0.00693339
582     0.00439899     0.00758662     0.00758662     0.00758662     0.00608946     0.00536783     0.00658278
586     0.00442657     0.00773543     0.00773543     0.00773543     0.00619315     0.00544906     0.00670184
590     0.0045231     0.00800869     0.00800869     0.00800869     0.00639891     0.00562123     0.00693044
594     0.00391634     0.00704779     0.00704779     0.00704779     0.00561721     0.00492509     0.00609019
598     0.00333717     0.00609895     0.00609895     0.00609895     0.00484953     0.00424414     0.00526319
602     0.00344749     0.00638587     0.00638587     0.00638587     0.00506338     0.00442123     0.00550198
606     0.00339233     0.00635703     0.00635703     0.00635703     0.00503293     0.00438849     0.00547287
610     0.00285452     0.00541151     0.00541151     0.00541151     0.0042733     0.00371833     0.00465205
614     0.00273041     0.00524337     0.00524337     0.00524337     0.00413295     0.00359108     0.00450276
618     0.00284073     0.0055364     0.0055364     0.0055364     0.00435396     0.00377672     0.00474795
622     0.00263388     0.00520323     0.00520323     0.00520323     0.00408093     0.00353273     0.00445517
626     0.00239945     0.00480322     0.00480322     0.00480322     0.0037619     0.0032527     0.00410943
630     0.00220639     0.00447276     0.00447276     0.00447276     0.0034917     0.0030114     0.00381951
634     0.00201333     0.00412801     0.00412801     0.00412801     0.00321879     0.00277315     0.00352289
638     0.00194438     0.00403701     0.00403701     0.00403701     0.00313964     0.00269921     0.00344014
642     0.00165479     0.00347906     0.00347906     0.00347906     0.00270022     0.00231733     0.00296139
646     0.00170995     0.00364642     0.00364642     0.00364642     0.0028219     0.00241582     0.00309883
650     0.00162721     0.00352103     0.00352103     0.00352103     0.00271736     0.00232105     0.00298757
654     0.00148931     0.00326588     0.00326588     0.00326588     0.00251648     0.00214686     0.00276858
658     0.00206849     0.00459734     0.00459734     0.00459734     0.00352991     0.00300325     0.00388914
662     0.00129625     0.00291736     0.00291736     0.00291736     0.00223462     0.00189738     0.00246462
666     0.00125488     0.0028591     0.0028591     0.0028591     0.0021844     0.0018504     0.00241206
670     0.00115836     0.00267097     0.00267097     0.00267097     0.00203814     0.00172424     0.00225203
674     0.00126867     0.00296002     0.00296002     0.00296002     0.00225351     0.00190259     0.00249254
678     0.00125488     0.00296424     0.00296424     0.00296424     0.00225024     0.00189534     0.00249197
682     0.00124109     0.00296298     0.00296298     0.00296298     0.00224756     0.00189187     0.00248993
686     0.00119972     0.00289523     0.00289523     0.00289523     0.00218881     0.00183732     0.00242831
690     0.000979086     0.00238959     0.00238959     0.00238959     0.00180125     0.00150813     0.00200097
694     0.00108941     0.00269255     0.00269255     0.00269255     0.00202418     0.00169037     0.00225144
698     0.00100667     0.00251954     0.00251954     0.00251954     0.00189089     0.00157624     0.002105
702     0.000854976     0.00216483     0.00216483     0.00216483     0.00162226     0.00135022     0.00180731
706     0.000772237     0.00197749     0.00197749     0.00197749     0.00147832     0.00122777     0.00164875
710     0.000854976     0.00221677     0.00221677     0.00221677     0.00165063     0.00136622     0.00184408
714     0.000813607     0.00213757     0.00213757     0.00213757     0.00158879     0.00131287     0.00177646
718     0.000786027     0.00209015     0.00209015     0.00209015     0.0015496     0.0012775     0.00173464
722     0.000620547     0.00167132     0.00167132     0.00167132     0.00123435     0.00101392     0.00138417
726     0.000675707     0.00183731     0.00183731     0.00183731     0.00135363     0.00110908     0.00151974
730     0.000965296     0.00265117     0.00265117     0.00265117     0.00195229     0.00159819     0.0021927
734     0.000661917     0.00183885     0.00183885     0.00183885     0.00134925     0.00110088     0.00151786
738     0.000717077     0.00201543     0.00201543     0.00201543     0.00147548     0.00120127     0.0016616
742     0.000703287     0.00200182     0.00200182     0.00200182     0.0014607     0.00118546     0.00164746
746     0.000579178     0.00166849     0.00166849     0.00166849     0.00121583     0.00098514     0.00137231
750     0.000441278     0.00128821     0.00128821     0.00128821     0.000935376     0.000755177     0.00105754
754     0.000592967     0.00175014     0.00175014     0.00175014     0.00126697     0.00101991     0.00143443
758     0.000551598     0.00164318     0.00164318     0.00164318     0.00118802     0.000955097     0.0013459
762     0.000455068     0.00136934     0.00136934     0.00136934     0.000987606     0.000791966     0.00112016
766     0.000551598     0.00167808     0.00167808     0.00167808     0.00120909     0.000968297     0.00137219
770     0.000372328     0.00114634     0.00114634     0.00114634     0.000821999     0.000655139     0.000934951
774     0.000303379     0.000944773     0.000944773     0.000944773     0.000675368     0.000536566     0.000769317
778     0.000386118     0.00121884     0.00121884     0.00121884     0.000869601     0.000689314     0.000991558
782     0.000496438     0.00158498     0.00158498     0.00158498     0.00112872     0.000892677     0.00128832
786     0.000510228     0.00164496     0.00164496     0.00164496     0.00116723     0.000919508     0.00133464
790     0.000344749     0.00112209     0.00112209     0.00112209     0.000793717     0.000623057     0.000908974
794     0.000413698     0.00136098     0.00136098     0.00136098     0.000962506     0.000755084     0.00110254
798     0.000413698     0.00137617     0.00137617     0.00137617     0.000969326     0.000757259     0.00111246
802     0.000358538     0.0012055     0.0012055     0.0012055     0.000847628     0.000660853     0.000973672
806     0.000372328     0.00126648     0.00126648     0.00126648     0.000887449     0.00068919     0.00102114
810     0.000303379     0.00104479     0.00104479     0.00104479     0.000730608     0.000565913     0.000841626
814     0.000303379     0.00105659     0.00105659     0.00105659     0.000736467     0.000568226     0.000849778
818     0.000344749     0.00121533     0.00121533     0.00121533     0.000845341     0.000650493     0.000976498
822     0.000413698     0.00147226     0.00147226     0.00147226     0.00102264     0.000785882     0.00118205
826     0.000386118     0.00138603     0.00138603     0.00138603     0.00096018     0.000736056     0.00111116
830     0.000317169     0.0011525     0.0011525     0.0011525     0.000794201     0.000605265     0.000921413
834     0.000206849     0.000759304     0.000759304     0.000759304     0.000522059     0.000396285     0.000606584
838     0.000344749     0.00128076     0.00128076     0.00128076     0.000878967     0.000664583     0.00102276
842     0.000248219     0.000932739     0.000932739     0.000932739     0.000637655     0.000479843     0.00074343
846     0.000193059     0.000733184     0.000733184     0.000733184     0.000500003     0.000375473     0.000583522
850     0.000262009     0.0010041     0.0010041     0.0010041     0.000684453     0.000513938     0.000798902
854     0.000206849     0.000801777     0.000801777     0.000801777     0.00054388     0.000405979     0.00063637
858     0.000330959     0.00129746     0.00129746     0.00129746     0.000880653     0.000656821     0.00103057
862     0.000289589     0.00114806     0.00114806     0.00114806     0.000774163     0.000572489     0.000909056
866     0.000317169     0.00127117     0.00127117     0.00127117     0.000856189     0.00063164     0.00100623
870     0.000275799     0.00111571     0.00111571     0.00111571     0.000748767     0.000549738     0.000881659
874     0.000220639     0.000902594     0.000902594     0.000902594     0.000604764     0.000442797     0.000712838
878     0.000124109     0.000512569     0.000512569     0.000512569     0.000343408     0.00025121     0.000404886
882     0.000124109     0.000517736     0.000517736     0.000517736     0.00034462     0.000250168     0.000407587
886     0.000179269     0.000755897     0.000755897     0.000755897     0.000502588     0.000364296     0.00059478
890     0.000165479     0.000705261     0.000705261     0.000705261     0.000467695     0.00033765     0.000554317
894     0.000151689     0.00065388     0.00065388     0.00065388     0.000431049     0.000308424     0.000512583
898     0.000193059     0.000840235     0.000840235     0.000840235     0.000554468     0.000396365     0.000659413
902     0.000220639     0.000972091     0.000972091     0.000972091     0.000639232     0.000454505     0.000761722
906     5.51598e-05     0.000245312     0.000245312     0.000245312     0.000161179     0.000114504     0.00019214
910     0.000234429     0.00105373     0.00105373     0.00105373     0.000689864     0.000487965     0.000823793
914     0.000124109     0.000563152     0.000563152     0.000563152     0.000368053     0.000259555     0.000439984
918     5.51598e-05     0.000253187     0.000253187     0.000253187     0.00016439     0.000114788     0.000197227
922     0     0     0     0     0     0     0
926     0     0     0     0     0     0     0
930     0     0     0     0     0     0     0
934     0     0     0     0     0     0     0
938     0     0     0     0     0     0     0
942     0     0     0     0     0     0     0
946     0     0     0     0     0     0     0
950     0     0     0     0     0     0     0
954     0     0     0     0     0     0     0
958     0     0     0     0     0     0     0
962     0     0     0     0     0     0     0
966     0     0     0     0     0     0     0
970     0     0     0     0     0     0     0
974     0     0     0     0     0     0     0
978     0     0     0     0     0     0     0
982     0     0     0     0     0     0     0
986     0     0     0     0     0     0     0
990     0     0     0     0     0     0     0
994     0     0     0     0     0     0     0
998     0     0     0     0     0     0     0
1002     0     0     0     0     0     0     0
1006     0     0     0     0     0     0     0
1010     0     0     0     0     0     0     0
1014     0     0     0     0     0     0     0
1018     0     0     0     0     0     0     0
1022     0     0     0     0     0     0     0
1026     0     0     0     0     0     0     0
1030     0     0     0     0     0     0     0
1034     0     0     0     0     0     0     0
1038     0     0     0     0     0     0     0
1042     0     0     0     0     0     0     0
1046     0     0     0     0     0     0     0
1050     0     0     0     0     0     0     0
1054     0     0     0     0     0     0     0
1058     0     0     0     0     0     0     0
1062     0     0     0     0     0     0     0
1066     0     0     0     0     0     0     0
1070     0     0     0     0     0     0     0
1074     0     0     0     0     0     0     0
1078     0     0     0     0     0     0     0
1082     0     0     0     0     0     0     0
1086     0     0     0     0     0     0     0
1090     0     0     0     0     0     0     0
1094     0     0     0     0     0     0     0
1098     0     0     0     0     0     0     0
1102     0     0     0     0     0     0     0
1106     0     0     0     0     0     0     0
1110     0     0     0     0     0     0     0
1114     0     0     0     0     0     0     0
1118     0     0     0     0     0     0     0
1122     0     0     0     0     0     0     0
1126     0     0     0     0     0     0     0
1130     0     0     0     0     0     0     0
1134     0     0     0     0     0     0     0
1138     0     0     0     0     0     0     0
1142     0     0     0     0     0     0     0
1146     0     0     0     0     0     0     0
1150     0     0     0     0     0     0     0
1154     0     0     0     0     0     0     0
1158     0     0     0     0     0     0     0
1162     0     0     0     0     0     0     0
1166     0     0     0     0     0     0     0
1170     0     0     0     0     0     0     0
1174     0     0     0     0     0     0     0
1178     0     0     0     0     0     0     0
1182     0     0     0     0     0     0     0
1186     0     0     0     0     0     0     0
1190     0     0     0     0     0     0     0
1194     0     0     0     0     0     0     0
1198     0     0     0     0     0     0     0
1202     0     0     0     0     0     0     0
1206     0     0     0     0     0     0     0
1210     0     0     0     0     0     0     0
1214     0     0     0     0     0     0     0
1218     0     0     0     0     0     0     0
1222     0     0     0     0     0     0     0
1226     0     0     0     0     0     0     0
1230     0     0     0     0     0     0     0
1234     0     0     0     0     0     0     0
1238     0     0     0     0     0     0     0
1242     0     0     0     0     0     0     0
1246     0     0     0     0     0     0     0
1250     0     0     0     0     0     0     0
1254     0     0     0     0     0     0     0
1258     0     0     0     0     0     0     0
1262     0     0     0     0     0     0     0
1266     0     0     0     0     0     0     0
1270     0     0     0     0     0     0     0
1274     0     0     0     0     0     0     0
1278     0     0     0     0     0     0     0
1282     0     0     0     0     0     0     0
1286     0     0     0     0     0     0     0
1290     0     0     0     0     0     0     0
1294     0     0     0     0     0     0     0
1298     0     0     0     0     0     0     0
1302     0     0     0     0     0     0     0
1306     0     0     0     0     0     0     0
1310     0     0     0     0     0     0     0
1314     0     0     0     0     0     0     0
1318     0     0     0     0     0     0     0
1322     0     0     0     0     0     0     0
1326     0     0     0     0     0     0     0
1330     0     0     0     0     0     0     0
1334     0     0     0     0     0     0     0
1338     0     0     0     0     0     0     0
1342     0     0     0     0     0     0     0
1346     0     0     0     0     0     0     0
1350     0     0     0     0     0     0     0
1354     0     0     0     0     0     0     0
1358     0     0     0     0     0     0     0
1362     0     0     0     0     0     0     0
1366     0     0     0     0     0     0     0
1370     0     0     0     0     0     0     0
1374     0     0     0     0     0     0     0
1378     0     0     0     0     0     0     0
1382     0     0     0     0     0     0     0
1386     0     0     0     0     0     0     0
1390     0     0     0     0     0     0     0
1394     0     0     0     0     0     0     0
1398     0     0     0     0     0     0     0
1402     0     0     0     0     0     0     0
1406     0     0     0     0     0     0     0
1410     0     0     0     0     0     0     0
1414     0     0     0     0     0     0     0
1418     0     0     0     0     0     0     0
1422     0     0     0     0     0     0     0
1426     0     0     0     0     0     0     0
1430     0     0     0     0     0     0     0
1434     0     0     0     0     0     0     0
1438     0     0     0     0     0     0     0
1442     0     0     0     0     0     0     0
1446     0     0     0     0     0     0     0
1450     0     0     0     0     0     0     0
1454     0     0     0     0     0     0     0
1458     0     0     0     0     0     0     0
1462     0     0     0     0     0     0     0
1466     0     0     0     0     0     0     0
1470     0     0     0     0     0     0     0
1474     0     0     0     0     0     0     0
1478     0     0     0     0     0     0     0
1482     0     0     0     0     0     0     0
1486     0     0     0     0     0     0     0
1490     0     0     0     0     0     0     0
1494     0     0     0     0     0     0     0
1498     0     0     0     0     0     0     0
1502     0     0     0     0     0     0     0
1506     0     0     0     0     0     0     0
1510     0     0     0     0     0     0     0
1514     0     0     0     0     0     0     0
1518     0     0     0     0     0     0     0
1522     0     0     0     0     0     0     0
1526     0     0     0     0     0     0     0
1530     0     0     0     0     0     0     0
1534     0     0     0     0     0     0     0
1538     0     0     0     0     0     0     0
1542     0     0     0     0     0     0     0
1546     0     0     0     0     0     0     0
1550     0     0     0     0     0     0     0
1554     0     0     0     0     0     0     0
1558     0     0     0     0     0     0     0
1562     0     0     0     0     0     0     0
1566     0     0     0     0     0     0     0
1570     0     0     0     0     0     0     0
1574     0     0     0     0     0     0     0
1578     0     0     0     0     0     0     0
1582     0     0     0     0     0     0     0
1586     0     0     0     0     0     0     0
1590     0     0     0     0     0     0     0
1594     0     0     0     0     0     0     0
1598     0     0     0     0     0     0     0
1602     0     0     0     0     0     0     0
1606     0     0     0     0     0     0     0
1610     0     0     0     0     0     0     0
1614     0     0     0     0     0     0     0
1618     0     0     0     0     0     0     0
1622     0     0     0     0     0     0     0
1626     0     0     0     0     0     0     0
1630     0     0     0     0     0     0     0
1634     0     0     0     0     0     0     0
1638     0     0     0     0     0     0     0
1642     0     0     0     0     0     0     0
1646     0     0     0     0     0     0     0
1650     0     0     0     0     0     0     0
1654     0     0     0     0     0     0     0
1658     0     0     0     0     0     0     0
1662     0     0     0     0     0     0     0
1666     0     0     0     0     0     0     0
1670     0     0     0     0     0     0     0
1674     0     0     0     0     0     0     0
1678     0     0     0     0     0     0     0
1682     0     0     0     0     0     0     0
1686     0     0     0     0     0     0     0
1690     0     0     0     0     0     0     0
1694     0     0     0     0     0     0     0
1698     0     0     0     0     0     0     0
1702     0     0     0     0     0     0     0
1706     0     0     0     0     0     0     0
1710     0     0     0     0     0     0     0
1714     0     0     0     0     0     0     0
1718     0     0     0     0     0     0     0
1722     0     0     0     0     0     0     0
1726     0     0     0     0     0     0     0
1730     0     0     0     0     0     0     0
1734     0     0     0     0     0     0     0
1738     0     0     0     0     0     0     0
1742     0     0     0     0     0     0     0
1746     0     0     0     0     0     0     0
1750     0     0     0     0     0     0     0
1754     0     0     0     0     0     0     0
1758     0     0     0     0     0     0     0
1762     0     0     0     0     0     0     0
1766     0     0     0     0     0     0     0
1770     0     0     0     0     0     0     0
1774     0     0     0     0     0     0     0
1778     0     0     0     0     0     0     0
1782     0     0     0     0     0     0     0
1786     0     0     0     0     0     0     0
1790     0     0     0     0     0     0     0
1794     0     0     0     0     0     0     0
1798     0     0     0     0     0     0     0
1802     0     0     0     0     0     0     0
1806     0     0     0     0     0     0     0
1810     0     0     0     0     0     0     0
1814     0     0     0     0     0     0     0
1818     0     0     0     0     0     0     0
1822     0     0     0     0     0     0     0
1826     0     0     0     0     0     0     0
1830     0     0     0     0     0     0     0
1834     0     0     0     0     0     0     0
1838     0     0     0     0     0     0     0
1842     0     0     0     0     0     0     0
1846     0     0     0     0     0     0     0
1850     0     0     0     0     0     0     0
1854     0     0     0     0     0     0     0
1858     0     0     0     0     0     0     0
1862     0     0     0     0     0     0     0
1866     0     0     0     0     0     0     0
1870     0     0     0     0     0     0     0
1874     0     0     0     0     0     0     0
1878     0     0     0     0     0     0     0
1882     0     0     0     0     0     0     0
1886     0     0     0     0     0     0     0
1890     0     0     0     0     0     0     0
1894     0     0     0     0     0     0     0
1898     0     0     0     0     0     0     0
1902     0     0     0     0     0     0     0
1906     0     0     0     0     0     0     0
1910     0     0     0     0     0     0     0
1914     0     0     0     0     0     0     0
1918     0     0     0     0     0     0     0
1922     0     0     0     0     0     0     0
1926     0     0     0     0     0     0     0
1930     0     0     0     0     0     0     0
1934     0     0     0     0     0     0     0
1938     0     0     0     0     0     0     0
1942     0     0     0     0     0     0     0
1946     0     0     0     0     0     0     0
1950     0     0     0     0     0     0     0
1954     0     0     0     0     0     0     0
1958     0     0     0     0     0     0     0
1962     0     0     0     0     0     0     0
1966     0     0     0     0     0     0     0
1970     0     0     0     0     0     0     0
1974     0     0     0     0     0     0     0
1978     0     0     0     0     0     0     0
1982     0     0     0     0     0     0     0
1986     0     0     0     0     0     0     0
1990     0     0     0     0     0     0     0
1994     0     0     0     0     0     0     0
1998     0     0     0     0     0     0     0
2002     0     0     0     0     0     0     0
2006     0     0     0     0     0     0     0
2010     0     0     0     0     0     0     0
2014     0     0     0     0     0     0     0
2018     0     0     0     0     0     0     0
2022     0     0     0     0     0     0     0
2026     0     0     0     0     0     0     0
2030     0     0     0     0     0     0     0
2034     0     0     0     0     0     0     0
2038     0     0     0     0     0     0     0
2042     0     0     0     0     0     0     0
2046     0     0     0     0     0     0     0
2050     0     0     0     0     0     0     0
2054     0     0     0     0     0     0     0
2058     0     0     0     0     0     0     0
2062     0     0     0     0     0     0     0
2066     0     0     0     0     0     0     0
2070     0     0     0     0     0     0     0
2074     0     0     0     0     0     0     0
2078     0     0     0     0     0     0     0
2082     0     0     0     0     0     0     0
2086     0     0     0     0     0     0     0
2090     0     0     0     0     0     0     0
2094     0     0     0     0     0     0     0
2098     0     0     0     0     0     0     0
2102     0     0     0     0     0     0     0
2106     0     0     0     0     0     0     0
2110     0     0     0     0     0     0     0
2114     0     0     0     0     0     0     0
2118     0     0     0     0     0     0     0
2122     0     0     0     0     0     0     0
2126     0     0     0     0     0     0     0
2130     0     0     0     0     0     0     0
2134     0     0     0     0     0     0     0
2138     0     0     0     0     0     0     0
2142     0     0     0     0     0     0     0
2146     0     0     0     0     0     0     0
2150     0     0     0     0     0     0     0
2154     0     0     0     0     0     0     0
2158     0     0     0     0     0     0     0
2162     0     0     0     0     0     0     0
2166     0     0     0     0     0     0     0
2170     0     0     0     0     0     0     0
2174     0     0     0     0     0     0     0
2178     0     0     0     0     0     0     0
2182     0     0     0     0     0     0     0
2186     0     0     0     0     0     0     0
2190     0     0     0     0     0     0     0
2194     0     0     0     0     0     0     0
2198     0     0     0     0     0     0     0
2202     0     0     0     0     0     0     0
2206     0     0     0     0     0     0     0
2210     0     0     0     0     0     0     0
2214     0     0     0     0     0     0     0
2218     0     0     0     0     0     0     0
2222     0     0     0     0     0     0     0
2226     0     0     0     0     0     0     0
2230     0     0     0     0     0     0     0
2234     0     0     0     0     0     0     0
2238     0     0     0     0     0     0     0
2242     0     0     0     0     0     0     0
2246     0     0     0     0     0     0     0
2250     0     0     0     0     0     0     0
2254     0     0     0     0     0     0     0
2258     0     0     0     0     0     0     0
2262     0     0     0     0     0     0     0
2266     0     0     0     0     0     0     0
2270     0     0     0     0     0     0     0
2274     0     0     0     0     0     0     0
2278     0     0     0     0     0     0     0
2282     0     0     0     0     0     0     0
2286     0     0     0     0     0     0     0
2290     0     0     0     0     0     0     0
2294     0     0     0     0     0     0     0
2298     0     0     0     0     0     0     0
2302     0     0     0     0     0     0     0
2306     0     0     0     0     0     0     0
2310     0     0     0     0     0     0     0
2314     0     0     0     0     0     0     0
2318     0     0     0     0     0     0     0
2322     0     0     0     0     0     0     0
2326     0     0     0     0     0     0     0
2330     0     0     0     0     0     0     0
2334     0     0     0     0     0     0     0
2338     0     0     0     0     0     0     0
2342     0     0     0     0     0     0     0
2346     0     0     0     0     0     0     0
2350     0     0     0     0     0     0     0
2354     0     0     0     0     0     0     0
2358     0     0     0     0     0     0     0
2362     0     0     0     0     0     0     0
2366     0     0     0     0     0     0     0
2370     0     0     0     0     0     0     0
2374     0     0     0     0     0     0     0
2378     0     0     0     0     0     0     0
2382     0     0     0     0     0     0     0
2386     0     0     0     0     0     0     0
2390     0     0     0     0     0     0     0
2394     0     0     0     0     0     0     0
2398     0     0     0     0     0     0     0
2402     0     0     0     0     0     0     0
2406     0     0     0     0     0     0     0
2410     0     0     0     0     0     0     0
2414     0     0     0     0     0     0     0
2418     0     0     0     0     0     0     0
2422     0     0     0     0     0     0     0
2426     0     0     0     0     0     0     0
2430     0     0     0     0     0     0     0
2434     0     0     0     0     0     0     0
2438     0     0     0     0     0     0     0
2442     0     0     0     0     0     0     0
2446     0     0     0     0     0     0     0
2450     0     0     0     0     0     0     0
2454     0     0     0     0     0     0     0
2458     0     0     0     0     0     0     0
2462     0     0     0     0     0     0     0
2466     0     0     0     0     0     0     0
2470     0     0     0     0     0     0     0
2474     0     0     0     0     0     0     0
2478     0     0     0     0     0     0     0
2482     0     0     0     0     0     0     0
2486     0     0     0     0     0     0     0
2490     0     0     0     0     0     0     0
2494     0     0     0     0     0     0     0
2498     0     0     0     0     0     0     0
2502     0     0     0     0     0     0     0
2506     0     0     0     0     0     0     0
2510     0     0     0     0     0     0     0
2514     0     0     0     0     0     0     0
2518     0     0     0     0     0     0     0
2522     0     0     0     0     0     0     0
2526     0     0     0     0     0     0     0
2530     0     0     0     0     0     0     0
2534     0     0     0     0     0     0     0
2538     0     0     0     0     0     0     0
2542     0     0     0     0     0     0     0
2546     0     0     0     0     0     0     0
2550     0     0     0     0     0     0     0
2554     0     0     0     0     0     0     0
2558     0     0     0     0     0     0     0
2562     0     0     0     0     0     0     0
2566     0     0     0     0     0     0     0
2570     0     0     0     0     0     0     0
2574     0     0     0     0     0     0     0
2578     0     0     0     0     0     0     0
2582     0     0     0     0     0     0     0
2586     0     0     0     0     0     0     0
2590     0     0     0     0     0     0     0
2594     0     0     0     0     0     0     0
2598     0     0     0     0     0     0     0
2602     0     0     0     0     0     0     0
2606     0     0     0     0     0     0     0
2610     0     0     0     0     0     0     0
2614     0     0     0     0     0     0     0
2618     0     0     0     0     0     0     0
2622     0     0     0     0     0     0     0
2626     0     0     0     0     0     0     0
2630     0     0     0     0     0     0     0
2634     0     0     0     0     0     0     0
2638     0     0     0     0     0     0     0
2642     0     0     0     0     0     0     0
2646     0     0     0     0     0     0     0
2650     0     0     0     0     0     0     0
2654     0     0     0     0     0     0     0
2658     0     0     0     0     0     0     0
2662     0     0     0     0     0     0     0
2666     0     0     0     0     0     0     0
2670     0     0     0     0     0     0     0
2674     0     0     0     0     0     0     0
2678     0     0     0     0     0     0     0
2682     0     0     0     0     0     0     0
2686     0     0     0     0     0     0     0
2690     0     0     0     0     0     0     0
2694     0     0     0     0     0     0     0
2698     0     0     0     0     0     0     0
2702     0     0     0     0     0     0     0
2706     0     0     0     0     0     0     0
2710     0     0     0     0     0     0     0
2714     0     0     0     0     0     0     0
2718     0     0     0     0     0     0     0
2722     0     0     0     0     0     0     0
2726     0     0     0     0     0     0     0
2730     0     0     0     0     0     0     0
2734     0     0     0     0     0     0     0
2738     0     0     0     0     0     0     0
2742     0     0     0     0     0     0     0
2746     0     0     0     0     0     0     0
2750     0     0     0     0     0     0     0
2754     0     0     0     0     0     0     0
2758     0     0     0     0     0     0     0
2762     0     0     0     0     0     0     0
2766     0     0     0     0     0     0     0
2770     0     0     0     0     0     0     0
2774     0     0     0     0     0     0     0
2778     0     0     0     0     0     0     0
2782     0     0     0     0     0     0     0
2786     0     0     0     0     0     0     0
2790     0     0     0     0     0     0     0
2794     0     0     0     0     0     0     0
2798     0     0     0     0     0     0     0
2802     0     0     0     0     0     0     0
2806     0     0     0     0     0     0     0
2810     0     0     0     0     0     0     0
2814     0     0     0     0     0     0     0
2818     0     0     0     0     0     0     0
2822     0     0     0     0     0     0     0
2826     0     0     0     0     0     0     0
2830     0     0     0     0     0     0     0
2834     0     0     0     0     0     0     0
2838     0     0     0     0     0     0     0
2842     0     0     0     0     0     0     0
2846     0     0     0     0     0     0     0
2850     0     0     0     0     0     0     0
2854     0     0     0     0     0     0     0
2858     0     0     0     0     0     0     0
2862     0     0     0     0     0     0     0
2866     0     0     0     0     0     0     0
2870     0     0     0     0     0     0     0
2874     0     0     0     0     0     0     0
2878     0     0     0     0     0     0     0
2882     0     0     0     0     0     0     0
2886     0     0     0     0     0     0     0
2890     0     0     0     0     0     0     0
2894     0     0     0     0     0     0     0
2898     0     0     0     0     0     0     0
2902     0     0     0     0     0     0     0
2906     0     0     0     0     0     0     0
2910     0     0     0     0     0     0     0
2914     0     0     0     0     0     0     0
2918     0     0     0     0     0     0     0
2922     0     0     0     0     0     0     0
2926     0     0     0     0     0     0     0
2930     0     0     0     0     0     0     0
2934     0     0     0     0     0     0     0
2938     0     0     0     0     0     0     0
2942     0     0     0     0     0     0     0
2946     0     0     0     0     0     0     0
2950     0     0     0     0     0     0     0
2954     0     0     0     0     0     0     0
2958     0     0     0     0     0     0     0
2962     0     0     0     0     0     0     0
2966     0     0     0     0     0     0     0
2970     0     0     0     0     0     0     0
2974     0     0     0     0     0     0     0
2978     0     0     0     0     0     0     0
2982     0     0     0     0     0     0     0
2986     0     0     0     0     0     0     0
2990     0     0     0     0     0     0     0
2994     0     0     0     0     0     0     0
2998     0     0     0     0     0     0     0
3002     0     0     0     0     0     0     0
3006     0     0     0     0     0     0     0
3010     0     0     0     0     0     0     0
3014     0     0     0     0     0     0     0
3018     0     0     0     0     0     0     0
3022     0     0     0     0     0     0     0
3026     0     0     0     0     0     0     0
3030     0     0     0     0     0     0     0
3034     0     0     0     0     0     0     0
3038     0     0     0     0     0     0     0
3042     0     0     0     0     0     0     0
3046     0     0     0     0     0     0     0
3050     0     0     0     0     0     0     0
3054     0     0     0     0     0     0     0
3058     0     0     0     0     0     0     0
3062     0     0     0     0     0     0     0
3066     0     0     0     0     0     0     0
3070     0     0     0     0     0     0     0
3074     0     0     0     0     0     0     0
3078     0     0     0     0     0     0     0
3082     0     0     0     0     0     0     0
3086     0     0     0     0     0     0     0
3090     0     0     0     0     0     0     0
3094     0     0     0     0     0     0     0
3098     0     0     0     0     0     0     0
3102     0     0     0     0     0     0     0
3106     0     0     0     0     0     0     0
3110     0     0     0     0     0     0     0
3114     0     0     0     0     0     0     0
3118     0     0     0     0     0     0     0
3122     0     0     0     0     0     0     0
3126     0     0     0     0     0     0     0
3130     0     0     0     0     0     0     0
3134     0     0     0     0     0     0     0
3138     0     0     0     0     0     0     0
3142     0     0     0     0     0     0     0
3146     0     0     0     0     0     0     0
3150     0     0     0     0     0     0     0
3154     0     0     0     0     0     0     0
3158     0     0     0     0     0     0     0
3162     0     0     0     0     0     0     0
3166     0     0     0     0     0     0     0
3170     0     0     0     0     0     0     0
3174     0     0     0     0     0     0     0
3178     0     0     0     0     0     0     0
3182     0     0     0     0     0     0     0
3186     0     0     0     0     0     0     0
3190     0     0     0     0     0     0     0
3194     0     0     0     0     0     0     0
3198     0     0     0     0     0     0     0
3202     0     0     0     0     0     0     0
3206     0     0     0     0     0     0     0
3210     0     0     0     0     0     0     0
3214     0     0     0     0     0     0     0
3218     0     0     0     0     0     0     0
3222     0     0     0     0     0     0     0
3226     0     0     0     0     0     0     0
3230     0     0     0     0     0     0     0
3234     0     0     0     0     0     0     0
3238     0     0     0     0     0     0     0
3242     0     0     0     0     0     0     0
3246     0     0     0     0     0     0     0
3250     0     0     0     0     0     0     0
3254     0     0     0     0     0     0     0
3258     0     0     0     0     0     0     0
3262     0     0     0     0     0     0     0
3266     0     0     0     0     0     0     0
3270     0     0     0     0     0     0     0
3274     0     0     0     0     0     0     0
3278     0     0     0     0     0     0     0
3282     0     0     0     0     0     0     0
3286     0     0     0     0     0     0     0
3290     0     0     0     0     0     0     0
3294     0     0     0     0     0     0     0
3298     0     0     0     0     0     0     0
3302     0     0     0     0     0     0     0
3306     0     0     0     0     0     0     0
3310     0     0     0     0     0     0     0
3314     0     0     0     0     0     0     0
3318     0     0     0     0     0     0     0
3322     0     0     0     0     0     0     0
3326     0     0     0     0     0     0     0
3330     0     0     0     0     0     0     0
3334     0     0     0     0     0     0     0
3338     0     0     0     0     0     0     0
3342     0     0     0     0     0     0     0
3346     0     0     0     0     0     0     0
3350     0     0     0     0     0     0     0
3354     0     0     0     0     0     0     0
3358     0     0     0     0     0     0     0
3362     0     0     0     0     0     0     0
3366     0     0     0     0     0     0     0
3370     0     0     0     0     0     0     0
3374     0     0     0     0     0     0     0
3378     0     0     0     0     0     0     0
3382     0     0     0     0     0     0     0
3386     0     0     0     0     0     0     0
3390     0     0     0     0     0     0     0
3394     0     0     0     0     0     0     0
3398     0     0     0     0     0     0     0
3402     0     0     0     0     0     0     0
3406     0     0     0     0     0     0     0
3410     0     0     0     0     0     0     0
3414     0     0     0     0     0     0     0
3418     0     0     0     0     0     0     0
3422     0     0     0     0     0     0     0
3426     0     0     0     0     0     0     0
3430     0     0     0     0     0     0     0
3434     0     0     0     0     0     0     0
3438     0     0     0     0     0     0     0
3442     0     0     0     0     0     0     0
3446     0     0     0     0     0     0     0
3450     0     0     0     0     0     0     0
3454     0     0     0     0     0     0     0
3458     0     0     0     0     0     0     0
3462     0     0     0     0     0     0     0
3466     0     0     0     0     0     0     0
3470     0     0     0     0     0     0     0
3474     0     0     0     0     0     0     0
3478     0     0     0     0     0     0     0
3482     0     0     0     0     0     0     0
3486     0     0     0     0     0     0     0
3490     0     0     0     0     0     0     0
3494     0     0     0     0     0     0     0
3498     0     0     0     0     0     0     0
3502     0     0     0     0     0     0     0
3506     0     0     0     0     0     0     0
3510     0     0     0     0     0     0     0
3514     0     0     0     0     0     0     0
3518     0     0     0     0     0     0     0
3522     0     0     0     0     0     0     0
3526     0     0     0     0     0     0     0
3530     0     0     0     0     0     0     0
3534     0     0     0     0     0     0     0
3538     0     0     0     0     0     0     0
3542     0     0     0     0     0     0     0
3546     0     0     0     0     0     0     0
3550     0     0     0     0     0     0     0
3554     0     0     0     0     0     0     0
3558     0     0     0     0     0     0     0
3562     0     0     0     0     0     0     0
3566     0     0     0     0     0     0     0
3570     0     0     0     0     0     0     0
3574     0     0     0     0     0     0     0
3578     0     0     0     0     0     0     0
3582     0     0     0     0     0     0     0
3586     0     0     0     0     0     0     0
3590     0     0     0     0     0     0     0
3594     0     0     0     0     0     0     0
3598     0     0     0     0     0     0     0
3602     0     0     0     0     0     0     0
3606     0     0     0     0     0     0     0
3610     0     0     0     0     0     0     0
3614     0     0     0     0     0     0     0
3618     0     0     0     0     0     0     0
3622     0     0     0     0     0     0     0
3626     0     0     0     0     0     0     0
3630     0     0     0     0     0     0     0
3634     0     0     0     0     0     0     0
3638     0     0     0     0     0     0     0
3642     0     0     0     0     0     0     0
3646     0     0     0     0     0     0     0
3650     0     0     0     0     0     0     0
3654     0     0     0     0     0     0     0
3658     0     0     0     0     0     0     0
3662     0     0     0     0     0     0     0
3666     0     0     0     0     0     0     0
3670     0     0     0     0     0     0     0
3674     0     0     0     0     0     0     0
3678     0     0     0     0     0     0     0
3682     0     0     0     0     0     0     0
3686     0     0     0     0     0     0     0
3690     0     0     0     0     0     0     0
3694     0     0     0     0     0     0     0
3698     0     0     0     0     0     0     0
3702     0     0     0     0     0     0     0
3706     0     0     0     0     0     0     0
3710     0     0     0     0     0     0     0
3714     0     0     0     0     0     0     0
3718     0     0     0     0     0     0     0
3722     0     0     0     0     0     0     0
3726     0     0     0     0     0     0     0
3730     0     0     0     0     0     0     0
3734     0     0     0     0     0     0     0
3738     0     0     0     0     0     0     0
3742     0     0     0     0     0     0     0
3746     0     0     0     0     0     0     0
3750     0     0     0     0     0     0     0
3754     0     0     0     0     0     0     0
3758     0     0     0     0     0     0     0
3762     0     0     0     0     0     0     0
3766     0     0     0     0     0     0     0
3770     0     0     0     0     0     0     0
3774     0     0     0     0     0     0     0
3778     0     0     0     0     0     0     0
3782     0     0     0     0     0     0     0
3786     0     0     0     0     0     0     0
3790     0     0     0     0     0     0     0
3794     0     0     0     0     0     0     0
3798     0     0     0     0     0     0     0
3802     0     0     0     0     0     0     0
3806     0     0     0     0     0     0     0
3810     0     0     0     0     0     0     0
3814     0     0     0     0     0     0     0
3818     0     0     0     0     0     0     0
3822     0     0     0     0     0     0     0
3826     0     0     0     0     0     0     0
3830     0     0     0     0     0     0     0
3834     0     0     0     0     0     0     0
3838     0     0     0     0     0     0     0
3842     0     0     0     0     0     0     0
3846     0     0     0     0     0     0     0
3850     0     0     0     0     0     0     0
3854     0     0     0     0     0     0     0
3858     0     0     0     0     0     0     0
3862     0     0     0     0     0     0     0
3866     0     0     0     0     0     0     0
3870     0     0     0     0     0     0     0
3874     0     0     0     0     0     0     0
3878     0     0     0     0     0     0     0
3882     0     0     0     0     0     0     0
3886     0     0     0     0     0     0     0
3890     0     0     0     0     0     0     0
3894     0     0     0     0     0     0     0
3898     0     0     0     0     0     0     0
3902     0     0     0     0     0     0     0
3906     0     0     0     0     0     0     0
3910     0     0     0     0     0     0     0
3914     0     0     0     0     0     0     0
3918     0     0     0     0     0     0     0
3922     0     0     0     0     0     0     0
3926     0     0     0     0     0     0     0
3930     0     0     0     0     0     0     0
3934     0     0     0     0     0     0     0
3938     0     0     0     0     0     0     0
3942     0     0     0     0     0     0     0
3946     0     0     0     0     0     0     0
3950     0     0     0     0     0     0     0
3954     0     0     0     0     0     0     0
3958     0     0     0     0     0     0     0
3962     0     0     0     0     0     0     0
3966     0     0     0     0     0     0     0
3970     0     0     0     0     0     0     0
3974     0     0     0     0     0     0     0
3978     0     0     0     0     0     0     0
3982     0     0     0     0     0     0     0
3986     0     0     0     0     0     0     0
3990     0     0     0     0     0     0     0
3994     0     0     0     0     0     0     0
3998     0     0     0     0     0     0     0
