2     0     0     0     0     0     0     0
6     0     0     0     0     0     0     0
10     0     0     0     0     0     0     0
14     0     0     0     0     0     0     0
18     0     0     0     0     0     0     0
22     0     0     0     0     0     0     0
26     4.54936e-05     1.86387e-08     1.86361e-08     1.86402e-08     1.94619e-08     2.01907e-08     1.90622e-08
30     8.61984e-05     2.89025e-08     2.88986e-08     2.89049e-08     3.01791e-08     3.13092e-08     2.95594e-08
34     0.000112537     3.19159e-08     3.19115e-08     3.19185e-08     3.33255e-08     3.45735e-08     3.26412e-08
38     9.09872e-05     2.2095e-08     2.2092e-08     2.20968e-08     2.30709e-08     2.39348e-08     2.25972e-08
42     0.000117326     2.50618e-08     2.50584e-08     2.50638e-08     2.61687e-08     2.71486e-08     2.56313e-08
46     0.000146058     2.69609e-08     2.69572e-08     2.69631e-08     2.81516e-08     2.92058e-08     2.75735e-08
50     0.000186763     3.10747e-08     3.10704e-08     3.10772e-08     3.24472e-08     3.36622e-08     3.17809e-08
54     0.000196341     2.9686e-08     2.9682e-08     2.96885e-08     3.09972e-08     3.21579e-08     3.03607e-08
58     0.00020113     2.79648e-08     2.7961e-08     2.79671e-08     2.92e-08     3.02934e-08     2.86004e-08
62     0.000225074     2.913e-08     2.9126e-08     2.91324e-08     3.04166e-08     3.15556e-08     2.9792e-08
66     0.000244229     2.95764e-08     2.95723e-08     2.95788e-08     3.08827e-08     3.20391e-08     3.02485e-08
70     0.000198735     2.28525e-08     2.28494e-08     2.28544e-08     2.38618e-08     2.47554e-08     2.33718e-08
74     0.000220285     2.4307e-08     2.43037e-08     2.4309e-08     2.53806e-08     2.6331e-08     2.48594e-08
78     0.00027775     2.97065e-08     2.97024e-08     2.97089e-08     3.10186e-08     3.21801e-08     3.03816e-08
82     0.000256201     2.67634e-08     2.67597e-08     2.67655e-08     2.79454e-08     2.89919e-08     2.73716e-08
86     0.00032085     3.30015e-08     3.2997e-08     3.30042e-08     3.44591e-08     3.57495e-08     3.37515e-08
90     0.00026099     2.66295e-08     2.66259e-08     2.66317e-08     2.78057e-08     2.88469e-08     2.72347e-08
94     0.00033761     3.43944e-08     3.43897e-08     3.43972e-08     3.59135e-08     3.72584e-08     3.51761e-08
98     0.000340005     3.47686e-08     3.47639e-08     3.47715e-08     3.63043e-08     3.76637e-08     3.55588e-08
102     0.000366343     3.77659e-08     3.77607e-08     3.7769e-08     3.94339e-08     4.09105e-08     3.86241e-08
106     0.000356766     3.73309e-08     3.73258e-08     3.73339e-08     3.89797e-08     4.04393e-08     3.81793e-08
110     0.00044057     4.71316e-08     4.71251e-08     4.71354e-08     4.92132e-08     5.10561e-08     4.82026e-08
114     0.000430992     4.77539e-08     4.77474e-08     4.77578e-08     4.98631e-08     5.17303e-08     4.88392e-08
118     0.000411837     4.80949e-08     4.80883e-08     4.80989e-08     5.02192e-08     5.20997e-08     4.91879e-08
122     0.000452542     5.68563e-08     5.68485e-08     5.68609e-08     5.93675e-08     6.15906e-08     5.81484e-08
126     0.000464513     6.4037e-08     6.40282e-08     6.40422e-08     6.68654e-08     6.93692e-08     6.54923e-08
130     0.000493246     7.6922e-08     7.69115e-08     7.69283e-08     8.03194e-08     8.33271e-08     7.86701e-08
134     0.000459725     8.39219e-08     8.39104e-08     8.39288e-08     8.76285e-08     9.09099e-08     8.58291e-08
138     0.000486063     1.06106e-07     1.06091e-07     1.06115e-07     1.10792e-07     1.14941e-07     1.08517e-07
142     0.000596205     1.63676e-07     1.63653e-07     1.63689e-07     1.70905e-07     1.77304e-07     1.67395e-07
146     0.000498035     1.75996e-07     1.75972e-07     1.76011e-07     1.8377e-07     1.90651e-07     1.79996e-07
150     0.000476485     2.3077e-07     2.30739e-07     2.30789e-07     2.40963e-07     2.49986e-07     2.36015e-07
154     0.000562684     4.12716e-07     4.12659e-07     4.1275e-07     4.30944e-07     4.47082e-07     4.22095e-07
158     0.00063691     8.69175e-07     8.69056e-07     8.69246e-07     9.07564e-07     9.41549e-07     8.88927e-07
162     0.000593811     2.16487e-06     2.16457e-06     2.16505e-06     2.26049e-06     2.34513e-06     2.21407e-06
166     0.000572261     3.93095e-06     3.93041e-06     3.93127e-06     4.10457e-06     4.25827e-06     4.02029e-06
170     0.000605783     5.63456e-06     5.63379e-06     5.63502e-06     5.88342e-06     6.10374e-06     5.76261e-06
174     0.000689587     7.86434e-06     7.86326e-06     7.86498e-06     8.21168e-06     8.51918e-06     8.04306e-06
178     0.000682404     9.17198e-06     9.17072e-06     9.17273e-06     9.57708e-06     9.93571e-06     9.38042e-06
182     0.000706348     1.13737e-05     1.13722e-05     1.13747e-05     1.18761e-05     1.23208e-05     1.16322e-05
186     0.00075663     1.47987e-05     1.47967e-05     1.47999e-05     1.54523e-05     1.60309e-05     1.5135e-05
190     0.000632121     1.43856e-05     1.43836e-05     1.43867e-05     1.50209e-05     1.55834e-05     1.47125e-05
194     0.000670432     1.72027e-05     1.72004e-05     1.72041e-05     1.79625e-05     1.86351e-05     1.75937e-05
198     0.000682404     1.93597e-05     1.9357e-05     1.93612e-05     2.02147e-05     2.09717e-05     1.97996e-05
202     0.000759025     2.35301e-05     2.35269e-05     2.35321e-05     2.45694e-05     2.54894e-05     2.40649e-05
206     0.000723109     2.43709e-05     2.43676e-05     2.43729e-05     2.54473e-05     2.64003e-05     2.49247e-05
210     0.00069677     2.54327e-05     2.54292e-05     2.54347e-05     2.65932e-05     2.76051e-05     2.60365e-05
214     0.000814096     3.19576e-05     3.19532e-05     3.19601e-05     3.34609e-05     3.47535e-05     3.27477e-05
218     0.000744658     3.12828e-05     3.12786e-05     3.12853e-05     3.27633e-05     3.4033e-05     3.20624e-05
222     0.000924238     4.14096e-05     4.1404e-05     4.14129e-05     4.33757e-05     4.50594e-05     4.24458e-05
226     0.000881139     4.20707e-05     4.2065e-05     4.20741e-05     4.40744e-05     4.5788e-05     4.31278e-05
230     0.000878745     4.45656e-05     4.45596e-05     4.45691e-05     4.66952e-05     4.85139e-05     4.56902e-05
234     0.000945788     5.08649e-05     5.08581e-05     5.0869e-05     5.33014e-05     5.53799e-05     5.21526e-05
238     0.000857195     4.87221e-05     4.87155e-05     4.8726e-05     5.10588e-05     5.30511e-05     4.99574e-05
242     0.000881139     5.29538e-05     5.29467e-05     5.2958e-05     5.55115e-05     5.76854e-05     5.43087e-05
246     0.000955365     6.04953e-05     6.04872e-05     6.05001e-05     6.34369e-05     6.59298e-05     6.20567e-05
250     0.00099607     6.64256e-05     6.64167e-05     6.64309e-05     6.9666e-05     7.24082e-05     6.81473e-05
254     0.000893111     6.25804e-05     6.2572e-05     6.25853e-05     6.5639e-05     6.8225e-05     6.42065e-05
258     0.0010703     7.88121e-05     7.88015e-05     7.88183e-05     8.26806e-05     8.59447e-05     8.08715e-05
262     0.000988887     7.6398e-05     7.63878e-05     7.6404e-05     8.01765e-05     8.33538e-05     7.84142e-05
266     0.000986493     7.98325e-05     7.98218e-05     7.98387e-05     8.37858e-05     8.71083e-05     8.19427e-05
270     0.00103199     8.72562e-05     8.72445e-05     8.72631e-05     9.15977e-05     9.52391e-05     8.95766e-05
274     0.0010248     9.06371e-05     9.0625e-05     9.06442e-05     9.51782e-05     9.8976e-05     9.30689e-05
278     0.000988887     9.13103e-05     9.12981e-05     9.13175e-05     9.5913e-05     9.97526e-05     9.37791e-05
282     0.00105593     0.0001017     0.000101686     0.000101708     0.000106856     0.000111146     0.00010447
286     0.0012379     0.000124356     0.000124339     0.000124366     0.0001307     0.000135964     0.00012777
290     0.00116368     0.000121727     0.000121711     0.000121737     0.000127984     0.000133159     0.000125102
294     0.00118044     0.000128199     0.000128182     0.000128209     0.000134839     0.000140313     0.000131787
298     0.00110142     0.000124405     0.000124388     0.000124415     0.000130909     0.000136251     0.000127928
302     0.00114213     0.000133858     0.00013384     0.000133868     0.000140877     0.000146636     0.000137663
306     0.00117804     0.000143301     0.000143282     0.000143312     0.000150888     0.000157087     0.000147425
310     0.00117086     0.000147692     0.000147672     0.000147703     0.000155593     0.000162021     0.000151999
314     0.00119241     0.00015606     0.000156039     0.000156072     0.0001645     0.000171333     0.000160673
318     0.00138875     0.000187984     0.000187959     0.000187998     0.000198227     0.000206494     0.000193594
322     0.00134805     0.000188794     0.000188769     0.000188808     0.000199234     0.000207608     0.000194534
326     0.00145579     0.000210584     0.000210557     0.0002106     0.000222378     0.000231786     0.00021709
330     0.00152523     0.000227717     0.000227687     0.000227734     0.000240617     0.000250856     0.000234854
334     0.00140072     0.000215873     0.000215845     0.000215889     0.000228284     0.00023807     0.000222767
338     0.00142467     0.000226448     0.000226419     0.000226465     0.000239707     0.000250077     0.00023385
342     0.00137199     0.000224911     0.000224882     0.000224927     0.000238342     0.000248747     0.000232451
346     0.00149411     0.00025347     0.000253437     0.000253488     0.000268739     0.0002805     0.000262072
350     0.00151565     0.000266644     0.00026661     0.000266663     0.000283009     0.00029551     0.000275907
354     0.00154439     0.000284921     0.000284884     0.000284941     0.000302921     0.000316515     0.000295174
358     0.00163777     0.000316422     0.000316382     0.000316444     0.000336931     0.000352279     0.000328164
362     0.00142706     0.000288585     0.000288549     0.000288604     0.000307637     0.000321818     0.000299523
366     0.00175031     0.000369438     0.000369392     0.000369463     0.000394515     0.000413     0.000383909
370     0.00154918     0.000341176     0.000341134     0.000341199     0.000365221     0.000382715     0.000355146
374     0.00178862     0.000411182     0.000411132     0.000411209     0.000441016     0.000462516     0.0004286
378     0.00180777     0.000433171     0.000433118     0.000433199     0.00046478     0.000487544     0.000451629
382     0.00171439     0.000427623     0.000427572     0.000427651     0.000460209     0.000483369     0.000446776
386     0.00181735     0.000470884     0.000470828     0.000470914     0.000507735     0.000533727     0.000492623
390     0.00186763     0.000501349     0.000501289     0.00050138     0.000541521     0.000569671     0.000525122
394     0.00188918     0.000524967     0.000524905     0.000524999     0.000568073     0.000598079     0.000550557
398     0.00200651     0.00057624     0.000576173     0.000576275     0.000624818     0.000658393     0.000605175
402     0.00206397     0.000612579     0.000612509     0.000612615     0.000665983     0.00070258     0.000644513
406     0.00206158     0.000631677     0.000631605     0.000631714     0.000688288     0.00072682     0.000665632
410     0.00216693     0.000684877     0.000684799     0.000684915     0.000747762     0.000790318     0.000722691
414     0.00208073     0.000677783     0.000677707     0.000677821     0.000741644     0.000784601     0.000716286
418     0.00227229     0.000760996     0.000760912     0.000761037     0.000834686     0.000883939     0.000805549
422     0.00233933     0.000805332     0.000805244     0.000805374     0.000886095     0.000939681     0.000854315
426     0.00240158     0.000849117     0.000849026     0.000849161     0.000936753     0.000994562     0.000902399
430     0.00241834     0.000877375     0.000877282     0.000877419     0.000970433     0.00103147     0.000934087
434     0.00246384     0.000916696     0.0009166     0.000916741     0.0010166     0.00108176     0.000977721
438     0.00242553     0.00092509     0.000924994     0.000925133     0.00102872     0.00109594     0.000988545
442     0.00253327     0.000990173     0.000990073     0.000990216     0.00110526     0.00117943     0.00106082
446     0.00258116     0.00103332     0.00103322     0.00103337     0.00115707     0.00123648     0.00110941
450     0.00268412     0.00109826     0.00109816     0.00109831     0.00123357     0.00132004     0.00118159
454     0.00282779     0.00118279     0.00118268     0.00118284     0.00133267     0.00142803     0.00127525
458     0.0029906     0.00127743     0.00127732     0.00127748     0.00144368     0.00154898     0.00138017
462     0.00303849     0.00132567     0.00132556     0.00132572     0.00150468     0.00161726     0.00143662
466     0.00292835     0.00130416     0.00130405     0.0013042     0.00148529     0.00159855     0.00141667
470     0.00321089     0.00145922     0.00145909     0.00145926     0.0016682     0.00179813     0.00158932
474     0.00321089     0.00148816     0.00148804     0.0014882     0.00170783     0.00184369     0.00162519
478     0.00338089     0.00159647     0.00159634     0.00159651     0.00183817     0.00198712     0.00174744
482     0.00356526     0.0017154     0.00171527     0.00171543     0.00198472     0.00215004     0.00188386
486     0.00365864     0.00179311     0.00179298     0.00179313     0.00208286     0.00226023     0.00197451
490     0.00372329     0.00185785     0.00185772     0.00185787     0.00216671     0.0023552     0.00205143
494     0.00394836     0.00200505     0.00200492     0.00200506     0.00234762     0.002556     0.00221999
498     0.00401062     0.00207086     0.00207074     0.00207087     0.00243373     0.00265373     0.0022988
502     0.00409921     0.00215282     0.00215271     0.00215281     0.00254468     0.00278124     0.00239936
506     0.00447513     0.00238923     0.00238912     0.00238921     0.00283479     0.00310326     0.0026697
510     0.00464513     0.00252151     0.00252141     0.00252147     0.00300421     0.00329457     0.00282549
514     0.00475049     0.00262071     0.00262063     0.00262065     0.00313514     0.00344419     0.00294477
518     0.00502824     0.00281825     0.00281818     0.00281817     0.00338343     0.00372273     0.00317428
522     0.00512401     0.00291696     0.00291692     0.00291684     0.00351896     0.00387996     0.00329628
526     0.00547599     0.00316562     0.0031656     0.00316546     0.00383057     0.00422885     0.0035847
530     0.00561247     0.00329222     0.00329223     0.00329202     0.00399801     0.00441995     0.0037373
534     0.00563402     0.00335402     0.00335407     0.00335378     0.00408709     0.0045245     0.00381659
538     0.00590219     0.00356397     0.00356406     0.00356368     0.00435112     0.0048203     0.00406079
542     0.00616079     0.00377397     0.00377414     0.0037736     0.00462631     0.00513324     0.00431225
546     0.00652474     0.00405642     0.00405666     0.00405597     0.00498334     0.00553432     0.00464184
550     0.00691503     0.00436364     0.00436397     0.00436308     0.00537219     0.00597155     0.00500054
554     0.0070563     0.00452187     0.0045223     0.00452122     0.00557596     0.00620265     0.00518729
558     0.00753517     0.0049012     0.00490176     0.0049004     0.00604721     0.00672948     0.00562416
562     0.00771475     0.00508768     0.00508842     0.0050867     0.00628452     0.00699842     0.00584195
566     0.00826547     0.0055244     0.00552536     0.00552321     0.00682494     0.00760206     0.00634322
570     0.00844505     0.00572369     0.00572483     0.00572232     0.00706608     0.00786971     0.00656805
574     0.00878026     0.00604919     0.00605059     0.00604757     0.00745861     0.00830418     0.00693477
578     0.00892872     0.00625727     0.00625891     0.00625541     0.00770608     0.00857678     0.00716678
582     0.00941717     0.00671215     0.00671427     0.00670985     0.00823893     0.00915995     0.00766891
586     0.00991521     0.00718997     0.00719255     0.00718724     0.00879964     0.00977388     0.00819701
590     0.0105689     0.0078143     0.00781746     0.00781103     0.00953248     0.0105763     0.00888728
594     0.0104539     0.00790683     0.0079104     0.00790321     0.00960748     0.0106452     0.00896666
598     0.0109065     0.008449     0.00845324     0.00844477     0.0102149     0.0112983     0.00954675
602     0.0113542     0.00900447     0.00900968     0.00899938     0.0108089     0.0119251     0.0101219
606     0.011893     0.00965123     0.00965739     0.00964533     0.0115169     0.0126789     0.0108029
610     0.0120797     0.0100469     0.0100539     0.0100403     0.0119055     0.0130722     0.01119
614     0.0123312     0.0105506     0.0105586     0.0105432     0.0124099     0.013587     0.0116897
618     0.0122857     0.0108485     0.0108572     0.0108404     0.012671     0.0138345     0.0119606
622     0.0126137     0.0115107     0.0115209     0.0115015     0.0132988     0.0144565     0.0125946
626     0.0123743     0.0116899     0.0117008     0.0116802     0.0133903     0.0145048     0.0127146
630     0.0127286     0.0124585     0.0124705     0.0124479     0.014145     0.015266     0.0134681
634     0.0123     0.0124813     0.0124935     0.0124705     0.0140441     0.0150993     0.0134097
638     0.0124892     0.0131612     0.0131742     0.0131498     0.0146691     0.0157064     0.0140487
642     0.0120223     0.0131718     0.0131849     0.0131604     0.0144964     0.0154349     0.0139397
646     0.0118499     0.0135107     0.0135238     0.0134993     0.0147234     0.0156062     0.0142038
650     0.0119217     0.0141396     0.0141528     0.0141281     0.0152567     0.0160969     0.0147668
654     0.0112992     0.0139291     0.0139154     0.0139445     0.0148743     0.0153021     0.0147433
658     0.0110621     0.0141359     0.0141226     0.0141507     0.0149373     0.0154219     0.0147304
662     0.0106096     0.0140233     0.014011     0.0140369     0.0146177     0.0151409     0.0143385
666     0.00991281     0.0135236     0.0135125     0.0135356     0.0139561     0.0143834     0.0137358
670     0.0096638     0.0135764     0.0135661     0.0135874     0.013871     0.0142232     0.0136985
674     0.00921126     0.0132886     0.0132794     0.0132984     0.0134402     0.0137095     0.0133192
678     0.00882815     0.0130406     0.0130323     0.0130493     0.013059     0.0132512     0.0129858
682     0.00820321     0.0123738     0.0123667     0.012381     0.0122272     0.0123185     0.0122154
686     0.00766687     0.0117815     0.0117753     0.0117876     0.0115296     0.0115539     0.0115581
690     0.00725024     0.0113351     0.0113297     0.0113403     0.0109879     0.0109523     0.0110525
694     0.00680488     0.0108162     0.0108115     0.0108206     0.0103856     0.0102954     0.0104828
698     0.00648643     0.0104666     0.0104624     0.0104704     0.00995576     0.00981472     0.0100837
702     0.00596924     0.00976086     0.0097574     0.00976394     0.00917349     0.00897823     0.00933298
706     0.00569867     0.00942992     0.00942685     0.0094326     0.00878559     0.00855285     0.00896753
710     0.00548557     0.00918014     0.00917738     0.00918249     0.00847764     0.00820782     0.00868207
714     0.00510007     0.00863399     0.00863159     0.00863598     0.00790492     0.00761173     0.00812209
718     0.00446077     0.00763489     0.00763291     0.00763648     0.00693266     0.00664005     0.00714578
722     0.0045733     0.00789895     0.00789708     0.00790041     0.00709334     0.00674397     0.00734311
726     0.00413752     0.00719887     0.00719726     0.0072001     0.00641383     0.00606503     0.0066605
730     0.00375681     0.00658124     0.00657985     0.00658228     0.00581955     0.00547437     0.00606153
734     0.00355808     0.00627901     0.00627775     0.00627993     0.00551028     0.00515586     0.00575686
738     0.00342399     0.00609198     0.00609082     0.00609282     0.00530479     0.00493636     0.00555945
742     0.00336174     0.00603337     0.00603228     0.00603414     0.00520125     0.00480455     0.00547335
746     0.00315103     0.00570662     0.00570562     0.0057073     0.00488657     0.00449083     0.00515667
750     0.00304807     0.00556488     0.00556394     0.00556552     0.00473554     0.00433119     0.00501037
754     0.00276314     0.00507969     0.00507885     0.00508024     0.00429368     0.0039067     0.00455568
758     0.00248299     0.00459332     0.00459258     0.0045938     0.00385664     0.00349088     0.00410345
762     0.00248539     0.00462722     0.0046265     0.00462768     0.00385129     0.0034619     0.004113
766     0.00227468     0.0042664     0.00426575     0.00426682     0.00352847     0.00315506     0.00377863
770     0.0021382     0.00404247     0.00404186     0.00404285     0.00332434     0.00295841     0.00356884
774     0.00206397     0.00393617     0.00393558     0.00393653     0.00321761     0.00284891     0.0034633
778     0.00195144     0.0037541     0.00375355     0.00375444     0.00304987     0.00268607     0.00329167
782     0.00188439     0.00365216     0.00365163     0.00365248     0.00294278     0.00257297     0.0031877
786     0.00177186     0.00345735     0.00345686     0.00345765     0.00277238     0.00241306     0.00300981
790     0.00165692     0.00325496     0.0032545     0.00325524     0.00259614     0.00224847     0.00282538
794     0.00162819     0.00322131     0.00322085     0.00322158     0.00255517     0.00220174     0.00278778
798     0.00144622     0.00288437     0.00288397     0.00288461     0.00227546     0.00195077     0.00248875
802     0.00146058     0.00293803     0.00293762     0.00293827     0.00230441     0.00196457     0.00252722
806     0.00136002     0.00276028     0.0027599     0.00276051     0.0021526     0.00182489     0.00236702
810     0.00126903     0.00259774     0.00259739     0.00259796     0.00201581     0.00170041     0.00222181
814     0.00134086     0.00276822     0.00276784     0.00276845     0.00213755     0.00179398     0.00236153
818     0.00124748     0.00259674     0.00259638     0.00259695     0.00199615     0.00166746     0.00221005
822     0.00112058     0.00235116     0.00235083     0.00235135     0.00179548     0.00149022     0.0019939
826     0.0011541     0.00244029     0.00243995     0.00244049     0.00185542     0.00153335     0.00206461
830     0.00102001     0.00217496     0.00217466     0.00217514     0.001646     0.00135321     0.00183583
834     0.000986493     0.00212194     0.00212165     0.00212212     0.00159852     0.00130661     0.00178727
838     0.000938605     0.0020367     0.00203642     0.00203687     0.0015285     0.00124287     0.00171263
842     0.000847617     0.00185467     0.00185441     0.00185483     0.00138311     0.00111653     0.0015546
846     0.000914661     0.00201872     0.00201844     0.00201889     0.00150024     0.00120705     0.00168887
850     0.000737475     0.00164113     0.0016409     0.00164127     0.00121452     0.00097279     0.00136995
854     0.000809307     0.00181748     0.00181723     0.00181764     0.00133884     0.00106646     0.00151371
858     0.000770997     0.00174747     0.00174722     0.00174762     0.00128284     0.00101688     0.00145323
862     0.000751841     0.00171953     0.00171929     0.00171968     0.00125417     0.000985623     0.00142573
866     0.000651277     0.00150226     0.00150205     0.00150239     0.00109142     0.000853263     0.00124331
870     0.000641699     0.00149294     0.00149273     0.00149306     0.00108182     0.000842567     0.00123419
874     0.0005986     0.00140425     0.00140405     0.00140437     0.00101487     0.000787475     0.0011595
878     0.000730292     0.00172759     0.00172735     0.00172774     0.00124234     0.000957859     0.00142307
882     0.000572261     0.00136531     0.00136512     0.00136543     0.000977825     0.000749801     0.00112248
886     0.000514796     0.00123903     0.00123886     0.00123914     0.000883847     0.000674197     0.00101671
890     0.000567473     0.00137881     0.00137862     0.00137893     0.000979699     0.000742909     0.00112948
894     0.000500429     0.00122643     0.00122626     0.00122653     0.000869184     0.0006562     0.00100367
898     0.000481274     0.00119127     0.0011911     0.00119137     0.000842393     0.000632908     0.00097432
902     0.000481274     0.00120204     0.00120187     0.00120214     0.000844652     0.000628923     0.000980257
906     0.000466908     0.00117689     0.00117672     0.00117699     0.000825003     0.000612356     0.000958617
910     0.000390287     0.000992472     0.000992334     0.000992556     0.00069267     0.000511058     0.00080669
914     0.000387893     0.000995717     0.000995578     0.000995801     0.000692171     0.000507648     0.00080788
918     0.000402259     0.00104183     0.00104169     0.00104192     0.000722858     0.000528011     0.000844836
922     0.00041902     0.00109574     0.00109558     0.00109583     0.000757109     0.000548827     0.000887147
926     0.000462119     0.00121913     0.00121896     0.00121923     0.000839442     0.000604981     0.000985617
930     0.000404654     0.00107753     0.00107738     0.00107762     0.000739175     0.000529352     0.000869785
934     0.000385498     0.00103565     0.00103551     0.00103574     0.000708169     0.00050439     0.000834861
938     0.000342399     0.000928464     0.000928334     0.000928542     0.000632626     0.000447901     0.000747342
942     0.000385498     0.00105569     0.00105554     0.00105578     0.000716215     0.000503493     0.000848157
946     0.000342399     0.000945792     0.00094566     0.000945872     0.000640249     0.000448313     0.000759192
950     0.0002993     0.000834455     0.000834338     0.000834525     0.00056291     0.000391654     0.000668884
954     0.000318455     0.000895966     0.000895841     0.000896041     0.000602474     0.000416502     0.00071735
958     0.000292117     0.000829572     0.000829457     0.000829642     0.000556676     0.000382809     0.000663843
962     0.000253806     0.000727618     0.000727516     0.000727679     0.000485801     0.000330599     0.000581186
966     0.000265778     0.000769315     0.000769207     0.000769379     0.000512452     0.000346868     0.00061407
970     0.000232257     0.000678635     0.000678541     0.000678692     0.000450682     0.000303088     0.000541107
974     0.000234651     0.000692085     0.000691989     0.000692143     0.00045812     0.000305998     0.000551164
978     0.000227468     0.000677251     0.000677157     0.000677308     0.000446823     0.000296392     0.000538689
982     0.000237046     0.000712038     0.000711939     0.000712098     0.000467991     0.000307939     0.00056558
986     0.000210707     0.000639102     0.000639013     0.000639156     0.000419305     0.000274649     0.000507385
990     0.000222679     0.000681308     0.000681214     0.000681365     0.000445952     0.000290652     0.000540428
994     0.000208313     0.000643949     0.00064386     0.000644003     0.000419853     0.000271419     0.000510029
998     0.000208313     0.000649968     0.000649877     0.000650022     0.000422411     0.000271189     0.00051416
1002     0.00017958     0.000565787     0.000565708     0.000565834     0.000366761     0.000233881     0.000447244
1006     0.000186763     0.000594332     0.000594249     0.000594382     0.000384265     0.000243447     0.000469416
1010     0.000174791     0.000561448     0.00056137     0.000561495     0.000362035     0.000227942     0.000443027
1014     0.000189158     0.000613761     0.000613676     0.000613813     0.000394584     0.000246656     0.000483814
1018     0.000170002     0.000556973     0.000556896     0.000557019     0.000357516     0.000222343     0.000438917
1022     0.000172397     0.000570244     0.000570165     0.000570292     0.000364845     0.000224928     0.000448938
1026     0.000146058     0.000488016     0.000487948     0.000488057     0.000310654     0.000189378     0.000383438
1030     0.000165214     0.000557451     0.000557374     0.000557498     0.000354132     0.00021453     0.000437778
1034     0.000148453     0.000505873     0.000505803     0.000505915     0.000321058     0.000193647     0.000397275
1038     0.000138875     0.000478336     0.00047827     0.000478376     0.000302405     0.00018061     0.000375141
1042     0.000138875     0.000483234     0.000483167     0.000483274     0.000303878     0.000179013     0.000378283
1046     0.000146058     0.000512643     0.000512572     0.000512686     0.000322165     0.000189076     0.00040136
1050     0.000143664     0.000510229     0.000510158     0.000510272     0.000320308     0.000186908     0.000399524
1054     0.000136481     0.000488826     0.000488758     0.000488867     0.000306532     0.000178113     0.0003827
1058     0.000129298     0.000467943     0.000467879     0.000467982     0.000292382     0.000168108     0.00036595
1062     0.000114931     0.000420256     0.000420198     0.000420291     0.00026087     0.00014738     0.000327899
1066     0.00011972     0.000442039     0.000441978     0.000442076     0.000274432     0.000154575     0.000345099
1070     0.000102959     0.000383914     0.000383861     0.000383946     0.000237813     0.000132929     0.000299555
1074     0.000100565     0.000379066     0.000379014     0.000379098     0.000233884     0.000129118     0.000295425
1078     0.000129298     0.000492058     0.00049199     0.000492099     0.000303003     0.000166     0.000383339
1082     0.000102959     0.000395643     0.000395589     0.000395676     0.00024271     0.000131223     0.000307927
1086     0.000105354     0.000408734     0.000408677     0.000408768     0.00025003     0.000133877     0.000317869
1090     9.81704e-05     0.000384802     0.000384749     0.000384834     0.00023469     0.000124279     0.000299046
1094     0.000105354     0.000417161     0.000417104     0.000417196     0.000253882     0.00013323     0.000324071
1098     8.85928e-05     0.0003544     0.000354351     0.000354429     0.000215329     0.000112086     0.000275268
1102     9.81704e-05     0.000396517     0.000396462     0.00039655     0.000240437     0.000123859     0.000307946
1106     7.90152e-05     0.000322009     0.000321965     0.000322036     0.000194703     9.92711e-05     0.000249889
1110     9.81704e-05     0.000404329     0.000404273     0.000404363     0.000243468     0.000122267     0.00031341
1114     7.42264e-05     0.00030875     0.000308707     0.000308775     0.000185292     9.18534e-05     0.00023911
1118     7.90152e-05     0.000332161     0.000332115     0.000332189     0.000198906     9.75214e-05     0.000257167
1122     0.000100565     0.000426629     0.00042657     0.000426665     0.000255365     0.000124278     0.000330509
1126     8.3804e-05     0.000359111     0.000359061     0.00035914     0.00021418     0.000102689     0.000277953
1130     7.42264e-05     0.000321131     0.000321087     0.000321158     0.000190742     9.00083e-05     0.000248261
1134     6.22544e-05     0.000272086     0.000272048     0.000272108     0.000161117     7.49718e-05     0.000210209
1138     8.3804e-05     0.000369948     0.000369897     0.000369979     0.000219288     0.0001018     0.00028611
1142     7.66208e-05     0.000341111     0.000341064     0.000341139     0.000201894     9.26578e-05     0.000263858
1146     8.3804e-05     0.000376687     0.000376635     0.000376718     0.000222488     0.000100938     0.000291295
1150     6.22544e-05     0.000282818     0.000282779     0.000282842     0.00016664     7.46062e-05     0.000218626
1154     5.74656e-05     0.000263374     0.000263338     0.000263396     0.000154879     6.85984e-05     0.000203535
1158     4.30992e-05     0.000199573     0.000199545     0.000199589     0.000117061     5.10872e-05     0.00015418
1162     6.94376e-05     0.000324564     0.00032452     0.000324591     0.000189529     8.08787e-05     0.000250493
1166     8.61984e-05     0.000406407     0.000406351     0.000406441     0.000237036     0.000100173     0.000313689
1170     7.90152e-05     0.000376205     0.000376153     0.000376236     0.000219046     9.14473e-05     0.000290363
1174     8.3804e-05     0.000403282     0.000403227     0.000403316     0.000234216     9.61601e-05     0.000311185
1178     6.70432e-05     0.000325189     0.000325144     0.000325216     0.000188502     7.64525e-05     0.000250867
1182     7.66208e-05     0.000375047     0.000374995     0.000375078     0.000216963     8.65661e-05     0.000289342
1186     4.30992e-05     0.000212854     0.000212824     0.000212871     0.00012257     4.77779e-05     0.000164003
1190     5.74656e-05     0.000286463     0.000286423     0.000286486     0.000164609     6.3272e-05     0.000220651
1194     5.50712e-05     0.000277383     0.000277344     0.000277406     0.000159266     6.04268e-05     0.00021378
1198     7.1832e-05     0.000365088     0.000365038     0.000365118     0.000209031     7.78792e-05     0.000281229
1202     5.02824e-05     0.000257934     0.000257898     0.000257955     0.000147336     5.38088e-05     0.000198678
1206     5.26768e-05     0.000272717     0.00027268     0.00027274     0.000155604     5.6093e-05     0.000210116
1210     4.54936e-05     0.000237539     0.000237506     0.000237559     0.000135406     4.82745e-05     0.00018305
1214     4.54936e-05     0.000239864     0.000239831     0.000239883     0.000136445     4.77841e-05     0.000184816
1218     5.50712e-05     0.000292985     0.000292944     0.000293009     0.000165866     5.6364e-05     0.000225482
1222     5.50712e-05     0.000295714     0.000295673     0.000295738     0.000167698     5.67356e-05     0.000227936
1226     4.54936e-05     0.000246576     0.000246542     0.000246597     0.000139429     4.6106e-05     0.000189983
1230     4.54936e-05     0.00024864     0.000248606     0.000248661     0.00014019     4.52995e-05     0.000191486
1234     4.30992e-05     0.000237532     0.000237499     0.000237552     0.000133533     4.20778e-05     0.000182857
1238     4.30992e-05     0.000239846     0.000239813     0.000239865     0.000134553     4.15775e-05     0.000184601
1242     3.83104e-05     0.000214805     0.000214776     0.000214823     0.00012031     3.63647e-05     0.000165377
1246     2.87328e-05     0.000162666     0.000162643     0.000162679     9.10569e-05     2.71415e-05     0.000125294
1250     3.35216e-05     0.000191293     0.000191266     0.000191309     0.000106894     3.12801e-05     0.000147329
1254     4.07048e-05     0.000234505     0.000234472     0.000234524     0.000130648     3.71347e-05     0.000180541
1258     3.83104e-05     0.000222511     0.00022248     0.000222529     0.00012386     3.45802e-05     0.00017138
1262     3.35216e-05     0.000196627     0.0001966     0.000196644     0.000108919     2.90479e-05     0.000151308
1266     3.83104e-05     0.000226568     0.000226537     0.000226587     0.000125343     3.26758e-05     0.000174407
1270     4.30992e-05     0.000256791     0.000256756     0.000256813     0.00014175     3.59884e-05     0.000197637
1274     3.5916e-05     0.000215935     0.000215906     0.000215953     0.000118996     2.9516e-05     0.000166189
1278     3.11272e-05     0.000188876     0.00018885     0.000188892     0.000104051     2.53605e-05     0.000145457
1282     1.91552e-05     0.000117045     0.000117029     0.000117055     6.44136e-05     1.52825e-05     9.01878e-05
1286     3.11272e-05     0.000191935     0.000191908     0.000191951     0.000105249     2.3904e-05     0.000147819
1290     1.67608e-05     0.000104171     0.000104157     0.00010418     5.70757e-05     1.26874e-05     8.02592e-05
1294     2.87328e-05     0.000180124     0.000180099     0.000180138     9.85204e-05     2.12446e-05     0.000138792
1298     3.35216e-05     0.000211868     0.000211839     0.000211885     0.000115514     2.38865e-05     0.000163168
1302     2.63384e-05     0.000167785     0.000167762     0.000167799     9.13356e-05     1.81799e-05     0.000129268
1306     2.3944e-05     0.000153848     0.000153827     0.000153861     8.37407e-05     1.62661e-05     0.00011863
1310     3.5916e-05     0.000232707     0.000232675     0.000232726     0.000126382     2.36476e-05     0.000179406
1314     3.11272e-05     0.00020328     0.000203252     0.000203296     0.000110058     1.95931e-05     0.000156653
1318     2.87328e-05     0.00018912     0.000189094     0.000189135     0.000101992     1.70321e-05     0.000145647
1322     4.7888e-05     0.000317717     0.000317673     0.000317743     0.000171548     2.81146e-05     0.000245027
1326     1.43664e-05     9.60489e-05     9.60357e-05     9.60568e-05     5.18089e-05     8.21351e-06     7.40967e-05
1330     3.11272e-05     0.000209804     0.000209776     0.000209822     0.000112902     1.69791e-05     0.000161834
1334     2.63384e-05     0.000179053     0.000179028     0.000179068     9.60713e-05     1.3566e-05     0.000138069
1338     1.91552e-05     0.000131217     0.000131199     0.000131227     7.04418e-05     9.66293e-06     0.000101291
1342     7.1832e-06     4.96237e-05     4.96169e-05     4.96278e-05     2.65375e-05     3.30574e-06     3.82942e-05
1346     9.5776e-06     6.66837e-05     6.66745e-05     6.66892e-05     3.56512e-05     4.27342e-06     5.1493e-05
1350     2.3944e-05     0.000167953     0.00016793     0.000167967     8.96859e-05     1.01695e-05     0.000129737
1354     2.87328e-05     0.000203191     0.000203163     0.000203208     0.000108301     1.13339e-05     0.000157
1358     3.83104e-05     0.000273044     0.000273006     0.000273066     0.000145378     1.44362e-05     0.000211019
1362     1.1972e-05     8.60152e-05     8.60034e-05     8.60223e-05     4.56593e-05     4.00556e-06     6.64759e-05
1366     7.1832e-06     5.18903e-05     5.18832e-05     5.18946e-05     2.75632e-05     2.34561e-06     4.01383e-05
1370     1.67608e-05     0.000122226     0.00012221     0.000122237     6.49456e-05     5.27965e-06     9.46276e-05
1374     1.43664e-05     0.000105515     0.000105501     0.000105524     5.60026e-05     4.18771e-06     8.17201e-05
1378     1.43664e-05     0.000106384     0.000106369     0.000106392     5.61479e-05     3.29886e-06     8.23087e-05
1382     1.67608e-05     0.00012487     0.000124853     0.00012488     6.5797e-05     3.25406e-06     9.66574e-05
1386     2.15496e-05     0.000161669     0.000161647     0.000161683     8.53349e-05     4.11219e-06     0.000125313
1390     4.7888e-06     3.6181e-05     3.6176e-05     3.6184e-05     1.9107e-05     9.13862e-07     2.80554e-05
1394     2.15496e-05     0.000164113     0.00016409     0.000164126     8.61121e-05     2.35518e-06     0.000127146
1398     1.91552e-05     0.00014704     0.00014702     0.000147052     7.7279e-05     1.99655e-06     0.00011407
1402     2.15496e-05     0.000166616     0.000166593     0.00016663     8.72804e-05     1.12221e-06     0.000129252
1406     7.1832e-06     5.60734e-05     5.60657e-05     5.6078e-05     2.93997e-05     2.42519e-07     4.35553e-05
1410     2.15496e-05     0.000169086     0.000169063     0.0001691     8.85438e-05     2.54128e-07     0.000131347
1414     1.67608e-05     0.00013241     0.000132392     0.000132421     6.91679e-05     -5.29402e-07     0.000102865
1418     1.1972e-05     9.53393e-05     9.53262e-05     9.53472e-05     4.96885e-05     -8.52602e-07     7.40658e-05
1422     7.1832e-06     5.75755e-05     5.75676e-05     5.75802e-05     2.99254e-05     -8.78627e-07     4.47362e-05
1426     1.67608e-05     0.000135441     0.000135422     0.000135452     7.03503e-05     -2.56443e-06     0.000105307
1430     2.3944e-05     0.000194811     0.000194785     0.000194827     0.000101212     -4.14406e-06     0.000151597
1434     1.1972e-05     9.82e-05     9.81865e-05     9.82081e-05     5.09546e-05     -2.63447e-06     7.64816e-05
1438     1.1972e-05     9.87438e-05     9.87302e-05     9.87519e-05     5.12178e-05     -2.75751e-06     7.6912e-05
1442     2.15496e-05     0.000179133     0.000179109     0.000179148     9.30393e-05     -5.36826e-06     0.000139729
1446     1.91552e-05     0.000160289     0.000160267     0.000160302     8.27516e-05     -6.44176e-06     0.000124928
1450     1.91552e-05     0.000161504     0.000161482     0.000161518     8.34049e-05     -6.86715e-06     0.000125984
1454     1.1972e-05     0.000101491     0.000101477     0.0001015     5.2417e-05     -4.47029e-06     7.92085e-05
1458     1.1972e-05     0.000102092     0.000102078     0.0001021     5.27238e-05     -4.80276e-06     7.97424e-05
1462     4.7888e-06     4.12054e-05     4.11998e-05     4.12088e-05     2.12158e-05     -2.22582e-06     3.21882e-05
1466     4.7888e-06     4.14099e-05     4.14042e-05     4.14133e-05     2.12872e-05     -2.46294e-06     3.23663e-05
1470     9.5776e-06     8.35229e-05     8.35114e-05     8.35297e-05     4.29324e-05     -5.1298e-06     6.53148e-05
1474     1.43664e-05     0.000126167     0.00012615     0.000126177     6.48292e-05     -8.19117e-06     9.87374e-05
1478     0     0     0     0     0     0     0
1482     2.3944e-06     2.1224e-05     2.12211e-05     2.12257e-05     1.08928e-05     -1.53939e-06     1.66327e-05
1486     7.1832e-06     6.43761e-05     6.43673e-05     6.43814e-05     3.30274e-05     -4.85844e-06     5.04796e-05
1490     4.7888e-06     4.32029e-05     4.3197e-05     4.32064e-05     2.21327e-05     -3.55146e-06     3.39097e-05
1494     0     0     0     0     0     0     0
1498     1.1972e-05     0.000109377     0.000109362     0.000109386     5.58158e-05     -9.89384e-06     8.5841e-05
1502     1.91552e-05     0.000176199     0.000176174     0.000176213     9.01278e-05     -1.61599e-05     0.000138523
1506     9.5776e-06     8.85573e-05     8.85451e-05     8.85646e-05     4.52609e-05     -8.37761e-06     6.96414e-05
1510     2.3944e-06     2.23298e-05     2.23268e-05     2.23317e-05     1.14018e-05     -2.26861e-06     1.75828e-05
1514     2.3944e-06     2.24307e-05     2.24276e-05     2.24325e-05     1.14533e-05     -2.27886e-06     1.76623e-05
1518     9.5776e-06     9.02905e-05     9.02781e-05     9.02979e-05     4.59664e-05     -9.83949e-06     7.11094e-05
1522     1.43664e-05     0.000136222     0.000136204     0.000136233     6.94837e-05     -1.50986e-05     0.000107454
1526     9.5776e-06     9.15302e-05     9.15177e-05     9.15377e-05     4.65702e-05     -1.07802e-05     7.22244e-05
1530     2.3944e-06     2.30347e-05     2.30315e-05     2.30366e-05     1.16848e-05     -2.88579e-06     1.81797e-05
1534     9.5776e-06     9.25055e-05     9.24928e-05     9.2513e-05     4.69254e-05     -1.15891e-05     7.30084e-05
1538     1.43664e-05     0.000139827     0.000139808     0.000139838     7.09326e-05     -1.80859e-05     0.000110473
1542     9.5776e-06     9.38984e-05     9.38855e-05     9.39061e-05     4.76178e-05     -1.25727e-05     7.42563e-05
1546     4.7888e-06     4.72803e-05     4.72738e-05     4.72841e-05     2.39259e-05     -6.64442e-06     3.74071e-05
1550     2.3944e-06     2.38187e-05     2.38154e-05     2.38207e-05     1.20663e-05     -3.41808e-06     1.88699e-05
1554     9.5776e-06     9.56274e-05     9.56143e-05     9.56353e-05     4.84239e-05     -1.38695e-05     7.57704e-05
1558     4.7888e-06     4.81045e-05     4.80979e-05     4.81085e-05     2.43294e-05     -7.19751e-06     3.81326e-05
1562     7.1832e-06     7.2589e-05     7.2579e-05     7.25949e-05     3.6746e-05     -1.10961e-05     5.76152e-05
1566     2.3944e-06     2.44001e-05     2.43968e-05     2.44021e-05     1.23096e-05     -3.93172e-06     1.9369e-05
1570     4.7888e-06     4.89422e-05     4.89355e-05     4.89462e-05     2.47171e-05     -7.93133e-06     3.88819e-05
1574     9.5776e-06     9.8495e-05     9.84814e-05     9.8503e-05     4.97708e-05     -1.62168e-05     7.83211e-05
1578     0     0     0     0     0     0     0
1582     7.1832e-06     7.47024e-05     7.46922e-05     7.47085e-05     3.77257e-05     -1.29211e-05     5.94996e-05
1586     4.7888e-06     5.02663e-05     5.02594e-05     5.02704e-05     2.53523e-05     -8.99377e-06     4.00636e-05
1590     9.5776e-06     0.000100717     0.000100704     0.000100726     5.07977e-05     -1.80206e-05     8.02744e-05
1594     2.3944e-06     2.53373e-05     2.53338e-05     2.53394e-05     1.27876e-05     -4.62525e-06     2.02187e-05
1598     2.3944e-06     2.55802e-05     2.55767e-05     2.55823e-05     1.28771e-05     -4.862e-06     2.04195e-05
1602     7.1832e-06     7.71006e-05     7.709e-05     7.71069e-05     3.88634e-05     -1.48794e-05     6.16298e-05
1606     2.3944e-06     2.58789e-05     2.58754e-05     2.58811e-05     1.30411e-05     -5.11825e-06     2.07059e-05
1610     4.7888e-06     5.20081e-05     5.2001e-05     5.20124e-05     2.62411e-05     -1.03262e-05     4.16466e-05
1614     7.1832e-06     7.83296e-05     7.83188e-05     7.8336e-05     3.95711e-05     -1.56127e-05     6.2776e-05
1618     9.5776e-06     0.000104979     0.000104964     0.000104987     5.28666e-05     -2.18006e-05     8.41495e-05
1622     0     0     0     0     0     0     0
1626     0     0     0     0     0     0     0
1630     4.7888e-06     5.33641e-05     5.33568e-05     5.33685e-05     2.68601e-05     -1.16063e-05     4.28565e-05
1634     1.1972e-05     0.000134324     0.000134306     0.000134335     6.76551e-05     -2.97243e-05     0.000108002
1638     2.3944e-06     2.70351e-05     2.70314e-05     2.70373e-05     1.35761e-05     -6.2088e-06     2.17425e-05
1642     4.7888e-06     5.44371e-05     5.44296e-05     5.44415e-05     2.73582e-05     -1.27027e-05     4.38327e-05
1646     4.7888e-06     5.46236e-05     5.46161e-05     5.46281e-05     2.74419e-05     -1.29013e-05     4.40008e-05
1650     7.1832e-06     8.24261e-05     8.24148e-05     8.24329e-05     4.14337e-05     -1.97351e-05     6.64611e-05
1654     7.1832e-06     8.30342e-05     8.30228e-05     8.30409e-05     4.17507e-05     -2.03797e-05     6.7045e-05
1658     2.3944e-06     2.78305e-05     2.78267e-05     2.78328e-05     1.39822e-05     -6.90287e-06     2.24743e-05
1662     2.3944e-06     2.80058e-05     2.8002e-05     2.80081e-05     1.41236e-05     -6.95024e-06     2.26595e-05
1666     0     0     0     0     0     0     0
1670     0     0     0     0     0     0     0
1674     0     0     0     0     0     0     0
1678     2.3944e-06     2.86114e-05     2.86075e-05     2.86137e-05     1.43978e-05     -7.5959e-06     2.32056e-05
1682     0     0     0     0     0     0     0
1686     2.3944e-06     2.89155e-05     2.89115e-05     2.89179e-05     1.45438e-05     -7.98254e-06     2.34953e-05
1690     1.43664e-05     0.000174318     0.000174294     0.000174332     8.76739e-05     -4.87061e-05     0.000141733
1694     2.3944e-06     2.91738e-05     2.91698e-05     2.91762e-05     1.46728e-05     -8.20017e-06     2.37281e-05
1698     0     0     0     0     0     0     0
1702     2.3944e-06     2.94334e-05     2.94294e-05     2.94358e-05     1.47913e-05     -8.60018e-06     2.39815e-05
1706     4.7888e-06     5.94017e-05     5.93936e-05     5.94066e-05     2.98656e-05     -1.76263e-05     4.84511e-05
1710     9.5776e-06     0.000119275     0.000119259     0.000119285     6.00191e-05     -3.5724e-05     9.73777e-05
1714     2.3944e-06     3.00356e-05     3.00315e-05     3.00381e-05     1.5149e-05     -9.09812e-06     2.45642e-05
1718     1.43664e-05     0.000180742     0.000180717     0.000180756     9.11601e-05     -5.47486e-05     0.000147817
1722     2.3944e-06     3.03163e-05     3.03121e-05     3.03188e-05     1.53126e-05     -9.28418e-06     2.48259e-05
1726     4.7888e-06     6.08439e-05     6.08355e-05     6.08488e-05     3.07066e-05     -1.88572e-05     4.98393e-05
1730     0     0     0     0     0     0     0
1734     0     0     0     0     0     0     0
1738     2.3944e-06     3.08449e-05     3.08407e-05     3.08474e-05     1.55793e-05     -9.93077e-06     2.53313e-05
1742     4.7888e-06     6.21708e-05     6.21623e-05     6.21759e-05     3.15278e-05     -2.002e-05     5.11532e-05
1746     2.3944e-06     3.12486e-05     3.12443e-05     3.12511e-05     1.57868e-05     -1.03862e-05     2.57128e-05
1750     0     0     0     0     0     0     0
1754     0     0     0     0     0     0     0
1758     2.3944e-06     3.17394e-05     3.17351e-05     3.1742e-05     1.60712e-05     -1.07931e-05     2.61794e-05
1762     2.3944e-06     3.19132e-05     3.19088e-05     3.19158e-05     1.61732e-05     -1.09882e-05     2.63527e-05
1766     4.7888e-06     6.41101e-05     6.41013e-05     6.41153e-05     3.2399e-05     -2.26667e-05     5.29558e-05
1770     4.7888e-06     6.42644e-05     6.42556e-05     6.42697e-05     3.24769e-05     -2.27213e-05     5.30833e-05
1774     4.7888e-06     6.46725e-05     6.46636e-05     6.46778e-05     3.27757e-05     -2.29698e-05     5.35036e-05
1778     2.3944e-06     3.2548e-05     3.25436e-05     3.25507e-05     1.64991e-05     -1.1731e-05     2.69534e-05
1782     0     0     0     0     0     0     0
1786     0     0     0     0     0     0     0
1790     9.5776e-06     0.000131972     0.000131954     0.000131983     6.71058e-05     -4.90145e-05     0.000109639
1794     0     0     0     0     0     0     0
1798     4.7888e-06     6.6576e-05     6.65669e-05     6.65814e-05     3.39275e-05     -2.49908e-05     5.53994e-05
1802     2.3944e-06     3.33714e-05     3.33668e-05     3.33741e-05     1.69821e-05     -1.27799e-05     2.77855e-05
1806     0     0     0     0     0     0     0
1810     0     0     0     0     0     0     0
1814     4.7888e-06     6.77522e-05     6.7743e-05     6.77578e-05     3.45209e-05     -2.6601e-05     5.65284e-05
1818     2.3944e-06     3.41281e-05     3.41235e-05     3.41309e-05     1.73864e-05     -1.3604e-05     2.84992e-05
1822     2.3944e-06     3.41767e-05     3.4172e-05     3.41795e-05     1.74385e-05     -1.37417e-05     2.85745e-05
1826     2.3944e-06     3.44645e-05     3.44597e-05     3.44673e-05     1.7618e-05     -1.3964e-05     2.88521e-05
1830     2.3944e-06     3.45805e-05     3.45758e-05     3.45834e-05     1.76952e-05     -1.41619e-05     2.89811e-05
1834     9.5776e-06     0.000138946     0.000138927     0.000138958     7.11373e-05     -5.69992e-05     0.000116486
1838     7.1832e-06     0.00010454     0.000104526     0.000104548     5.3605e-05     -4.31013e-05     8.77283e-05
1842     4.7888e-06     7.00761e-05     7.00665e-05     7.00818e-05     3.58758e-05     -2.94586e-05     5.88382e-05
1846     0     0     0     0     0     0     0
1850     2.3944e-06     3.54542e-05     3.54494e-05     3.54571e-05     1.81981e-05     -1.51849e-05     2.98364e-05
1854     4.7888e-06     7.10692e-05     7.10595e-05     7.1075e-05     3.64788e-05     -3.04386e-05     5.98081e-05
1858     0     0     0     0     0     0     0
1862     4.7888e-06     7.17061e-05     7.16963e-05     7.1712e-05     3.69731e-05     -3.10865e-05     6.0504e-05
1866     0     0     0     0     0     0     0
1870     2.3944e-06     3.61886e-05     3.61836e-05     3.61916e-05     1.86361e-05     -1.59701e-05     3.05531e-05
1874     4.7888e-06     7.26082e-05     7.25983e-05     7.26141e-05     3.74808e-05     -3.22109e-05     6.13829e-05
1878     0     0     0     0     0     0     0
1882     2.3944e-06     3.67079e-05     3.67028e-05     3.67108e-05     1.89512e-05     -1.67166e-05     3.10856e-05
1886     0     0     0     0     0     0     0
1890     0     0     0     0     0     0     0
1894     0     0     0     0     0     0     0
1898     0     0     0     0     0     0     0
1902     0     0     0     0     0     0     0
1906     0     0     0     0     0     0     0
1910     2.3944e-06     3.77689e-05     3.77638e-05     3.7772e-05     1.96554e-05     -1.7876e-05     3.21666e-05
1914     0     0     0     0     0     0     0
1918     0     0     0     0     0     0     0
1922     0     0     0     0     0     0     0
1926     0     0     0     0     0     0     0
1930     0     0     0     0     0     0     0
1934     2.3944e-06     3.88296e-05     3.88243e-05     3.88328e-05     2.03521e-05     -1.91246e-05     3.32476e-05
1938     0     0     0     0     0     0     0
1942     2.3944e-06     3.90943e-05     3.9089e-05     3.90975e-05     2.05458e-05     -1.95678e-05     3.35432e-05
1946     2.3944e-06     3.92954e-05     3.929e-05     3.92986e-05     2.07046e-05     -1.97469e-05     3.37582e-05
1950     0     0     0     0     0     0     0
1954     0     0     0     0     0     0     0
1958     0     0     0     0     0     0     0
1962     0     0     0     0     0     0     0
1966     2.3944e-06     4.00796e-05     4.00741e-05     4.00829e-05     2.12108e-05     -2.05938e-05     3.45388e-05
1970     2.3944e-06     4.02995e-05     4.02939e-05     4.03027e-05     2.12892e-05     -2.10728e-05     3.47421e-05
1974     0     0     0     0     0     0     0
1978     2.3944e-06     4.06622e-05     4.06566e-05     4.06655e-05     2.15594e-05     -2.1521e-05     3.51306e-05
1982     0     0     0     0     0     0     0
1986     2.3944e-06     4.09607e-05     4.09551e-05     4.0964e-05     2.17949e-05     -2.19444e-05     3.54633e-05
1990     0     0     0     0     0     0     0
1994     0     0     0     0     0     0     0
1998     0     0     0     0     0     0     0
2002     4.7888e-06     8.34143e-05     8.34029e-05     8.34211e-05     8.70985e-05     9.036e-05     8.53099e-05
2006     0     0     0     0     0     0     0
2010     2.3944e-06     4.19793e-05     4.19736e-05     4.19827e-05     4.38334e-05     4.54748e-05     4.29333e-05
2014     0     0     0     0     0     0     0
2018     0     0     0     0     0     0     0
2022     2.3944e-06     4.25366e-05     4.25307e-05     4.254e-05     4.44153e-05     4.60785e-05     4.35032e-05
2026     0     0     0     0     0     0     0
2030     0     0     0     0     0     0     0
2034     2.3944e-06     4.29026e-05     4.28968e-05     4.29061e-05     4.47975e-05     4.6475e-05     4.38776e-05
2038     2.3944e-06     4.32334e-05     4.32275e-05     4.32369e-05     4.51429e-05     4.68333e-05     4.42159e-05
2042     0     0     0     0     0     0     0
2046     0     0     0     0     0     0     0
2050     0     0     0     0     0     0     0
2054     0     0     0     0     0     0     0
2058     2.3944e-06     4.40433e-05     4.40373e-05     4.40469e-05     4.59886e-05     4.77107e-05     4.50442e-05
2062     0     0     0     0     0     0     0
2066     0     0     0     0     0     0     0
2070     2.3944e-06     4.44801e-05     4.4474e-05     4.44837e-05     4.64446e-05     4.81838e-05     4.54909e-05
2074     0     0     0     0     0     0     0
2078     0     0     0     0     0     0     0
2082     0     0     0     0     0     0     0
2086     0     0     0     0     0     0     0
2090     2.3944e-06     4.543e-05     4.54238e-05     4.54337e-05     4.74365e-05     4.92129e-05     4.64624e-05
2094     2.3944e-06     4.54732e-05     4.5467e-05     4.54769e-05     4.74816e-05     4.92596e-05     4.65066e-05
2098     0     0     0     0     0     0     0
2102     0     0     0     0     0     0     0
2106     4.7888e-06     9.21886e-05     9.2176e-05     9.21961e-05     9.62603e-05     9.98649e-05     9.42836e-05
2110     0     0     0     0     0     0     0
2114     0     0     0     0     0     0     0
2118     2.3944e-06     4.64889e-05     4.64825e-05     4.64927e-05     4.85422e-05     5.03599e-05     4.75454e-05
2122     2.3944e-06     4.67273e-05     4.67209e-05     4.67311e-05     4.87911e-05     5.06181e-05     4.77892e-05
2126     0     0     0     0     0     0     0
2130     4.7888e-06     9.40171e-05     9.40043e-05     9.40248e-05     9.81696e-05     0.000101846     9.61537e-05
2134     2.3944e-06     4.72302e-05     4.72237e-05     4.7234e-05     4.93162e-05     5.11629e-05     4.83035e-05
2138     0     0     0     0     0     0     0
2142     4.7888e-06     9.5057e-05     9.5044e-05     9.50648e-05     9.92554e-05     0.000102972     9.72172e-05
2146     0     0     0     0     0     0     0
2150     0     0     0     0     0     0     0
2154     0     0     0     0     0     0     0
2158     0     0     0     0     0     0     0
2162     4.7888e-06     9.68053e-05     9.6792e-05     9.68132e-05     0.000101081     0.000104866     9.90052e-05
2166     0     0     0     0     0     0     0
2170     0     0     0     0     0     0     0
2174     0     0     0     0     0     0     0
2178     0     0     0     0     0     0     0
2182     0     0     0     0     0     0     0
2186     0     0     0     0     0     0     0
2190     0     0     0     0     0     0     0
2194     0     0     0     0     0     0     0
2198     0     0     0     0     0     0     0
2202     0     0     0     0     0     0     0
2206     0     0     0     0     0     0     0
2210     0     0     0     0     0     0     0
2214     0     0     0     0     0     0     0
2218     0     0     0     0     0     0     0
2222     2.3944e-06     5.10517e-05     5.10447e-05     5.10558e-05     5.33065e-05     5.53026e-05     5.22118e-05
2226     2.3944e-06     5.11633e-05     5.11562e-05     5.11674e-05     5.3423e-05     5.54235e-05     5.2326e-05
2230     0     0     0     0     0     0     0
2234     0     0     0     0     0     0     0
2238     0     0     0     0     0     0     0
2242     0     0     0     0     0     0     0
2246     0     0     0     0     0     0     0
2250     0     0     0     0     0     0     0
2254     0     0     0     0     0     0     0
2258     0     0     0     0     0     0     0
2262     0     0     0     0     0     0     0
2266     0     0     0     0     0     0     0
2270     0     0     0     0     0     0     0
2274     0     0     0     0     0     0     0
2278     0     0     0     0     0     0     0
2282     0     0     0     0     0     0     0
2286     0     0     0     0     0     0     0
2290     0     0     0     0     0     0     0
2294     0     0     0     0     0     0     0
2298     0     0     0     0     0     0     0
2302     0     0     0     0     0     0     0
2306     0     0     0     0     0     0     0
2310     0     0     0     0     0     0     0
2314     0     0     0     0     0     0     0
2318     0     0     0     0     0     0     0
2322     0     0     0     0     0     0     0
2326     0     0     0     0     0     0     0
2330     0     0     0     0     0     0     0
2334     0     0     0     0     0     0     0
2338     0     0     0     0     0     0     0
2342     0     0     0     0     0     0     0
2346     0     0     0     0     0     0     0
2350     0     0     0     0     0     0     0
2354     0     0     0     0     0     0     0
2358     0     0     0     0     0     0     0
2362     0     0     0     0     0     0     0
2366     0     0     0     0     0     0     0
2370     0     0     0     0     0     0     0
2374     0     0     0     0     0     0     0
2378     0     0     0     0     0     0     0
2382     0     0     0     0     0     0     0
2386     0     0     0     0     0     0     0
2390     0     0     0     0     0     0     0
2394     0     0     0     0     0     0     0
2398     0     0     0     0     0     0     0
2402     0     0     0     0     0     0     0
2406     0     0     0     0     0     0     0
2410     0     0     0     0     0     0     0
2414     0     0     0     0     0     0     0
2418     0     0     0     0     0     0     0
2422     0     0     0     0     0     0     0
2426     0     0     0     0     0     0     0
2430     0     0     0     0     0     0     0
2434     0     0     0     0     0     0     0
2438     0     0     0     0     0     0     0
2442     0     0     0     0     0     0     0
2446     0     0     0     0     0     0     0
2450     0     0     0     0     0     0     0
2454     0     0     0     0     0     0     0
2458     0     0     0     0     0     0     0
2462     0     0     0     0     0     0     0
2466     0     0     0     0     0     0     0
2470     0     0     0     0     0     0     0
2474     0     0     0     0     0     0     0
2478     0     0     0     0     0     0     0
2482     0     0     0     0     0     0     0
2486     0     0     0     0     0     0     0
2490     0     0     0     0     0     0     0
2494     0     0     0     0     0     0     0
2498     0     0     0     0     0     0     0
2502     0     0     0     0     0     0     0
2506     0     0     0     0     0     0     0
2510     0     0     0     0     0     0     0
2514     0     0     0     0     0     0     0
2518     0     0     0     0     0     0     0
2522     0     0     0     0     0     0     0
2526     0     0     0     0     0     0     0
2530     0     0     0     0     0     0     0
2534     0     0     0     0     0     0     0
2538     0     0     0     0     0     0     0
2542     0     0     0     0     0     0     0
2546     0     0     0     0     0     0     0
2550     0     0     0     0     0     0     0
2554     0     0     0     0     0     0     0
2558     0     0     0     0     0     0     0
2562     0     0     0     0     0     0     0
2566     0     0     0     0     0     0     0
2570     0     0     0     0     0     0     0
2574     0     0     0     0     0     0     0
2578     0     0     0     0     0     0     0
2582     0     0     0     0     0     0     0
2586     0     0     0     0     0     0     0
2590     0     0     0     0     0     0     0
2594     0     0     0     0     0     0     0
2598     0     0     0     0     0     0     0
2602     0     0     0     0     0     0     0
2606     0     0     0     0     0     0     0
2610     0     0     0     0     0     0     0
2614     0     0     0     0     0     0     0
2618     0     0     0     0     0     0     0
2622     0     0     0     0     0     0     0
2626     0     0     0     0     0     0     0
2630     0     0     0     0     0     0     0
2634     0     0     0     0     0     0     0
2638     0     0     0     0     0     0     0
2642     0     0     0     0     0     0     0
2646     0     0     0     0     0     0     0
2650     0     0     0     0     0     0     0
2654     0     0     0     0     0     0     0
2658     0     0     0     0     0     0     0
2662     0     0     0     0     0     0     0
2666     0     0     0     0     0     0     0
2670     0     0     0     0     0     0     0
2674     0     0     0     0     0     0     0
2678     0     0     0     0     0     0     0
2682     0     0     0     0     0     0     0
2686     0     0     0     0     0     0     0
2690     0     0     0     0     0     0     0
2694     0     0     0     0     0     0     0
2698     0     0     0     0     0     0     0
2702     0     0     0     0     0     0     0
2706     0     0     0     0     0     0     0
2710     0     0     0     0     0     0     0
2714     0     0     0     0     0     0     0
2718     0     0     0     0     0     0     0
2722     0     0     0     0     0     0     0
2726     0     0     0     0     0     0     0
2730     0     0     0     0     0     0     0
2734     0     0     0     0     0     0     0
2738     0     0     0     0     0     0     0
2742     0     0     0     0     0     0     0
2746     0     0     0     0     0     0     0
2750     0     0     0     0     0     0     0
2754     0     0     0     0     0     0     0
2758     0     0     0     0     0     0     0
2762     0     0     0     0     0     0     0
2766     0     0     0     0     0     0     0
2770     0     0     0     0     0     0     0
2774     0     0     0     0     0     0     0
2778     0     0     0     0     0     0     0
2782     0     0     0     0     0     0     0
2786     0     0     0     0     0     0     0
2790     0     0     0     0     0     0     0
2794     0     0     0     0     0     0     0
2798     0     0     0     0     0     0     0
2802     0     0     0     0     0     0     0
2806     0     0     0     0     0     0     0
2810     0     0     0     0     0     0     0
2814     0     0     0     0     0     0     0
2818     0     0     0     0     0     0     0
2822     0     0     0     0     0     0     0
2826     0     0     0     0     0     0     0
2830     0     0     0     0     0     0     0
2834     0     0     0     0     0     0     0
2838     0     0     0     0     0     0     0
2842     0     0     0     0     0     0     0
2846     0     0     0     0     0     0     0
2850     0     0     0     0     0     0     0
2854     0     0     0     0     0     0     0
2858     0     0     0     0     0     0     0
2862     0     0     0     0     0     0     0
2866     0     0     0     0     0     0     0
2870     0     0     0     0     0     0     0
2874     0     0     0     0     0     0     0
2878     0     0     0     0     0     0     0
2882     0     0     0     0     0     0     0
2886     0     0     0     0     0     0     0
2890     0     0     0     0     0     0     0
2894     0     0     0     0     0     0     0
2898     0     0     0     0     0     0     0
2902     0     0     0     0     0     0     0
2906     0     0     0     0     0     0     0
2910     0     0     0     0     0     0     0
2914     0     0     0     0     0     0     0
2918     0     0     0     0     0     0     0
2922     0     0     0     0     0     0     0
2926     0     0     0     0     0     0     0
2930     0     0     0     0     0     0     0
2934     0     0     0     0     0     0     0
2938     0     0     0     0     0     0     0
2942     0     0     0     0     0     0     0
2946     0     0     0     0     0     0     0
2950     0     0     0     0     0     0     0
2954     0     0     0     0     0     0     0
2958     0     0     0     0     0     0     0
2962     0     0     0     0     0     0     0
2966     0     0     0     0     0     0     0
2970     0     0     0     0     0     0     0
2974     0     0     0     0     0     0     0
2978     0     0     0     0     0     0     0
2982     0     0     0     0     0     0     0
2986     0     0     0     0     0     0     0
2990     0     0     0     0     0     0     0
2994     0     0     0     0     0     0     0
2998     0     0     0     0     0     0     0
3002     0     0     0     0     0     0     0
3006     0     0     0     0     0     0     0
3010     0     0     0     0     0     0     0
3014     0     0     0     0     0     0     0
3018     0     0     0     0     0     0     0
3022     0     0     0     0     0     0     0
3026     0     0     0     0     0     0     0
3030     0     0     0     0     0     0     0
3034     0     0     0     0     0     0     0
3038     0     0     0     0     0     0     0
3042     0     0     0     0     0     0     0
3046     0     0     0     0     0     0     0
3050     0     0     0     0     0     0     0
3054     0     0     0     0     0     0     0
3058     0     0     0     0     0     0     0
3062     0     0     0     0     0     0     0
3066     0     0     0     0     0     0     0
3070     0     0     0     0     0     0     0
3074     0     0     0     0     0     0     0
3078     0     0     0     0     0     0     0
3082     0     0     0     0     0     0     0
3086     0     0     0     0     0     0     0
3090     0     0     0     0     0     0     0
3094     0     0     0     0     0     0     0
3098     0     0     0     0     0     0     0
3102     0     0     0     0     0     0     0
3106     0     0     0     0     0     0     0
3110     0     0     0     0     0     0     0
3114     0     0     0     0     0     0     0
3118     0     0     0     0     0     0     0
3122     0     0     0     0     0     0     0
3126     0     0     0     0     0     0     0
3130     0     0     0     0     0     0     0
3134     0     0     0     0     0     0     0
3138     0     0     0     0     0     0     0
3142     0     0     0     0     0     0     0
3146     0     0     0     0     0     0     0
3150     0     0     0     0     0     0     0
3154     0     0     0     0     0     0     0
3158     0     0     0     0     0     0     0
3162     0     0     0     0     0     0     0
3166     0     0     0     0     0     0     0
3170     0     0     0     0     0     0     0
3174     0     0     0     0     0     0     0
3178     0     0     0     0     0     0     0
3182     0     0     0     0     0     0     0
3186     0     0     0     0     0     0     0
3190     0     0     0     0     0     0     0
3194     0     0     0     0     0     0     0
3198     0     0     0     0     0     0     0
3202     0     0     0     0     0     0     0
3206     0     0     0     0     0     0     0
3210     0     0     0     0     0     0     0
3214     0     0     0     0     0     0     0
3218     0     0     0     0     0     0     0
3222     0     0     0     0     0     0     0
3226     0     0     0     0     0     0     0
3230     0     0     0     0     0     0     0
3234     0     0     0     0     0     0     0
3238     0     0     0     0     0     0     0
3242     0     0     0     0     0     0     0
3246     0     0     0     0     0     0     0
3250     0     0     0     0     0     0     0
3254     0     0     0     0     0     0     0
3258     0     0     0     0     0     0     0
3262     0     0     0     0     0     0     0
3266     0     0     0     0     0     0     0
3270     0     0     0     0     0     0     0
3274     0     0     0     0     0     0     0
3278     0     0     0     0     0     0     0
3282     0     0     0     0     0     0     0
3286     0     0     0     0     0     0     0
3290     0     0     0     0     0     0     0
3294     0     0     0     0     0     0     0
3298     0     0     0     0     0     0     0
3302     0     0     0     0     0     0     0
3306     0     0     0     0     0     0     0
3310     0     0     0     0     0     0     0
3314     0     0     0     0     0     0     0
3318     0     0     0     0     0     0     0
3322     0     0     0     0     0     0     0
3326     0     0     0     0     0     0     0
3330     0     0     0     0     0     0     0
3334     0     0     0     0     0     0     0
3338     0     0     0     0     0     0     0
3342     0     0     0     0     0     0     0
3346     0     0     0     0     0     0     0
3350     0     0     0     0     0     0     0
3354     0     0     0     0     0     0     0
3358     0     0     0     0     0     0     0
3362     0     0     0     0     0     0     0
3366     0     0     0     0     0     0     0
3370     0     0     0     0     0     0     0
3374     0     0     0     0     0     0     0
3378     0     0     0     0     0     0     0
3382     0     0     0     0     0     0     0
3386     0     0     0     0     0     0     0
3390     0     0     0     0     0     0     0
3394     0     0     0     0     0     0     0
3398     0     0     0     0     0     0     0
3402     0     0     0     0     0     0     0
3406     0     0     0     0     0     0     0
3410     0     0     0     0     0     0     0
3414     0     0     0     0     0     0     0
3418     0     0     0     0     0     0     0
3422     0     0     0     0     0     0     0
3426     0     0     0     0     0     0     0
3430     0     0     0     0     0     0     0
3434     0     0     0     0     0     0     0
3438     0     0     0     0     0     0     0
3442     0     0     0     0     0     0     0
3446     0     0     0     0     0     0     0
3450     0     0     0     0     0     0     0
3454     0     0     0     0     0     0     0
3458     0     0     0     0     0     0     0
3462     0     0     0     0     0     0     0
3466     0     0     0     0     0     0     0
3470     0     0     0     0     0     0     0
3474     0     0     0     0     0     0     0
3478     0     0     0     0     0     0     0
3482     0     0     0     0     0     0     0
3486     0     0     0     0     0     0     0
3490     0     0     0     0     0     0     0
3494     0     0     0     0     0     0     0
3498     0     0     0     0     0     0     0
3502     0     0     0     0     0     0     0
3506     0     0     0     0     0     0     0
3510     0     0     0     0     0     0     0
3514     0     0     0     0     0     0     0
3518     0     0     0     0     0     0     0
3522     0     0     0     0     0     0     0
3526     0     0     0     0     0     0     0
3530     0     0     0     0     0     0     0
3534     0     0     0     0     0     0     0
3538     0     0     0     0     0     0     0
3542     0     0     0     0     0     0     0
3546     0     0     0     0     0     0     0
3550     0     0     0     0     0     0     0
3554     0     0     0     0     0     0     0
3558     0     0     0     0     0     0     0
3562     0     0     0     0     0     0     0
3566     0     0     0     0     0     0     0
3570     0     0     0     0     0     0     0
3574     0     0     0     0     0     0     0
3578     0     0     0     0     0     0     0
3582     0     0     0     0     0     0     0
3586     0     0     0     0     0     0     0
3590     0     0     0     0     0     0     0
3594     0     0     0     0     0     0     0
3598     0     0     0     0     0     0     0
3602     0     0     0     0     0     0     0
3606     0     0     0     0     0     0     0
3610     0     0     0     0     0     0     0
3614     0     0     0     0     0     0     0
3618     0     0     0     0     0     0     0
3622     0     0     0     0     0     0     0
3626     0     0     0     0     0     0     0
3630     0     0     0     0     0     0     0
3634     0     0     0     0     0     0     0
3638     0     0     0     0     0     0     0
3642     0     0     0     0     0     0     0
3646     0     0     0     0     0     0     0
3650     0     0     0     0     0     0     0
3654     0     0     0     0     0     0     0
3658     0     0     0     0     0     0     0
3662     0     0     0     0     0     0     0
3666     0     0     0     0     0     0     0
3670     0     0     0     0     0     0     0
3674     0     0     0     0     0     0     0
3678     0     0     0     0     0     0     0
3682     0     0     0     0     0     0     0
3686     0     0     0     0     0     0     0
3690     0     0     0     0     0     0     0
3694     0     0     0     0     0     0     0
3698     0     0     0     0     0     0     0
3702     0     0     0     0     0     0     0
3706     0     0     0     0     0     0     0
3710     0     0     0     0     0     0     0
3714     0     0     0     0     0     0     0
3718     0     0     0     0     0     0     0
3722     0     0     0     0     0     0     0
3726     0     0     0     0     0     0     0
3730     0     0     0     0     0     0     0
3734     0     0     0     0     0     0     0
3738     0     0     0     0     0     0     0
3742     0     0     0     0     0     0     0
3746     0     0     0     0     0     0     0
3750     0     0     0     0     0     0     0
3754     0     0     0     0     0     0     0
3758     0     0     0     0     0     0     0
3762     0     0     0     0     0     0     0
3766     0     0     0     0     0     0     0
3770     0     0     0     0     0     0     0
3774     0     0     0     0     0     0     0
3778     0     0     0     0     0     0     0
3782     0     0     0     0     0     0     0
3786     0     0     0     0     0     0     0
3790     0     0     0     0     0     0     0
3794     0     0     0     0     0     0     0
3798     0     0     0     0     0     0     0
3802     0     0     0     0     0     0     0
3806     0     0     0     0     0     0     0
3810     0     0     0     0     0     0     0
3814     0     0     0     0     0     0     0
3818     0     0     0     0     0     0     0
3822     0     0     0     0     0     0     0
3826     0     0     0     0     0     0     0
3830     0     0     0     0     0     0     0
3834     0     0     0     0     0     0     0
3838     0     0     0     0     0     0     0
3842     0     0     0     0     0     0     0
3846     0     0     0     0     0     0     0
3850     0     0     0     0     0     0     0
3854     0     0     0     0     0     0     0
3858     0     0     0     0     0     0     0
3862     0     0     0     0     0     0     0
3866     0     0     0     0     0     0     0
3870     0     0     0     0     0     0     0
3874     0     0     0     0     0     0     0
3878     0     0     0     0     0     0     0
3882     0     0     0     0     0     0     0
3886     0     0     0     0     0     0     0
3890     0     0     0     0     0     0     0
3894     0     0     0     0     0     0     0
3898     0     0     0     0     0     0     0
3902     0     0     0     0     0     0     0
3906     0     0     0     0     0     0     0
3910     0     0     0     0     0     0     0
3914     0     0     0     0     0     0     0
3918     0     0     0     0     0     0     0
3922     0     0     0     0     0     0     0
3926     0     0     0     0     0     0     0
3930     0     0     0     0     0     0     0
3934     0     0     0     0     0     0     0
3938     0     0     0     0     0     0     0
3942     0     0     0     0     0     0     0
3946     0     0     0     0     0     0     0
3950     0     0     0     0     0     0     0
3954     0     0     0     0     0     0     0
3958     0     0     0     0     0     0     0
3962     0     0     0     0     0     0     0
3966     0     0     0     0     0     0     0
3970     0     0     0     0     0     0     0
3974     0     0     0     0     0     0     0
3978     0     0     0     0     0     0     0
3982     0     0     0     0     0     0     0
3986     0     0     0     0     0     0     0
3990     0     0     0     0     0     0     0
3994     0     0     0     0     0     0     0
3998     0     0     0     0     0     0     0
